18856
426719
96089
95749
85830
82083
67436
83727
73909
67336
81523
75822
76954
78808
75251
72466
84919
82345
72505
79949
78537
84417
82885
80671
72776
81994
76843
77104
80090
123050
114024
78898
78397
84428
74500
78357
92503
75230
75301
82474
78727
74309
82424
82294
75591
82123
79578
76944
81542
82394
74860
83566
83075
78737
80861
73858
80511
81653
75090
80190
80240
75180
82685
82714
75081
83436
78206
74779
82705
77445
80140
77405
73798
81393
79239
73418
79669
80511
74009
76152
79429
74639
82264
79749
72004
79779
77835
73888
78096
80641
72887
83306
81622
75030
82355
80201
75992
78517
78848
77204
80140
74339
81152
90961
71554
78237
76223
71965
79899
82534
73839
77335
78377
74860
78146
84127
73217
79840
81302
73347
76343
78437
73727
81512
79478
83245
79319
75200
82044
78848
74479
78777
78747
78958
79439
73728
83536
80861
75381
83917
81282
73728
81212
79238
73367
80120
82615
74269
78788
72696
83697
73217
74570
79278
79088
78206
80180
66685
76513
83526
79469
61505
79239
66875
74991
75882
80601
78887
76203
74029
77174
82043
75561
79940
78737
77805
78197
74699
69650
77174
76042
79439
74790
65112
76002
73568
69650
75862
72085
76253
78988
78367
72235
77705
73697
76944
77425
77154
75902
53791
74189
76724
82244
75381
81813
69871
75140
76623
72495
78276
63629
75672
75601
78858
80972
72866
62417
77915
77575
82555
61115
79709
78306
61635
75642
76152
76563
81773
89037
74319
75631
71764
78677
75010
80481
80500
79379
66194
75762
80280
80691
78868
53630
72125
77405
82705
76323
75120
65883
76313
78727
82945
77274
75963
63438
77595
75120
79820
75572
64060
115046
74990
113011
76373
81042
77796
82465
80220
79529
76192
77916
79399
75912
79088
78217
76684
78387
77685
78487
80010
78577
75721
78778
77094
77255
74530
78447
79419
74429
74649
75942
72566
77866
77775
76493
83356
76663
75111
80270
79158
76453
78607
78016
75822
75351
80531
80201
74820
78407
79910
74810
78206
76754
72546
76944
83597
100899
77775
79298
80991
77304
80059
81392
77075
80471
91090
79128
77725
77374
75061
78036
78788
79559
73016
69070
77074
77084
79900
77836
80931
76263
76784
80180
78126
75462
78868
76844
75481
81121
79058
79238
75782
78426
81002
99947
74790
74590
72716
82093
79820
78417
78096
80331
77194
75672
79960
76283
74719
92042
75872
77104
77114
77275
77405
76302
78306
76053
91841
81262
80261
80621
76183
75071
79409
78567
77745
81182
82525
79539
80941
69370
79229
80561
73317
78787
75752
73467
79730
82143
77044
80029
78507
73808
80160
78777
77374
80310
81363
74990
73607
74339
74108
77795
77124
79128
76473
75181
76393
75852
76393
77055
75762
78296
75291
82124
78257
78276
74490
80491
77555
76833
76614
78336
76203
75752
77856
76784
78196
80331
76904
78497
75952
74720
88265
81172
82655
82204
78026
84438
82043
76653
77875
84518
82154
80651
77635
80731
76613
77535
80811
77064
77966
76262
79038
76363
75902
80610
81122
78216
80701
77706
74018
90299
81473
79148
78437
81181
60463
77435
80931
77966
79729
74861
79900
77665
60904
76904
73147
49803
77425
74580
75051
82004
70091
70121
70752
73067
71584
71033
79669
74419
75230
73828
71113
73037
72596
73327
72366
71494
71464
73558
69821
71554
72014
72306
73167
73979
106760
79689
78858
79950
63088
73638
83316
81993
60413
77264
65442
76784
79368
78767
80010
78728
61555
78727
61705
77885
74389
80290
76353
81332
76052
64260
76233
78417
81483
77856
82594
77375
82254
74279
76242
82725
79479
79549
56316
70582
76303
80781
74289
78918
79589
65092
70663
72105
80661
77334
73718
70962
71293
79729
78747
80541
80100
72025
81051
77405
74530
76392
69369
73798
83125
80220
106239
80210
88836
82765
83065
77415
81592
84207
76694
79880
85400
76684
78186
79199
76833
81773
77435
76633
79018
83887
74930
75872
84277
82975
79148
81192
76413
73357
79749
77625
77535
79710
79779
81492
77956
74950
79188
77586
77626
81122
82264
73728
75221
74970
77395
99376
71003
75592
79880
75100
76773
78977
75030
75060
82024
82755
77184
83497
76423
74769
78447
75422
72305
79929
80731
76513
79739
79729
81062
83115
76834
81532
81272
78126
80851
78577
78436
78397
82113
74039
76853
80130
79539
75351
75180
80521
76082
77004
75972
71955
71173
78207
82695
75581
85089
79999
85480
78466
78828
78987
83195
80421
80000
80340
79910
75792
76112
79258
81743
76703
78196
80170
76183
85961
82655
74359
76443
80681
76673
76463
81181
76774
76593
82144
75862
75101
80501
75571
79368
78918
76754
80240
83526
74720
78657
81853
78076
81532
72906
114223
78116
107761
78437
80190
74911
79489
74860
82975
81914
77325
72135
79438
77235
73126
77715
75821
72516
75812
73688
77515
79218
75000
74019
77325
77585
72987
76052
78647
74980
90669
76202
73748
79939
73588
96470
81973
85830
72055
76313
73638
75351
80902
79229
80361
80390
76393
74129
76724
75722
77285
77304
76964
76303
77956
78677
77265
77976
78797
77074
82153
75691
76343
80561
75061
79820
80661
76262
74490
77485
80090
75782
79389
80580
74008
86131
72837
70673
76944
78938
75111
75551
77626
77304
75290
78447
74048
75100
77936
73668
76884
81343
77996
72485
81452
77856
80010
78287
77745
76483
79509
76323
74279
61215
98714
76463
87854
81462
77876
85550
79780
74750
80511
77826
75041
75521
76964
78607
79890
77585
78177
78297
76914
96089
78917
74239
72816
73117
76413
77505
83406
75401
75562
79970
77735
77525
78266
75361
80831
78807
80350
80741
77325
79249
76763
81552
81222
83366
78407
76944
56656
75341
76874
79007
76944
77866
77825
77285
81803
97853
77184
69680
74299
70021
76333
73668
79859
72746
65172
72375
76022
74780
79188
71624
93325
69730
82835
72656
79058
73918
80921
72055
82124
70000
78908
73718
78327
78647
77696
70552
76843
71403
77444
71624
77515
71644
75802
71123
80260
69490
79379
61185
80550
74249
75892
72315
77605
76724
77685
71283
77075
70633
78186
75862
83637
77465
79459
73518
76914
82966
84177
49232
82233
81021
50745
64290
44854
87995
59963
82715
48210
80872
48812
81572
48430
77205
47549
78287
49392
75902
49252
135423
82194
129832
94326
110577
92864
86372
94006
79188
89257
136085
88816
76704
88265
94417
97763
96460
60583
103454
122289
88546
96240
87053
98474
88175
66995
94677
78607
64982
73898
77736
75731
86562
76503
82054
77004
75251
47149
76233
69580
50996
73267
84879
45966
82454
72356
73978
48922
77515
46296
84748
46487
79679
45956
80180
48331
82444
50314
77275
93925
51246
73157
71263
82254
47969
77515
69961
46477
70652
77626
51987
81453
48781
79058
46377
80170
48180
83657
45085
97593
46687
77545
47409
76443
49192
79629
71173
110247
76112
77395
62386
75962
77836
78246
77154
79880
76654
71995
79158
73567
75711
79188
76393
73097
75301
80451
75251
77816
75641
69831
76163
75702
75531
75802
78487
75772
75371
72866
73498
80481
79439
78166
80371
86872
71043
80911
79519
75792
82515
77816
73969
81132
74309
78126
77865
79559
69420
72336
78316
75982
87384
80781
77074
71343
82314
76634
74279
80751
76062
76363
68428
88846
74248
109865
76092
73177
86111
75050
71794
86302
74820
70622
76824
72676
84879
77595
76343
88125
78437
83005
81272
71885
87193
84047
80531
84528
80811
74259
87824
79809
85209
79259
86612
79238
71715
84929
78788
89998
74750
72255
86152
78076
88175
77415
78066
87904
74960
80451
88134
78257
83326
75552
79830
96701
74259
88426
76173
78146
83527
74790
76553
86462
76774
73147
85460
74460
74239
89488
81562
86231
75030
83677
75632
73577
86071
74249
72786
86212
76793
73788
83777
78086
75611
85170
84638
85390
75391
69921
79790
88986
76924
74419
86893
75281
77736
89598
76984
74740
100177
80531
78036
85249
80681
88666
80621
85881
77936
77716
86331
78547
78176
86131
82384
85129
77996
84448
76193
76984
79078
78878
77696
79438
76362
75121
80250
78497
71223
81242
79809
78266
80490
74339
74510
78967
74780
75992
74239
77115
79629
75892
76804
83467
75912
75562
72286
110076
75822
72846
79388
78237
73567
76994
76323
78938
83526
77886
76673
80170
76172
83537
77726
78467
74800
76493
76623
80891
74379
78247
84989
74719
68929
78908
84017
77966
73738
93224
80330
91121
81482
79609
87463
78287
73918
87284
79218
79288
82084
81122
87273
62146
81973
45806
76964
50043
75100
47098
74299
47669
71153
47920
69821
47770
71183
48220
51005
69019
48009
75922
51266
71193
48961
71544
70842
49353
70632
47930
70031
58169
73277
50825
72987
47369
70572
48060
71794
49823
69850
48791
69120
50985
72616
48330
71604
48702
74219
48601
70041
51015
69270
47158
72345
50234
71113
48260
68318
49292
70121
69760
49232
71373
47829
73358
50985
80611
50244
71574
49713
72104
51707
70011
49753
69280
48040
68718
49082
72506
49924
76543
46808
71834
50154
70422
50725
71233
49973
69369
69119
49483
86612
50424
70072
45566
48431
69580
46357
68779
48771
70011
49022
74961
49643
71964
44633
49001
70763
46838
72556
47398
72806
73778
48831
68678
68548
49212
72175
50444
70201
50734
71264
49774
72696
48310
71363
50505
70291
49142
73497
49543
69420
48611
70812
50365
70822
49292
70071
51476
70572
48090
71053
46417
71614
48491
73698
50996
72686
45515
72095
48320
69570
85339
52317
70081
72375
78477
76854
78587
77505
88366
78397
85631
77375
79038
55253
78827
77495
84869
77625
82885
75241
80992
65062
81061
79199
80340
72957
79719
64651
80901
79038
81192
89197
64270
80741
78246
76964
82324
78116
85009
74900
83126
70371
48601
72656
48441
77886
47959
74089
47860
76463
50154
78407
47369
76293
49423
75851
46948
75191
48561
78347
52899
79779
57308
77425
51426
77625
51516
74800
59832
75421
48080
76894
48371
76423
70703
48852
76493
65382
78056
48831
78677
48100
75672
52779
78396
49422
75662
48070
77014
45746
78036
66795
48792
71714
47359
70492
48431
74159
49322
71293
49042
71524
47799
71334
49964
73057
49002
70913
49642
71133
70412
47038
71654
50004
69139
49543
71975
49303
71534
48501
70311
50685
71794
51246
68578
50435
72145
48992
71003
49743
69801
75031
72947
73467
70903
74289
73648
76092
83676
72646
80039
72837
79018
72806
76844
91361
77946
70532
76193
74810
75792
72035
71394
70862
70822
70973
75131
75702
71434
72195
70502
69490
72666
72736
71073
73457
73597
74329
70342
70492
76754
76513
72796
73929
72005
73697
72415
106980
79579
77315
83687
80000
77505
82915
80240
75912
78938
81032
79218
79690
76363
77365
81121
76674
74339
76974
71164
77635
76183
74399
76453
75402
74289
77455
75431
75311
75441
77816
75241
76172
74750
70381
77485
81422
74619
80471
61715
77104
73527
71293
76514
78056
77295
76453
80611
60934
79429
64360
77565
77886
80440
75351
90359
81993
77545
77064
79829
74249
75151
84458
77085
62758
75972
78186
72926
73958
78036
61735
74820
76854
65883
76503
74620
77054
71373
62176
77204
82785
80430
82124
77214
83406
78236
75191
76433
59862
74699
60854
74540
75641
76443
75251
77134
78837
74249
64691
78416
77766
77665
62126
75492
76342
60633
74750
63589
79619
73257
85991
72777
76864
77956
78957
78486
81302
73247
77775
78788
62507
79328
75772
83035
66715
72376
86091
74981
86061
59381
74940
84949
89968
87223
58440
76704
86351
90790
82555
57577
81853
75872
63078
80651
77114
78006
74679
84028
60303
72205
84017
60654
84729
80170
85290
82344
86191
58720
78156
86662
65493
80220
61966
80852
77495
61886
76002
81773
75130
61485
75571
75561
75922
73157
74930
78186
78517
76283
77916
75401
97653
74179
46377
77935
52909
72505
75552
77185
75011
66083
75271
77354
80490
73648
78486
69480
77816
73187
74740
105246
63669
75512
79148
80240
65813
74058
66114
77285
90058
78907
59872
75030
77214
74269
77775
74590
76353
53330
70161
76934
78908
76453
78747
61925
73648
77946
75932
82374
77174
77996
83135
77736
77004
77665
76383
83426
83887
75020
84969
78728
78517
77084
87724
75772
81512
61896
77465
63169
83927
76182
84348
76743
76773
61505
84227
78537
79740
72997
79639
58218
77325
47579
77204
48631
77255
47109
77104
48060
75781
47438
70843
48911
72435
49282
71284
48250
70992
48491
70643
46958
71253
49443
73427
71845
69961
50134
71714
50143
71614
49553
49052
48210
70692
48261
79158
47689
71965
49302
72356
50244
69470
47710
69480
47449
72195
48732
69340
47749
70532
49342
70442
51816
69230
47820
51426
51747
72857
48100
48180
48661
70642
48471
70292
68949
49263
70132
68128
69660
70973
69059
71614
70722
71895
70573
71504
69941
70732
71534
70392
72505
69570
70091
70773
68959
69480
69430
72225
68418
68037
73057
68167
72747
72906
75171
71684
69410
70321
78968
72385
71784
69911
68939
70902
70552
71233
96090
68699
70141
68679
72024
74549
69951
69961
70261
71894
70181
82515
68348
72806
71543
70452
72246
70572
71754
69459
72074
70061
69721
71955
98535
72075
73618
71644
74720
74008
69771
78517
69720
69280
68929
68969
68519
70351
74500
74750
74730
79489
71995
81953
70351
69580
72646
68959
78317
71835
71283
82144
72665
70041
70262
81502
82154
85029
72195
72515
69550
84969
80069
75181
78828
77044
72135
78276
75401
77124
79729
77034
78707
76773
82915
77575
80340
73708
88566
76243
77405
76223
74470
76132
81082
77264
74931
77374
77765
81112
75551
84749
77245
75090
77014
80049
74749
73998
81722
73578
78176
77825
76834
76864
79288
87443
73507
78186
75862
107140
74400
83867
78086
76042
78567
77976
78747
77245
80200
76423
76793
73708
74509
78256
79609
76283
78928
77044
75662
76854
71874
71864
74700
77295
78577
78287
76032
76964
72997
70232
71864
77485
73638
76813
75662
75000
75982
76102
76262
76954
73067
71694
74319
77034
73628
76092
75752
77816
86492
77405
78547
78436
74339
77916
78818
97192
76673
77976
86331
77776
78938
72456
77586
77175
73878
79018
75181
73026
74199
73617
75100
71594
75121
79319
76944
77656
79489
77535
77245
61105
77404
61064
74329
62106
80581
62376
74499
76884
75110
70602
60503
76323
75371
76313
75401
60183
88195
75632
75822
61716
75862
82584
62808
74289
74730
62818
72796
79980
77255
79008
85801
100718
83626
76774
87243
80360
82585
74830
76262
75402
59691
70822
73537
63649
75672
77996
78617
76904
78436
77485
57608
78928
74961
78126
78076
80931
77976
76644
74489
78988
76964
77084
76984
73437
74189
79018
80791
77275
77084
77085
77976
59741
77054
66044
71654
71644
75782
88356
61485
79789
81883
76864
84438
59501
77626
80020
58249
75281
84018
77325
83977
57537
61154
83697
73577
82355
58169
77484
82034
78226
63248
81523
79248
84308
77294
82835
79539
79299
75020
83556
57978
74610
81372
76022
82073
58089
82555
80610
80240
69811
63428
73327
61134
74249
49152
71423
48872
69960
76653
70362
53761
75632
49573
74850
48671
83016
50624
78307
53450
77925
49633
75561
91642
49833
77666
74880
61996
76212
79799
70242
76533
68919
77425
73457
78967
70542
73908
68719
76453
69871
76614
70102
78096
50725
77335
49823
77515
68348
79559
48440
76964
48110
78768
50635
75191
50515
75030
50584
77455
48872
75101
51046
76363
48591
77034
50234
72876
50064
71945
48350
74099
50595
72245
47779
75632
48150
71193
50464
72085
49062
71514
49843
70462
51526
70171
48591
73077
51857
72024
52989
70292
50114
73146
49573
70992
50555
71353
51807
72365
73117
48040
75200
69200
75561
71053
73097
73558
78808
70272
76914
72926
77004
73508
76212
71925
76223
70542
76683
70321
77385
75862
80380
71614
75140
69149
76263
70582
75682
73859
77595
71214
91351
70833
75862
71003
77184
71483
77515
68418
79419
70902
77194
70572
76543
71423
80090
71443
76623
70262
77204
72245
75311
71874
76794
73307
72906
69641
75502
70081
76293
71003
78838
70872
80491
71624
73989
70482
50655
73377
70753
51326
69139
48802
71745
61515
75171
48561
69410
47269
70833
47950
70572
70772
50304
70722
47839
71183
50504
71965
51446
73738
47389
72556
48821
71504
48310
72205
71193
48461
71233
49914
71835
70742
51616
68939
48400
70121
48411
71644
48681
68628
50074
71734
48831
71594
47959
71644
49733
72395
49262
70783
48941
71904
48901
74079
73357
50745
71384
48631
73057
49272
71964
50144
71965
48440
73187
48300
73156
71203
68358
75461
72556
71865
70712
76113
70943
74650
69961
78497
73758
80070
72626
73518
70241
76363
67446
77745
71734
76263
69720
75381
71193
74238
72536
73046
72466
74169
69190
73438
74359
75401
69310
71724
71704
70802
70622
72315
72867
79429
71353
72396
69139
73918
50845
71734
49933
71113
70222
51186
73277
71123
49653
78516
49463
74770
50965
76764
71553
51987
73588
93806
48611
78036
48491
75892
48862
76513
70532
50805
70422
49352
69741
51306
71564
52077
72836
48841
70532
46176
71884
74089
50815
73177
67165
49853
72916
66935
69630
49683
72235
46146
78678
49643
75602
45636
74058
49582
85409
47689
77515
49312
74329
50444
70021
46907
72135
46538
90530
50455
80009
47649
76173
48451
87795
48611
76794
50054
71925
48070
73287
51066
68769
46377
81102
46167
83205
49102
77175
46377
76032
49333
74018
46107
87684
49112
76744
46717
77455
48862
69971
48601
73758
47198
44904
69961
74219
49943
74339
57968
85921
47128
77124
49012
77115
46617
75512
48902
81863
48991
102602
49403
76032
47509
78427
50805
84518
48401
77515
51977
75591
82184
45194
49513
49583
52037
81492
48250
73668
47779
50444
48191
67927
48471
69109
47108
69811
52739
49703
46056
69710
83977
71163
47349
71053
70262
52468
72435
69971
44533
70011
71363
71143
67867
71493
75762
72015
71564
69731
44814
72997
71885
73267
48191
81612
50555
69610
48771
69500
52218
71935
49753
71153
49923
69981
47028
71834
48601
69851
46247
67587
47559
77815
47789
47789
69450
50826
72595
46356
70552
68358
47959
73578
47088
73618
50755
69881
45746
69881
48722
70191
48180
71203
50344
68217
45846
69119
48431
69400
68217
48781
70653
50183
72625
49993
68678
49082
70041
51948
69991
46898
71584
49413
67757
49803
70873
48681
70152
52498
72857
50184
70261
49954
71845
45776
70462
49442
84518
48390
69621
46808
73137
50274
74629
48681
69951
48671
72316
43872
80942
47469
69861
49632
70182
48982
70502
49763
71263
48711
71083
51015
72746
47189
75321
44864
72185
47078
72556
50444
68127
45776
69780
48841
71974
47609
47810
70703
49142
71043
45495
71033
47579
67276
49843
75892
48210
69621
48611
71033
50565
71353
75782
50584
68919
49793
72135
48671
70352
47018
72956
49483
70191
49393
69791
46387
69290
50995
69450
52308
74489
48361
80801
49723
69961
46237
70742
44623
76112
48821
71434
47378
72536
48761
72666
50425
69750
48982
72626
48381
73318
60123
72075
69880
50895
72025
49973
73658
51357
74158
45906
70251
48842
70161
47028
72356
46917
71584
49303
70222
51176
73708
69641
50905
69991
45235
47650
71324
70162
49924
72375
48601
72566
49583
71403
50314
75802
46958
72505
45976
70642
48692
72466
48401
73047
47729
70452
68658
53050
73338
48891
70903
49352
78056
46878
71665
48942
71103
46848
50585
71023
49202
71143
45655
70892
48922
73207
47599
74209
52959
70842
49703
71373
48621
74499
55043
74860
48151
48010
50144
70592
48290
71163
53781
72686
48741
72696
49623
70883
45144
52158
70332
45425
69900
44703
73578
52348
71474
49282
71734
72115
46036
70682
49442
70371
49192
71474
51776
70412
53530
81433
52238
69670
48751
80761
52218
72545
50003
72145
47729
69049
45395
71333
54713
74469
47288
62056
70722
43772
50425
69009
60964
72355
46406
71093
45596
71073
45896
72656
51917
71013
48300
68719
49002
72195
46517
71554
50915
72115
50815
72035
47288
72045
45706
70321
46577
70812
48230
71013
49783
71674
50194
70351
51617
68749
51958
70442
47348
68027
48231
73568
46437
71494
70362
49573
71534
50224
69821
48380
71544
50755
70051
49953
72977
51226
70592
51456
73447
69701
45685
69571
48170
70211
44473
73898
49443
69810
49252
71244
42640
71915
48451
69780
46096
71193
49222
71324
61485
75381
54592
68528
47379
70582
45876
50915
69660
45585
70622
49403
76924
51617
69340
48872
71393
50434
72636
50133
71384
48611
71714
45215
71774
71394
48470
72506
49512
71654
56616
69611
48942
72937
45896
69740
44904
73257
48470
71924
48510
70111
50244
69831
49202
70402
50565
70872
50374
69721
48441
68809
47109
72847
51246
75551
48400
51626
70121
45255
72536
50094
79248
44233
71954
48270
71584
53030
69280
48932
71243
48891
71053
49442
77254
48110
51025
67707
45134
49132
71354
45365
68358
45876
70452
46417
54462
68888
45265
70201
49282
71473
48180
48952
75501
46197
68719
49613
69630
49662
69059
48872
73558
49132
71163
47819
82414
49593
72366
63008
69571
45735
71604
48431
70993
49142
76483
47770
70442
48882
69420
50704
72867
50825
70642
49243
71063
50404
71344
50564
71433
50314
70221
49222
69230
50104
68208
50324
69460
45555
71163
51537
71193
49032
70081
48992
72536
56115
73908
51356
71003
48020
68238
46647
70792
45455
73277
53891
81092
50685
68708
46617
70982
50124
69901
48481
69700
48160
76352
49543
70713
49964
70432
46677
68297
48430
70452
46627
49022
70472
44834
68187
45114
70292
49082
71714
48370
74209
58420
71424
52408
70342
49994
69941
48060
73046
49002
69921
44012
72255
58148
70091
52558
70281
45516
77465
48190
71293
44103
70932
49253
72426
48851
69570
50645
71063
49612
71163
45496
71834
49703
71343
48170
70973
50004
70963
47509
70953
47980
71144
46768
72015
51947
70031
48491
67657
47599
73748
51907
69851
48370
87173
47650
69570
50594
67777
47499
72315
51827
69930
46447
69771
49273
71113
52138
70722
49343
71553
44944
70602
48601
70502
46697
70422
49854
80701
45755
68568
53110
73337
69800
51617
70172
45205
69200
44853
73427
46377
73518
67877
52458
74429
72366
70622
49092
70542
70142
46657
72496
70602
76914
70743
69560
70141
71383
70141
49984
70001
69911
73557
70392
70291
71324
70792
70031
73418
73477
72316
72847
74399
74059
70993
48651
70011
48681
68708
70341
71514
71945
48691
71333
70221
71093
70081
71143
70582
73287
69891
70843
70031
78407
72115
49592
70311
70111
75481
74128
71614
72696
52939
94396
77384
69179
70863
70111
69490
70602
69640
69870
71995
68388
67997
69330
69681
68688
71454
68889
71153
73157
71765
68788
80090
68368
72386
70903
68779
71294
68899
93585
69660
68028
67627
69480
68508
68388
70121
73888
71604
71003
68459
70592
73477
69690
69660
71103
68478
70582
74450
68999
71834
95499
67917
70061
69319
73999
70161
69861
68699
68418
75581
74800
68539
71764
75511
68548
73117
70912
68347
68809
68298
69029
69891
71423
69971
69520
71153
69791
69430
71684
78567
76363
71804
69450
67636
71003
71394
69420
72606
80701
68568
79709
68859
71254
70792
70472
70501
69750
71755
68909
69991
72646
69971
71403
71203
71864
68889
72345
69310
71995
70442
72084
71193
69390
70222
69730
71724
71574
75251
71183
71113
70211
70953
71894
72225
68919
71163
68608
70422
88896
68158
70092
69811
71594
69700
69691
69330
72355
69680
71634
74058
74289
74179
74759
69240
70712
69400
71374
75742
93565
69210
77935
72906
74118
75973
80791
70051
72766
74108
75300
79299
72165
74890
74039
74950
79659
72225
71304
72706
72275
76864
78487
70281
69891
69900
85270
76273
83075
73197
68338
72516
76814
73938
77916
69971
67947
90469
72004
73397
75822
75161
72666
76193
73868
70272
73678
74639
73117
69951
71804
70673
72165
72505
73939
71884
71013
72896
68598
69009
71915
69219
78938
69900
72256
72296
73869
76363
70953
70582
71574
85751
77094
76653
76473
72796
61795
71855
65302
71153
63900
68859
69771
69750
79008
69731
75892
75180
73287
77004
71133
64120
75932
66193
69119
61915
70221
69189
70302
72937
76984
71384
69350
69580
68918
70041
68729
77986
70272
72095
70282
70041
73498
70352
72205
74670
75652
70351
78737
70422
71554
73037
69900
73027
75391
75972
72886
80200
75801
75751
74890
75552
70803
70922
90179
68679
70462
69550
69210
71544
77054
69280
73798
78747
73368
74059
77525
53060
95539
49332
74880
53230
82213
54242
78577
45054
82013
50695
71634
49793
80831
48932
71994
48832
72786
57948
72576
46026
69109
44704
77726
52719
51717
71994
44504
77364
55203
74489
50405
49152
73678
51296
56346
74740
56786
74329
49343
78286
51407
79739
55985
72967
68609
77305
45906
75341
50945
70752
50765
77826
47379
47269
72796
49172
69640
53049
71975
53210
70141
47368
79148
48541
56465
68529
54181
74659
52628
74620
75211
58219
76664
52939
75201
54382
77095
79118
55413
76473
52358
75371
54261
73628
46457
72706
49062
77826
53881
75281
54663
72476
45655
71594
50094
71573
48661
77485
46336
71944
53029
79779
49022
69921
48951
68749
49844
71254
49332
86983
48310
71414
49803
71033
69901
49613
74059
48992
72246
49492
70672
45825
76113
48931
75100
47429
70161
45455
52328
69941
47940
76303
51786
69270
48090
68247
48231
72395
45786
71464
48210
70311
47068
72145
51496
71864
70652
44704
69820
68669
50745
73427
49002
73768
51887
68989
48360
71414
52157
69901
48440
81212
47119
73598
50745
69110
44533
71133
51567
69179
48310
70051
46096
70522
45325
49152
71594
44053
49012
70872
45796
52047
72585
90730
47950
69981
50925
74619
50775
70161
69510
57548
70522
70583
46387
73617
50214
70171
47118
72977
70682
50285
69310
48992
71103
48490
75190
49713
69921
46888
68659
47889
70843
46587
68709
47920
69650
50364
70612
48671
70441
63609
69630
44784
69460
48080
69440
50334
75030
52297
70372
50123
70232
52288
70411
47869
69780
66765
72846
46166
69159
47239
71674
48110
75522
49353
48732
69199
45905
50194
68138
68929
69339
68098
69550
71554
69891
69660
71173
71925
69971
70031
71113
70081
73758
97433
69650
70432
74730
70282
68979
73928
74459
72055
70942
69550
70081
72165
77885
70742
69330
68859
69580
71473
84528
74570
69189
71153
73197
70863
70653
69350
73067
70833
78717
74168
70051
68869
75671
71314
70763
71905
72115
51527
73287
46127
71404
46597
71805
49342
69780
44814
68839
48440
73106
49122
71794
49072
69450
44844
69450
46798
74950
48922
73438
48901
71103
53831
75020
72776
70491
51557
71544
49293
72867
50704
69660
49623
70703
48451
71875
48220
69881
48491
70943
50244
72566
47569
71073
51205
74630
48811
70953
49082
74599
50064
73899
50654
69961
71624
71614
72215
61786
69801
52758
71294
50314
68949
49593
71674
50795
77766
69881
49632
72496
59933
75160
61385
78998
52608
70101
51507
70842
49372
69520
45645
77105
46837
73959
50504
94327
48601
75862
53770
74399
53019
72045
49663
71824
48932
72014
52248
71844
49613
72275
58379
71644
49532
70883
45244
67416
46958
68628
44603
69460
49192
72075
48752
68458
48911
70272
49102
68819
43721
71404
50183
70823
49132
79579
50504
68518
46568
72686
48721
68869
46397
69670
48681
69670
51587
70572
50755
70111
50795
75521
49933
69850
47449
69149
46317
70201
48861
68057
48541
70261
45776
69970
55775
74499
48330
72145
47308
70913
50083
68718
50465
54723
70692
45626
69300
49342
69099
51616
72626
46878
70362
48501
74229
51607
69660
51616
73157
47569
75241
46808
71614
69890
50064
70111
50725
71694
47559
69791
46857
68708
49142
71304
44123
50204
67376
48381
69380
45946
71624
48551
68007
88115
53450
72596
55885
73157
73077
54322
80180
63118
75491
63559
51707
50975
70613
53260
78477
74329
80260
68969
68088
79158
70262
52558
77164
70011
72716
77365
73888
72606
74168
70893
69770
52248
72966
51697
74269
70653
69770
52899
76804
74510
78387
74619
71454
68638
69840
69259
69470
68428
69320
52488
76052
73848
73688
72716
73367
74199
71424
69981
69150
73267
72345
71544
51757
74920
76834
80991
48991
70151
45916
48331
67085
45405
48972
69610
56185
55554
70702
49944
80571
81773
75511
62006
72556
48020
68689
51797
69260
50966
51647
80380
60063
75351
57037
76593
66355
52448
62607
76664
52037
78437
80040
75862
49452
71754
56987
51406
74410
55514
71494
69570
57207
64851
75702
54081
76744
64350
55634
62356
76613
55815
80610
76734
72545
73949
67657
68939
72235
68919
68588
67957
68969
70913
70572
67216
82054
61696
74249
69039
74559
72636
68468
68559
70001
53049
74409
71223
73959
71233
70192
69570
68037
78958
67256
68278
71624
72255
72986
68238
68207
68618
70422
72325
67717
71674
71764
72005
68278
73668
69570
67045
71003
72245
76494
69340
77435
55725
65843
77936
50544
61656
60453
55504
63068
81512
50264
63449
58861
74089
63309
69690
55253
81432
78878
274353
78647
79930
75711
50976
70252
53690
62557
72326
51847
87333
60994
72606
57798
70512
46787
69861
53199
54182
68959
53329
78217
48230
67026
50724
67767
53830
51727
72927
60262
75421
52278
63408
75291
51787
73568
70071
84378
74440
54072
73588
69780
72656
55534
75892
73157
53320
78778
73698
73898
71634
70923
72576
69980
67857
54111
74500
55043
74008
72225
72525
67977
75551
70131
68979
72556
71494
72696
69891
54081
76894
73127
72375
75902
71735
69329
70923
68919
73547
73387
67627
90118
65903
68869
54812
72245
73828
56556
73156
68949
67927
72145
72135
71283
68939
69791
68197
53390
73247
76153
54251
76964
75061
76734
74649
69811
68859
75652
104285
50635
82104
82033
81122
78437
80391
81933
77545
79068
74930
76122
76683
78026
76864
77825
78226
77926
75702
81192
78357
66123
78858
61616
75161
79759
76393
78156
79038
78978
59622
72486
78547
51115
72766
72816
53440
73027
76594
81573
77034
52839
62156
82705
51817
79639
73517
80721
76764
78427
77094
76273
80641
75451
74520
78607
73868
72926
88495
77224
73588
77335
78627
73557
80520
81252
74429
80250
73427
76082
77975
79429
77264
74700
77786
81052
77735
78867
77916
76613
74860
77495
74590
78828
80751
73858
75832
76513
86332
78737
79249
72486
79929
80711
78256
82124
78137
74790
79209
79419
79398
75842
77535
78256
77355
76764
80240
79739
77024
81282
75702
76153
79659
73217
74379
75290
74820
76293
74679
78748
80681
77235
74770
87974
75061
73748
78888
78907
76654
75511
75862
89107
78668
85861
81292
82675
84678
79459
76393
113112
85700
78437
89277
77986
76984
77455
75661
79769
75522
74159
75461
72675
76904
78727
76182
75341
73077
77415
78958
75621
73928
74099
78136
79488
78086
78928
78577
77715
78917
79298
76243
77044
81031
81743
79759
73738
79369
81322
80240
78827
73949
75652
82073
74750
78146
78858
73287
77425
76723
75792
70542
72506
79689
79238
78597
78006
74590
82735
79639
79659
69410
82164
78647
80401
74109
73217
75231
84178
79298
79198
67977
73317
74430
75922
75271
81903
84338
81242
73077
75602
74389
77135
80471
82635
77345
75932
73067
81843
73598
81773
72075
79359
72827
80281
75131
78787
75582
82364
79017
86321
73778
73879
80059
76583
87153
74679
78557
73357
86392
74299
83456
83907
79108
76633
80039
76464
81152
76253
91572
75822
75050
60142
73587
77836
72966
81783
78006
86051
81833
80220
71554
77174
73778
76653
75391
79088
71013
96400
81292
85059
74629
76413
78978
82074
78507
81463
73397
80641
82996
79519
76123
76603
81032
79859
81883
74770
89397
75161
79999
68388
75712
73788
82074
74129
83496
86212
81052
73908
76954
83737
74579
80771
82615
82385
73277
79619
77415
81031
76463
75882
74780
79970
78026
78717
70652
71945
73879
75030
77705
77385
74319
78347
78096
75671
75571
72285
61335
77014
79148
77716
76734
72345
78286
75591
80670
76393
74530
78888
83356
75191
76053
76934
75621
76894
74790
74759
85851
77715
77094
80420
74639
70673
76584
78788
99947
77806
79118
74780
61515
76203
75551
76133
75641
80631
111158
117129
73097
94296
72536
76213
79669
84989
73487
80491
72917
80570
77285
75651
72656
75511
73177
85620
71233
72386
72335
79889
75531
79138
70992
72496
73197
77625
77165
78456
82775
76814
72927
81272
72536
77305
73647
81462
77124
82455
69680
77636
73247
80962
83145
76143
72546
80962
78697
75401
79989
77454
75872
78196
84558
79328
72656
75942
72977
82635
74238
78256
111248
103343
80460
86252
72966
74439
77094
73488
84509
68859
78557
75461
81282
90700
79258
77205
83747
72996
73498
77655
75561
79139
81683
76103
83717
86311
79429
71924
82855
77896
75200
76714
81252
91531
81112
74429
77265
78086
77274
77435
81693
77776
83877
76112
77646
80330
76804
82294
74409
73217
75712
80190
75731
78647
81282
72275
81783
76974
75821
74449
76643
78006
80581
75041
85670
75912
80381
73507
75451
72957
77245
73948
72706
80621
76153
81873
81252
85050
74249
80391
73798
77284
70201
78857
70191
84899
69730
74830
70892
83897
70302
75140
72025
77876
70722
79379
63609
78297
64992
79429
57718
78336
69951
75190
74549
78747
71264
76413
70181
76222
73027
70572
75140
70702
77315
72095
78798
70602
74139
68809
78327
74820
79790
73588
80220
71043
79679
75582
63088
71964
64220
70673
79950
68819
79208
72615
75712
72886
76793
70051
75071
74199
79429
78948
74670
73227
78867
72195
80361
81342
77064
69620
72466
74450
78607
71744
76453
70101
81272
70512
74188
72306
71634
71193
77966
71915
73106
81814
71945
82094
71855
83266
72766
81162
69870
74440
72285
74951
70251
79789
73868
73768
71473
79017
73267
76062
70452
78276
70542
76643
69300
76583
70702
76083
70502
76784
74269
79759
71584
79268
70472
75662
69000
76874
77264
89407
69460
78416
72926
78227
73558
81373
82765
60714
76543
73938
75712
74279
71604
75511
108012
85090
75872
52138
76594
75732
73567
75220
75862
75341
77315
75551
76112
75381
75060
73267
74649
74800
74981
72165
78176
77355
78086
73518
74710
73647
76112
73457
76674
98263
74970
74970
77966
75070
74880
82804
79158
76573
73597
77214
77444
73808
82454
74559
83396
79248
75151
76062
77936
77875
79819
79999
73829
79599
77825
76723
77856
77895
78497
50625
78406
76082
79959
78897
76623
80400
77445
77756
76523
76163
79699
82314
76212
78546
79259
85600
83386
77304
72997
82013
78266
73497
86883
76613
78327
76433
80120
76824
81473
72997
78907
79769
97292
78377
79088
84558
78347
83606
77936
73829
77856
78056
77475
86201
72355
81202
75993
83777
78838
85009
74870
80290
74439
79790
74660
83877
76864
77986
77024
83406
77746
77905
77905
77565
74519
82604
74339
79969
78056
81282
73798
83366
73798
76734
85410
70942
75451
78016
83816
79509
84348
74510
82424
74139
82294
79719
86081
75110
83255
77304
83265
73007
86492
80731
63539
76763
80751
76763
74420
78176
76774
76313
75280
80611
63108
82134
76223
74469
79279
81763
74268
90069
79899
63199
84809
80921
72926
79629
80431
75310
79098
79559
74039
81793
82184
78888
82584
66304
75250
84398
78657
76232
80741
77665
75642
75822
49473
75722
49473
74930
74609
78276
76272
78838
61565
85601
78466
81061
78337
65042
72575
78517
77966
78267
74619
67356
76443
76232
79759
77726
75771
80160
77836
77334
78416
73026
80470
77265
70542
82094
63439
403435
73066
93625
75081
65803
77315
66955
62567
69590
63058
65342
66775
76383
66184
77695
50885
79809
61395
76794
62617
80902
77615
78918
77686
48060
78086
76934
81333
77074
78067
75441
76403
75812
77635
76743
75692
76232
78497
76373
45675
79018
76824
77355
50083
75631
77956
52267
61615
77004
62156
78677
51326
58669
76714
64871
80311
61285
78407
79418
79719
74750
77264
51927
73768
76634
51767
59862
72195
62467
76554
62997
79459
77144
78247
74760
78687
77826
74830
80611
76804
73708
76704
78707
72105
76814
79458
73658
80260
78747
79298
77115
76493
71113
81383
79759
63199
78877
62567
104536
76734
90419
76443
63048
75712
66194
76954
76413
89247
73457
79508
82064
78197
63569
77705
76473
76573
76854
63539
76553
62147
77535
73568
63680
77996
77675
77385
81492
79299
73137
72986
83656
74309
71634
76854
75501
73718
79699
73348
68167
78166
73618
77946
58720
74219
78156
74600
80471
77014
80570
74840
75721
77936
77465
72585
76143
57157
75271
75060
62047
73808
58449
72366
64120
74970
62116
76152
78136
77865
73066
64140
75932
75551
75411
76674
74309
72485
79869
75602
93224
81252
77655
76744
79519
76564
76884
78487
73918
71984
77505
76493
75561
76633
86311
73958
80951
79850
77015
75061
81212
75521
78226
80601
78677
72757
78898
78768
73027
80281
82124
78718
80390
78968
77104
78507
76763
74920
80100
78376
76363
79659
76954
76834
76633
82023
78698
79909
74019
79849
77976
78236
78747
75701
80140
74429
70522
83146
73247
85119
79418
94978
109565
109395
71404
72856
77205
76604
75491
72496
75701
72005
75040
74109
77094
74780
77305
77556
50895
77205
72997
51206
76223
71644
77896
72195
76704
72165
77745
52087
73177
76373
72435
77404
72786
50034
77065
66625
75962
68008
90539
68588
75591
64811
74679
66585
78216
68287
75171
66234
78457
66384
77615
66755
51336
75291
66034
75681
67416
74620
66124
74700
70822
78276
68087
74860
68308
74419
53219
63408
74399
66223
76814
75421
64520
74480
68608
77685
76934
74680
79238
54201
66505
77966
67727
76063
65983
75852
65983
74740
74810
65953
76954
76042
66244
80581
74520
69530
79539
79168
78187
70091
72526
72776
71012
67116
75622
73788
66004
78336
77114
71063
79058
75291
66144
79438
78757
72957
70762
76914
77174
70242
75411
74159
65593
75451
77736
74599
68498
75371
69049
70051
65122
76012
77976
74018
67556
76072
75471
66404
75832
79308
67116
70642
71614
66674
73577
78056
66394
77755
76093
69219
76553
75562
88426
65813
79469
74590
74850
68678
74339
72155
66625
73447
76353
65542
79379
75581
75341
66745
76834
74890
68207
76643
75692
65693
78748
77475
91250
93615
65602
62156
76523
59231
69640
72586
70322
66695
72916
72045
70362
66284
72045
70432
66434
71113
70191
68508
71935
73468
68649
72626
76804
67185
75561
76794
69250
79649
77495
69600
77184
74830
74780
70672
71154
67346
74449
76072
66985
76593
73006
68218
74430
74790
67466
76132
76143
78797
76654
66284
75582
74299
73177
70132
77084
85340
67366
74299
61364
67106
78768
57127
80440
74830
79369
77145
71754
70302
71334
76162
69480
71965
71083
71734
72746
70972
293579
84859
86161
77846
76854
61264
74629
53650
77144
66164
71214
49091
68789
50485
52398
123942
52779
73017
65943
71033
50053
82484
56165
48721
73528
48651
60984
74579
53861
79469
77065
72696
76172
72736
55163
60313
78808
54272
77264
75381
74409
48211
71644
52828
51757
70532
54441
51407
75432
55203
72616
47599
53049
49963
71794
53630
71705
75872
68859
64721
70301
49774
70952
45064
69450
52227
50674
75581
50274
71194
74610
69159
46507
69790
53230
53661
77074
52428
75842
72275
79068
62897
73548
75471
76013
76313
61555
76422
82094
81242
76273
62878
77906
77375
76704
75662
77795
63179
73908
78326
79418
79068
76233
74589
80731
78897
81051
75993
69970
86371
74299
73117
77215
61736
77165
80882
83005
66855
76924
61455
76674
75622
76163
73637
78317
84808
76874
75962
78417
79178
80381
77174
79007
76233
63259
79999
79609
77004
75341
77545
75371
74059
76323
76894
79088
63569
75321
76924
81383
78076
79289
84598
78066
80821
80831
73998
80561
76734
76784
77164
77304
79649
77896
90710
75181
77765
74980
78978
81152
74168
80731
77225
79118
75291
79709
76493
78116
77725
76944
76302
82724
79469
83346
78537
82935
76523
81573
78006
80480
72536
88335
77255
83637
75781
84228
76042
83206
78627
73608
79068
85630
72696
81322
71073
77464
81392
81753
73287
79819
77736
80200
77195
73888
78417
77715
81603
80721
75180
84678
75501
73367
73497
79959
74439
73718
77625
78256
77685
81132
74620
73658
73147
76924
81382
78036
78427
81903
75882
73668
74780
81282
74429
79629
78436
82224
104816
143188
75200
55835
78236
81753
76984
77976
83847
78277
84317
80100
77305
64220
85360
76423
85720
77344
83857
63619
76243
62106
77756
64190
77135
79629
78076
77495
91922
77665
88495
74149
74940
75571
76133
77935
77445
75501
77655
73407
73477
72996
76623
73377
80050
74539
76082
74991
76904
79629
77214
73608
74860
78026
76233
75832
77125
72105
71744
79429
76433
75251
78337
72936
73398
79849
73207
69480
78247
72997
71163
78276
77165
73167
72445
79479
76393
78376
73908
78276
80430
72706
77575
75321
71393
76283
74599
73197
79759
88666
71263
77034
78657
75861
87854
76593
75892
80109
82844
71093
78347
75010
74379
76914
82455
75742
79739
80771
74520
77104
77004
84038
86512
75160
75011
80831
89758
77154
78236
74620
79208
76994
73538
81322
75281
74710
79809
78137
73648
79900
76473
73117
77074
79058
76623
77194
78046
73167
79870
81242
72205
76994
74059
75361
78146
80079
76774
78297
77565
75030
81012
73287
77805
74880
74980
76854
76453
74640
81312
76453
73408
79799
80631
77064
76824
74168
75522
80580
77615
76062
79970
79789
78987
75361
73066
76012
79549
77445
73488
77215
80110
73648
62307
98504
76403
74269
68529
75120
62878
77365
78407
75101
76643
73608
69159
76894
78546
80580
75251
76493
84959
77545
77616
73908
78387
78738
79018
73457
79719
80500
78217
80871
75331
79168
78737
78236
77706
87354
79969
72175
75452
74390
72485
72105
76193
78897
74620
73377
71273
61084
80050
62977
77926
74870
61966
76703
75411
77865
61546
76263
63920
75411
75942
77225
77245
75892
89157
113081
74389
106880
81302
78046
63780
75932
76453
76453
73738
65192
76473
78487
79108
80090
75331
52979
72085
72175
75692
71564
52839
75401
76493
76433
76122
62787
74079
61405
76574
74159
67256
73809
72395
78407
71764
65603
76984
86792
75181
72616
60924
79178
77355
89057
72616
71734
81914
75511
71454
78718
76112
77174
75672
72626
79609
74188
76132
75031
72406
77425
74620
71734
75872
75361
71383
79719
85790
77315
76453
73738
74891
82985
77716
75021
74299
77014
74359
81853
79138
79599
74119
72456
77866
75461
72115
78798
71994
74840
78537
71344
71053
78157
73778
74860
78697
73578
71263
78236
75982
71734
80421
72326
73638
79288
76002
80481
72846
70342
81884
73588
73688
79289
72025
74389
81502
76613
72576
81372
73638
72886
78867
75020
72506
79439
81562
76974
51977
74699
79258
69550
49393
79559
106610
77515
89017
94928
76664
81492
79849
79539
80150
53591
74729
74790
73638
77445
70743
76503
72285
78407
72525
74990
72095
70361
76363
75471
76193
75581
73378
72155
76684
76603
75732
76403
74449
82514
79378
80170
76112
74640
53249
70572
71464
78207
75270
78908
79349
76383
79208
74129
76163
81112
71103
64862
76904
82455
78246
76393
80150
75561
76824
77645
76213
76764
63549
75621
58800
94647
79870
73307
95518
78437
76473
70722
51296
104435
51477
103434
75882
110457
75421
105818
77936
98003
77094
73688
112671
76964
80681
126407
75461
65272
77585
62287
75672
62127
86852
81623
74580
84187
60974
85840
80300
85700
62897
75932
84288
75541
86482
72356
86602
78527
77174
75391
80251
79779
113974
83706
105177
75962
84167
79008
78818
75772
74269
89056
74299
78377
78317
71925
88416
78847
78848
66945
72065
83506
75902
74369
77114
104426
76784
78848
75712
81362
76413
75631
82654
73899
74660
78627
83547
72896
83817
76543
74259
77686
88966
76112
80501
49833
84118
73768
85610
73918
72465
83967
73017
73818
85199
74740
81172
73287
85039
73858
81642
73788
80511
73277
73818
77445
80451
78206
55343
74179
77735
74669
74449
53520
74450
73037
78066
80441
91000
74920
74840
81452
66134
75041
61636
75521
76644
77716
73257
63008
78127
82925
78256
81542
75170
63169
73047
67687
72395
49893
65242
52789
71904
61955
74319
67146
71254
78848
70072
49703
65823
52638
75571
63939
73157
61786
53099
74209
72927
74740
77465
73247
52859
61445
52147
72796
64711
76824
75211
78256
74800
79068
75592
74279
79849
63209
73908
61385
75120
74249
63920
76453
74759
79509
78557
67115
75993
73647
75090
74029
63068
73627
76593
77014
72595
79479
80751
77565
62597
73167
55303
71113
74219
77164
78217
75110
55464
91411
72545
52879
73097
72466
75682
76363
52508
76483
78326
75030
74560
75892
75050
61725
76684
76823
72966
65944
73938
62898
77946
74620
77525
87814
62467
74911
72526
73507
82384
89387
75922
79057
77575
73187
78648
78557
74118
78867
78757
76613
78777
75381
72195
76714
63358
73137
62868
89197
73387
80200
76443
76744
61906
77334
74169
80681
81713
76302
81272
80480
74860
77234
79749
75471
78206
77785
76874
62747
73928
72987
80921
77224
79238
78126
61045
72465
109204
78397
106749
62086
73707
79249
75942
88626
61745
74449
61465
73378
73548
77475
62738
75821
62607
72686
73928
76062
65884
77716
69360
74930
92704
73197
76894
80270
75151
71383
76673
76714
74379
78366
67406
75621
78357
74360
76613
66475
74249
79329
73377
63278
75541
77505
76073
80190
73237
78446
72746
77666
75391
76924
76032
75942
73758
76092
73327
83536
75571
77124
75652
78627
76914
52698
75522
51827
77475
74620
76834
73307
71223
70552
69580
69681
69831
70071
70302
72756
69279
69741
71984
73327
71043
68598
73969
74039
77104
70542
72636
70592
69811
70102
73558
70332
69741
72325
73688
75662
74980
76052
85229
72055
78597
74810
79679
79299
73718
72235
79078
83967
77404
85981
79919
77705
75291
72936
76443
74961
72746
81362
74840
81232
79188
80411
75321
75551
84438
80871
76643
85249
88535
79319
71984
76493
76163
80270
77465
77865
74138
83446
77114
79919
77886
82324
78096
75521
82695
81462
82885
78778
78417
82554
82615
81863
80160
78757
82203
78277
77926
80240
77946
77325
71834
78727
81172
90810
77425
74380
76994
85250
80711
78087
76142
82133
76483
77575
76082
79489
75090
80240
73377
78848
76653
80711
75521
83276
74088
73056
77896
79879
80040
82585
75802
81212
78497
84118
74589
73357
76974
81703
82063
83516
74730
86491
80371
84529
77946
73217
78647
79378
76053
63399
72806
76804
78897
76704
76002
77636
74589
81803
80070
74910
73278
78697
75641
90960
76182
76242
76002
75160
78297
76664
79709
81453
54171
74159
76042
80520
75822
76553
78337
74309
77385
79018
74519
113252
77104
83596
76974
81924
77956
80250
76654
79409
72506
75310
76162
75662
74800
80631
74690
77084
73277
77185
72556
72335
77515
75922
73969
73277
69981
72676
75161
73918
73267
77394
71894
72335
76934
75612
72716
76994
76744
72365
79238
75581
72225
90710
76333
83687
78446
78877
76523
78517
101900
76303
78427
75792
74440
79289
77595
76133
76894
74519
80971
78326
80090
73858
78617
72165
70281
71974
74570
75391
71755
76463
73186
63709
79619
66785
72877
71053
78407
78327
80631
78677
78697
66203
80320
78998
67817
81363
66585
79449
80701
83927
65242
47379
74179
51366
63499
72846
67316
76924
67336
70993
76784
79339
69230
75812
75220
77685
77535
79419
70872
71824
76082
78106
76653
84027
72766
78577
85430
71583
73768
88426
80480
75652
78677
70713
72857
72726
77635
73127
73527
84077
77054
73908
81192
75872
74800
82655
77114
83486
79409
84768
78527
72215
50795
76052
78567
71484
69199
67637
101059
72315
71975
69771
69650
73106
75431
77104
68778
68979
71253
70773
69430
68197
68568
69019
70562
71254
73497
73017
72736
68568
79899
69270
70341
69460
53710
73788
73438
73728
72916
69049
71314
70211
70241
70292
91601
71844
72325
70853
74619
75461
71233
73708
73487
71443
69881
68829
70072
69540
71784
68528
74289
72556
68789
67316
69049
70962
71634
71144
74369
78247
73737
77676
79389
76042
75011
78446
76393
78577
76663
76533
79389
72645
73949
80170
76894
82204
74910
73167
75411
77886
80511
78657
76523
75842
74269
79088
75781
74419
77255
73658
73588
74479
81182
69169
73017
77244
75682
74640
61936
57919
67366
64681
73587
78838
86763
69290
70652
78567
75761
63830
77755
66614
70282
107070
78086
79659
76303
79990
76423
76203
79980
77375
75982
74068
76072
77866
80190
85460
78346
75461
74830
74669
75732
76043
74460
74729
75381
77986
74790
76163
64501
73257
80711
76393
72415
79298
65873
76152
88085
79589
78868
76213
77385
75963
79328
77435
75922
77485
79378
80110
79348
76123
78678
77395
83166
77575
64361
76844
76102
76823
77856
84599
78236
79058
72405
73598
79870
62106
77485
65964
77635
78366
69450
47199
68278
47178
48792
64761
49914
72606
76072
52468
71494
83577
73598
78187
83857
74479
86081
78617
82895
70583
79659
79208
81813
83196
82865
71634
75992
74229
80821
80110
100418
71464
80951
80350
77816
119744
78227
81462
75381
86232
74980
78005
78717
80210
80501
83536
73768
79548
77335
77064
78597
81071
74249
80881
75371
75451
88024
77815
86742
76162
79829
74900
75822
74299
78818
80981
80220
70722
77755
76734
80701
75672
77626
79289
78066
77034
83877
77385
75111
81603
77716
74940
76303
77195
81011
75021
76333
79479
84178
78067
85230
89287
78426
82905
79278
80341
75631
72225
87224
74409
72055
76133
82725
76873
81552
75952
77846
74610
75672
76714
75230
76874
75541
78737
75531
80911
73597
78607
73087
79509
74650
76974
80812
76774
75210
80831
73938
76383
75912
75120
74710
78166
78216
75140
79098
81362
77765
78377
75411
76974
81001
74459
74700
72296
76063
76593
81402
73077
72035
79509
77775
77215
80511
77164
76864
74459
78056
78427
77315
74750
79028
77274
88335
74980
75481
78306
79528
91461
73848
79208
78217
76273
75471
74359
110877
104455
75521
77335
73778
75451
72155
69800
73548
71433
75491
74530
71785
74399
76273
70933
72605
78527
73337
49393
72365
74430
76844
76273
77585
74409
76994
72776
75542
73958
72586
72716
72485
74149
73027
74440
74039
77475
73368
70632
46918
73788
70342
71895
71844
72555
69450
70772
70852
69931
69480
69630
71013
69129
72976
71063
70973
71343
49162
70783
50765
69831
46667
47238
71473
48692
71303
49833
70803
45365
70812
45024
72776
47760
72075
62657
47619
68989
45736
71224
55804
51456
44483
68619
45996
69771
54703
69620
45906
68718
43692
47259
67195
45255
45695
69349
44353
70272
48200
71905
50325
69811
180758
79088
83787
79218
78356
79779
81172
76293
74620
78607
75110
73307
71784
79308
76814
76483
75832
68759
76784
81593
77455
75281
78286
73858
76222
78567
71123
70271
72666
78066
75701
71253
79008
72436
78617
80190
74700
76083
79759
78247
77455
80410
72897
78717
74429
75792
76934
78407
76673
76082
78056
76553
77706
78427
77976
76222
79820
79388
78987
59231
77365
78496
72485
80771
58659
76223
78797
58921
87553
78497
78948
80791
75972
80811
76253
81032
78597
75771
81652
80721
76323
82314
81172
77254
76443
79689
73347
77214
75882
76313
76773
76132
77755
77485
75221
78006
76282
75191
79889
78407
76934
76112
74770
77685
79389
74369
76183
78297
73818
74269
75771
71955
75772
74670
75471
76533
74549
97603
74219
76844
74339
90379
77074
75441
77135
75821
75522
76493
74469
78026
73697
73618
73557
73688
75952
73387
71434
74008
75051
76002
74851
74950
76543
77285
75150
74850
76644
78066
74700
73257
79509
76112
95609
74780
76904
97061
74870
75351
76643
77565
109956
76252
103904
77575
70923
81803
98364
75281
73377
75351
72094
77946
79168
83997
77686
81712
80520
73748
75532
86231
73948
83406
77795
75220
74950
82354
78166
78437
83216
77495
77825
75551
78026
78687
75201
71955
80190
73718
73578
77755
75972
88215
79809
78406
74560
74770
72365
78998
81633
74599
73317
79849
73418
77815
77445
74529
77054
79358
75101
76192
80070
73307
79799
81813
80170
77315
73518
79870
79749
77846
76313
77335
80651
102341
75221
79629
77134
88345
78006
76163
79949
79138
77314
72065
77966
71925
79318
80370
77895
89638
68999
77385
78918
77465
73598
79760
74550
84077
81853
76162
77465
78877
75902
77424
78697
76773
78948
79809
71504
78036
76593
72796
82725
77135
75140
91340
74359
79909
78777
76423
74960
76072
71955
74670
80510
74579
80570
77004
75481
76463
78056
78978
75250
79359
76203
86622
78998
74409
80581
79829
76613
77004
78026
78036
82334
81082
73688
75721
76463
78056
75902
75321
79068
80140
80641
75000
74970
77876
77786
83396
78016
75552
75341
76052
78838
78066
77185
84187
81161
83166
78577
79909
73157
75401
78768
78056
97171
74820
74720
80791
69069
70301
74600
82193
72436
83326
74570
76594
83005
63750
77515
63418
76854
63178
74510
64871
77876
61555
74860
61195
71524
61746
72776
63168
69710
61585
72506
63769
71333
63449
71253
61455
75341
62637
77154
71574
74729
71674
75662
73909
76233
75712
60272
74740
47599
74269
48370
74619
51165
91822
48371
72004
47619
70552
49733
73808
47178
69570
62116
74429
49292
76733
48812
70993
48601
74229
79569
65703
75311
77475
78897
62938
80330
64741
87854
78827
77004
71915
70793
73508
79238
78988
70572
78587
68829
83025
78697
77605
72936
61575
72756
50485
76614
70692
73888
76353
77495
78988
74490
72976
78567
75080
74350
75661
81362
85310
73628
95178
73157
76483
83676
77616
76744
74470
77274
74209
72656
72155
78747
75171
73097
73898
72856
73858
76253
72526
73026
74520
78127
77996
75531
74560
73107
73287
77575
96981
71804
77505
71103
73548
76173
74650
72465
74449
72055
70031
72195
77315
77435
73758
69199
76363
71124
73978
71023
74941
71594
68599
70692
74970
76974
72786
74099
70532
69580
78526
76543
68207
72396
75611
73588
74009
72205
73848
73467
69190
71584
72495
72175
73538
71614
72656
85911
73317
76173
77114
75341
83697
72516
73047
72976
75652
74399
49403
75220
42901
70212
55183
75311
46196
74760
47408
73488
47790
75742
45174
76834
45646
74139
45155
69310
47028
79108
52017
78838
75181
81112
63028
73288
59882
75141
48190
70852
47589
73337
47028
71423
45996
69961
48812
70832
47519
71725
45896
71283
45425
69690
48400
70663
45836
75531
47369
47198
72536
47549
72426
46698
83576
54903
72285
45676
73808
43691
74770
59612
73407
45324
70392
45805
72766
44924
74409
47730
71504
46617
76614
47780
73918
47138
70352
48250
73578
46346
78177
50474
75201
46287
73187
45916
71904
45545
73017
46858
73527
46777
93114
47900
69891
45295
72936
46437
76132
46557
71504
46878
72625
47128
76122
48070
75862
45205
72536
46978
72665
48401
72926
46066
71293
44904
72776
45946
69260
46908
73858
45605
73267
45776
69520
46978
79679
72706
48491
71764
46337
71013
44513
77294
46637
76603
46126
71354
45044
72767
46708
75361
50264
73136
45185
70812
47889
71134
48922
73829
47819
71274
44032
70321
47129
75321
47840
70993
44223
75441
46116
74420
46948
74990
49803
74359
50704
74640
73247
77215
68889
69600
75371
74520
75281
71995
72756
74248
70312
74019
74610
75191
68859
81332
85670
68698
71634
75240
69751
70732
72125
71093
72445
74199
73658
71254
72395
73919
71223
69449
72015
75522
74750
75361
72706
74580
75461
71674
97692
72786
70332
70752
77625
71223
81762
71955
75452
71915
71855
73407
70522
70532
73627
75761
73758
77485
74990
97172
74029
70472
69730
74870
83417
75171
71223
77876
75000
70232
73938
75841
69911
83456
70532
78236
69571
80932
70922
74088
72656
74138
69240
71293
74569
71354
75682
71924
75191
72055
75241
73247
74449
75141
72145
72446
73267
76894
77465
72316
77355
78006
72927
74570
75200
71003
76263
77936
84398
70673
73868
74910
70272
73928
75591
72556
73417
77535
73788
76494
76233
69470
69490
72856
72777
84758
83045
75541
68849
75752
76172
69450
82615
76313
73067
74279
75511
70803
77124
70192
75661
74589
74650
73958
75591
75862
69490
70682
73998
69951
69911
71193
73648
69180
74149
75551
71684
68588
74740
74139
69800
72776
72616
68838
71845
73157
70262
68799
68518
79108
76854
73438
72305
72976
74139
71494
78237
73107
74519
71313
74870
74730
70392
72225
72105
76483
71874
74810
73678
97132
70993
72726
71865
72095
72055
74469
70411
71954
72746
74008
71704
74729
73958
78046
73026
76283
79488
73628
100248
71314
74660
71754
78136
71424
70923
70361
74799
75211
74450
72306
72476
70512
73277
73637
69641
71303
74109
77866
68268
74169
72265
70091
74550
72315
70792
73287
72966
74920
75411
70762
71564
73237
74539
73307
75902
75231
74739
73919
75821
76403
76353
72255
73637
74219
74559
75521
72686
73939
73889
74229
70833
72767
79118
71454
74228
72375
71724
76533
71795
75061
75562
98223
73337
70793
69700
72275
48190
69280
46357
72065
46817
77324
61154
73829
45705
71073
45445
71063
50615
74910
47138
68728
46948
75432
47318
79208
46107
69891
46157
78496
47448
76123
46708
73848
46437
74289
50865
78136
46708
97562
57728
74570
47790
71784
45375
74730
45795
76944
47078
73408
49152
69680
45576
71353
44894
73177
47699
71293
51005
76222
44864
75622
45665
73918
46617
71995
50394
68969
54132
76824
53080
77676
47499
71353
47138
71254
45676
78196
48661
73508
46667
73588
47208
73918
45686
73457
45154
73788
47028
75411
47038
71714
71514
46267
73047
48120
75842
46517
71954
46026
72996
47099
74610
58119
74640
46757
70212
47609
73027
51216
71925
46417
72135
55243
73337
51125
77515
47599
73428
50224
71804
46867
72545
45926
75662
51105
73417
46888
85570
47158
76603
46727
73287
48761
70963
46777
69971
50084
90529
56064
73478
46316
81322
46387
73327
45706
68217
46887
75952
44543
74149
46607
74820
48952
74399
48981
77285
47468
73918
44774
73537
48731
72346
45425
71113
46467
77405
47750
70112
45936
72415
48511
74579
52097
74359
47419
78927
46637
74590
57337
72526
48611
69330
46617
73407
50875
71213
47258
74910
46528
70913
71744
45415
75401
46497
76102
46096
77094
49703
70602
46457
72746
46026
73738
48732
75542
46096
76272
45154
75882
49834
75461
45695
72496
45996
75521
50033
76533
48941
70772
50124
74890
52879
74810
46647
71644
45345
74419
46046
70442
47008
71864
46397
76874
76663
81492
54512
73548
46928
63298
72646
48170
70973
48190
74199
47429
76133
48621
83797
46136
74600
48701
71815
50365
71504
49723
73888
48090
77445
46347
72856
47920
74068
75682
50204
73587
48501
72586
46617
76303
50334
73347
46126
72866
45545
73337
47639
73919
47850
76984
50374
75832
51035
75462
49032
72015
65623
73267
47299
72305
45625
73147
54051
74940
47159
73568
46307
74920
48370
77735
47869
75791
48651
75932
46618
74009
49462
76233
43652
73778
49603
75171
46257
76363
46507
77075
46998
75742
47779
71244
47569
72787
47549
71493
46016
71784
46998
73658
49112
100748
45074
71484
46487
71534
46577
77414
47008
75381
48511
74139
45725
75722
47579
77305
52659
72385
45495
73147
46197
74439
45866
72335
46187
77104
46547
74459
47218
72556
48952
74780
46827
72957
46837
74410
46177
71584
47860
76293
50064
72696
44092
71393
47810
79820
45936
71293
81112
74449
73387
76844
71154
73037
73688
74590
72355
76012
73748
74760
74970
79519
79038
73358
75952
75191
73638
74229
75481
77014
74419
76172
73397
72686
74319
76543
73718
78627
71825
75491
75842
76323
74740
72946
74399
70482
75481
73567
71434
73197
75100
71684
75271
73678
81753
81953
74370
77445
73467
76413
74530
77475
77255
76282
71043
74109
76103
71484
74910
74439
71393
74960
73146
73528
72135
72756
71574
72256
74189
74169
73748
75952
75140
73077
71895
83947
77525
77364
74980
75181
76804
77665
74690
72516
75321
69109
76273
80671
71905
73377
77474
70001
72986
77305
72545
71744
71574
83025
69320
68508
50475
72385
49763
76984
51006
70843
49373
71775
46708
78668
46397
71304
45926
72726
46337
69550
49533
70362
50374
71824
52668
70712
50394
73878
46016
72325
47729
73117
45846
74439
46677
73507
46276
74469
47028
72275
46146
73478
46397
73808
46677
97152
45495
83997
53220
73838
51065
71384
46176
75521
48130
48020
72686
46958
75882
49804
82534
47108
71093
56906
76233
52047
72385
47088
70502
51275
74239
47749
72095
46927
73026
49863
74780
47128
70903
46928
78076
48260
74078
47319
68228
47559
76033
49733
74259
51086
78597
48451
74429
47108
74981
46056
78256
47018
72957
46737
75461
44694
70001
43832
74559
46557
75221
46407
76293
46277
75030
47008
70752
44814
81423
46657
74409
47169
73197
47378
72446
45556
74629
51055
73838
46708
73998
45666
83035
46547
73157
48711
71494
47589
88766
48340
71434
48300
71514
47619
74389
45905
73879
49032
73187
47449
74400
46447
74099
47388
71814
46507
72676
45766
70322
48330
74108
47569
74259
59491
75240
47379
83516
47218
76403
49262
73578
45685
73468
46627
71995
47308
83125
46046
75101
59120
75862
46247
76623
46768
73458
62587
74739
48431
71444
46487
72385
46166
74409
45145
73869
47118
84208
43782
72726
46687
75141
45405
73468
46327
75711
46888
71664
46427
73788
45305
74880
51627
72696
47269
71153
47238
70923
53450
73157
49303
70592
47398
72897
48631
76883
47419
73458
46557
76393
44884
75562
47890
71684
49583
72135
46827
71003
47048
72275
48160
73378
47489
74950
50164
70241
46738
70552
43461
72426
50565
71614
44193
71403
56435
72776
47619
74359
47880
73688
47018
96170
44313
75231
46788
71063
47899
72015
46797
73708
46677
75091
45766
71764
47599
73257
46888
74850
47569
72305
47549
73999
48341
74169
45766
75301
47909
78848
47269
71594
46698
74058
46157
71214
61475
74569
48601
71484
48390
71253
46677
73016
50244
85630
49152
77726
48611
84839
89618
155581
93455
76583
92062
83486
84929
81082
88195
90129
89267
76403
87574
67275
89888
51466
90450
85751
65232
89176
68558
88516
68608
89707
56255
100308
65012
86632
65983
88144
52659
76803
52328
74359
48991
71534
47178
73277
50184
75001
47599
72996
54603
75041
49101
72355
49943
74559
48711
71865
50074
73538
47809
72045
63559
47429
71404
73577
48350
71785
46978
78477
49072
74349
44603
69139
71243
48781
71343
46687
78457
46637
71955
46527
71083
45124
73548
48451
77094
45214
72646
45645
71744
47348
76554
46547
73998
45595
76033
49362
73488
50815
71694
50314
73217
47359
72105
59712
76182
46056
74620
45936
74089
55614
73518
46787
110136
65021
74118
80792
79940
80190
70823
80100
74640
81423
80420
74028
79609
80371
76593
80551
78697
76804
81884
83406
76453
79119
80671
75021
81753
78667
75291
81553
78206
79338
76413
85179
77896
75862
81713
79930
74309
82515
79288
77245
76643
88015
74680
76784
81152
81142
88165
76873
72034
84889
77836
72696
74860
76413
72636
74499
71774
75502
76663
72766
71153
75571
81302
71023
90930
72405
74931
85600
77265
74559
73016
77435
71805
62867
71755
78948
69701
71875
78707
80791
73417
77756
78727
76112
76413
78767
78798
88976
64621
75992
105016
82154
78978
65212
75481
79209
77515
78607
82674
74840
79198
78246
74369
77846
76914
78707
78376
79809
76724
75421
79880
60694
80250
63519
75241
80681
78197
71994
78888
79178
77946
76623
80861
71864
73998
78397
79719
75902
73247
86382
78076
91641
97062
72656
79489
79318
71143
80370
64120
74169
73708
79739
76513
79679
66905
74570
73978
78526
75020
64601
74770
79979
74530
75481
77935
62497
74840
79298
78688
74920
80991
64691
74970
74048
78036
80902
76503
52568
77004
74620
80000
78297
81012
65052
75251
75672
78487
78537
77035
63408
72335
91271
82635
75611
79328
79700
81433
73869
80852
79749
80421
74870
46778
76984
51276
77265
75802
77374
79398
52147
77204
78286
78107
78277
82263
96661
77505
66153
74880
78577
81052
77585
64341
87123
79990
81733
77134
73608
51066
73467
50634
75281
78787
76302
77104
76042
79829
77856
75862
79479
77345
74239
83285
70291
78798
75351
73297
101420
64160
71694
74269
75291
71163
76162
61154
69160
76202
74580
76963
76132
59541
68658
69450
74119
57077
73798
58179
70782
71032
71363
73357
66524
57227
69009
62517
71344
68027
70903
67206
73568
70211
66004
66444
70031
65302
68799
51526
67256
54342
65403
67747
67546
62877
66785
70121
66805
73027
62887
65873
68168
42640
42059
40025
43241
38622
44233
39354
41218
59051
41989
39134
42239
37219
39534
44052
34324
39193
36739
43642
41898
38392
35296
37490
36538
36609
37921
38061
35166
33843
38352
31239
40275
34314
34214
32742
34865
38372
36769
38822
32731
39234
33562
34494
31649
31319
14317
13826
13946
15218
14858
13225
13044
14427
12664
13485
13255
13735
26229
12163
12905
12924
11532
12053
10730
14026
