2745
23153
13906
13536
13986
13726
13695
15910
14046
13335
14056
13896
13575
13685
13685
14557
14978
13825
13776
13515
14106
13876
14758
13936
13546
14528
13976
14087
14678
14206
13815
13977
13725
13656
13676
13766
16711
13796
14087
14778
13555
13996
15339
13806
13736
14647
13916
13826
14447
15700
13966
14527
13966
13626
13856
13936
14357
14146
15609
13846
14156
13776
14277
13896
14116
14517
14096
15689
14587
14217
14497
13876
13666
14488
13976
13785
14877
13746
14006
13425
13566
13585
14677
13856
13516
14648
13735
14217
13696
14307
13755
14637
14497
13836
14678
13976
13586
14527
13816
13956
13726
14276
14627
16922
13916
13615
13325
13896
14317
15168
13816
13496
13505
13836
14177
13947
13636
14337
14176
13756
13475
14036
13796
14056
14317
14737
13976
13686
14618
13756
13886
13716
14177
13365
13906
14076
14827
14257
13696
14497
14147
13756
14657
13655
14277
14417
15890
13495
13435
13716
14027
13515
13956
13896
14558
15028
13926
10640
14266
14577
14507
11091
14267
11171
16601
14246
14367
13926
13976
13786
14357
14507
14397
14116
14737
15529
13716
13786
13425
14076
13616
13896
14106
10870
13946
14067
10930
14006
13696
13937
14497
13816
14056
14076
14457
13866
14828
15028
13786
8566
13696
13656
14717
13866
14807
13085
13936
13936
14186
13806
11111
14678
13385
14537
15338
13355
10690
14928
13695
14698
10930
14547
14597
10981
13846
14647
13406
14227
13556
13856
14017
10890
14848
14257
14547
15278
13946
10670
13946
15159
15178
14016
8295
14097
13696
14818
15038
13606
10470
14688
13946
14797
14858
13805
10600
14687
13686
14407
13686
10710
14407
13525
14056
13646
13826
13575
14788
14197
14858
14527
14327
14277
14266
13885
15038
16090
13635
14186
14817
13805
14337
14587
14598
13515
14417
14598
13775
14497
14477
14086
13485
14026
13876
14507
14547
15148
15228
14417
14848
14547
14597
15750
14657
14587
14558
14387
14738
14507
14077
14447
14437
14407
13786
13505
14136
14557
15188
17283
14126
14437
14397
13776
14487
14478
13946
15238
22873
14938
14928
13386
14437
14748
13926
13345
13315
13656
14437
14417
14126
14427
14587
13706
14487
14717
13495
16350
14487
13966
14447
13766
14507
14838
13646
14327
15088
13976
14147
13846
13545
14477
14487
13916
14757
14357
13546
14537
14647
14397
14607
14577
14417
14057
14898
14717
13946
14858
14658
16882
14678
14948
14618
14457
14528
14878
14597
14557
13936
14918
14157
24035
13325
14217
14487
14738
14247
13736
13665
14146
16050
13886
14667
14117
14627
13906
14998
14747
14226
16131
14357
13535
13886
14186
16100
13736
15129
14307
14056
13475
14617
13546
14668
14487
14057
13375
15058
13595
14657
14367
13726
14417
14627
13555
14387
15358
13936
14818
14387
14046
14396
14657
13405
14538
14928
17322
14718
15209
14827
14658
14607
14307
14647
14417
14447
14427
14467
14588
14317
15008
14828
14397
14477
14377
14527
13996
14297
14787
13566
14968
14527
13926
13565
13475
14467
14547
14667
13745
15800
10801
14157
14708
13735
14777
14768
16030
14777
10690
13876
13936
8175
14717
16050
14607
13715
14136
14147
14126
13966
13756
13916
14107
13936
13756
14187
13695
13896
13645
13726
13896
13695
13765
13735
13736
13766
13575
13886
14017
14277
13706
14367
15238
14237
10730
14567
13896
15129
10960
13956
10810
14688
13866
14587
13826
14447
11010
13826
10589
14598
13776
14758
13956
14237
13906
10590
14678
14086
14597
13806
14487
13745
14727
14778
13976
14367
15349
13566
8146
13535
13415
14648
13736
14777
13946
10970
11962
13806
16251
13726
13736
12002
13876
14327
13876
14447
13796
13745
14718
22663
14187
13696
11622
14087
14707
13836
13685
14557
13686
14507
13345
13856
14938
14868
16160
13505
14918
14116
13876
13596
13645
14647
13666
13765
13455
14597
13706
13605
14377
14998
13896
14638
13535
13745
14367
13815
13916
13776
14627
14668
13846
13755
13716
13585
14056
14568
14918
13926
13485
13685
13726
14397
13305
13646
14487
14768
13696
14507
14768
15478
15088
14658
13776
14878
15328
14958
13946
14067
13826
13916
14537
14667
13766
13425
14197
14728
14677
13685
14728
14758
13575
13495
14517
13736
14417
14597
14588
14036
14667
14748
13765
14868
14687
13786
13626
13886
14016
13445
16050
16401
15469
14677
14838
14908
15509
13876
14658
15008
14758
15859
14588
14537
14667
14067
14507
38762
13896
14688
14217
14146
14547
14697
13906
14697
14407
14788
16260
14728
13836
14607
14587
13425
14357
16080
14016
14588
16030
14046
14617
14617
14216
14678
13805
14477
14257
13786
14998
14116
14728
14257
13896
14848
13625
13956
15008
13886
13535
14658
13946
14097
13445
13565
13876
14848
13345
13856
16090
13636
13695
13435
14858
13946
13104
13866
13806
15099
13736
14157
14757
13856
14507
14537
13666
13876
13635
13696
14077
14777
13615
15159
13866
15610
14347
14207
14527
14527
14136
16370
13886
14768
14878
14006
14998
14557
14427
14597
14407
13686
14898
14657
14257
14447
14357
14838
13796
14578
14868
14166
14718
14327
14678
13716
13756
13956
14847
14517
14117
14197
14748
13816
14807
14808
14027
14587
14568
13926
14888
14808
13665
14447
13916
13776
14327
13906
13856
14758
13936
13636
10630
14377
13736
14918
14186
13776
14046
14377
13866
14527
14247
13996
13726
13876
13937
14778
14317
37180
14296
13996
14657
13536
13655
13775
13656
14657
13665
14347
14136
14266
14317
14256
13986
13615
13555
13706
16671
14778
14677
14577
14006
14678
18625
14376
15399
14558
14166
8065
15760
13756
14467
14537
13695
11261
14577
15459
14788
14206
13685
14156
13495
14286
14708
15078
13816
11853
13806
14166
13866
15148
13856
17914
14016
38452
14718
15138
14257
14837
13686
15259
13675
14026
13856
14237
13565
14778
13545
14277
13716
14868
14096
14447
13776
14357
13926
14447
13496
14508
11862
16471
14417
14206
13826
14187
13475
15038
13876
14116
13756
13936
14427
20689
14397
14257
13846
14136
14167
14267
8206
16742
12182
8225
11782
15980
16270
10700
14898
8105
21089
8156
20759
8125
14737
8195
16931
8115
14066
8436
21320
12163
22762
14056
13977
14257
9608
16340
12163
13766
27131
13786
14016
13746
13946
19296
14497
10559
15509
20499
13505
13736
13556
22523
13635
11822
13966
13696
11742
13796
16230
14337
21340
14757
22301
13957
14006
8226
16240
13756
8275
14016
14638
7805
14467
13546
14528
7644
14357
7795
14206
7324
20769
9308
14076
8265
23364
8276
14206
14347
8296
13605
13976
14007
7545
14417
13876
7724
13665
14497
9969
15509
8576
16300
7614
18184
8155
14347
7544
14587
8366
14237
7594
16191
8225
18565
13826
14617
14537
14357
10640
14597
14096
14497
15118
14427
13785
14007
14216
13876
13435
14157
13475
13716
14207
14477
14498
14166
13846
13576
13165
13235
14838
13064
14547
14457
14447
13105
13536
14597
14818
13976
14758
17994
13576
14537
14708
13896
14727
14417
13816
14948
13716
13626
14396
13906
13776
13766
14648
13786
14077
14417
13976
13666
14778
16030
13926
14517
16841
15338
10990
16551
13996
14878
13475
13555
15239
13185
13605
15609
13234
13916
13866
13685
14718
13786
14758
15469
14827
16130
14578
14117
15680
14737
14016
15549
14246
14147
15219
13996
15248
13816
15028
13896
14077
15379
14497
15018
13996
13826
15449
14417
17553
13636
13756
15399
13515
13796
15729
14307
17523
13997
13746
14768
13916
15930
13846
13906
17333
14457
13695
15388
13716
15720
15710
14176
14437
15458
13936
16120
14016
15179
14027
13866
15479
14076
13676
15248
13876
13576
15489
13956
13735
15419
13896
15669
13805
13766
13776
14948
14487
13696
15349
14187
13796
14918
13686
15469
15099
14507
14908
15760
14447
15419
14246
15469
14397
15309
15078
13806
13845
15479
14086
16982
13976
15408
14077
13755
14567
14257
13786
14497
14177
13766
14437
14036
13856
14597
14026
13805
13555
13986
13706
14507
13695
13595
13655
14207
14728
14216
13815
14326
13746
14066
13375
14467
15499
13686
14677
14006
16150
13495
14327
13906
14767
15509
13636
13926
14898
14718
14287
13866
14196
13876
13856
14677
15098
13886
16501
13936
13866
13726
15269
14487
15950
15048
14427
14988
14557
14176
16080
14006
13776
17503
14767
14037
17543
14427
16932
11231
19687
7223
13966
8226
13896
8987
14276
8155
13626
8306
13946
8155
13706
8135
8135
13585
8175
13916
8205
13475
8086
13676
13896
8286
13656
8256
13796
10830
14547
8255
13836
8075
13876
8186
13986
8305
13706
8146
13775
8596
13936
8305
13565
8356
13996
8225
13946
8195
13715
8296
13876
8446
13696
8145
13716
8456
14026
13495
8456
14377
8246
13846
8496
14468
8255
13996
8056
14096
8266
15539
8205
13946
8286
13856
8095
13926
8375
13956
7645
15329
8075
13756
8165
13605
8195
13766
13705
8446
14307
8225
13595
7604
8195
13686
7594
13706
8015
13886
8146
13715
8265
13896
7283
8125
13816
9298
13766
7674
13846
13836
8336
13786
14026
8035
13786
8226
13886
8286
13686
9247
13596
8416
15709
8426
13876
8165
13545
8325
13626
9658
15178
8215
13756
8315
14026
8526
14036
9678
13465
7514
13696
7584
13706
8025
13706
7484
13676
8205
13585
14477
8416
13375
13315
14387
14046
14888
14497
16741
14237
15709
15058
14307
8005
18615
14317
15760
14638
18585
14016
14588
10519
15349
14286
15148
14116
14106
10480
15699
13966
17683
14167
11201
17683
13816
14357
18364
13996
21991
15238
20157
13526
8406
13706
8225
14467
8205
14197
8536
14347
8246
14166
8175
14066
8285
13957
8426
14397
9537
14407
8246
14117
8466
14147
8416
14527
8416
14187
8265
13896
8255
14156
8236
14197
13665
8146
14147
8596
14497
8095
14317
8125
14607
8316
13856
8245
14167
8146
14306
8395
14037
13676
8536
13816
8466
13876
8286
13815
8286
13696
8315
13635
8436
15459
8216
13695
8366
13776
8436
13756
13676
8285
13786
8236
13916
8426
13736
8205
13666
8206
13846
8245
13626
8366
13785
8276
13686
8296
13816
8175
13726
13756
15710
13545
13736
14647
14497
14517
20789
13665
14397
13896
14186
14006
14357
14326
14247
13885
14217
14387
14477
13716
13796
13656
13786
13745
14587
16351
13646
14076
13525
13766
13566
13736
13715
14347
14668
13666
14096
13846
14608
14548
13876
13966
13695
13646
13796
14187
15118
16621
14737
14668
14677
14567
14297
15229
14107
14537
14096
16220
14628
14407
14447
14558
13835
14978
13416
14026
14467
13725
13556
13866
14437
13625
13325
14848
13745
14527
14457
13666
13666
13566
13806
14638
13726
14627
10951
13926
13385
13425
13745
14648
14838
13666
14467
11151
13575
10610
14818
13615
14757
14738
13856
14668
14877
13735
14397
14617
14286
14657
13555
11722
14717
13405
13665
13335
13836
10920
14386
13555
10480
14397
13425
14518
13355
10550
14507
15138
14637
19046
15038
22411
14517
14306
14608
11061
14457
10680
14798
14287
14728
14077
14648
15579
13846
10580
14778
14166
14698
10730
14026
14498
10881
13936
10550
14868
13766
14127
13405
13716
14537
14647
13636
14276
14337
15909
14598
10440
17092
13656
14327
11802
13565
22492
13746
15659
10480
13846
21570
14047
15549
10530
13735
21600
14166
15409
10610
15489
13886
10620
18074
13626
14988
13495
21300
10900
13395
18915
10580
15459
15119
21701
15058
15810
10800
14638
15499
12012
14557
10610
16160
14116
10520
13686
14457
13726
10670
14678
13785
13436
14086
15169
13856
14477
14577
13906
14427
15459
14337
7414
13957
8035
14076
13555
13545
13766
10860
14317
14277
14587
13665
14497
13536
13825
13275
14046
13826
10620
14557
14167
14267
11101
13495
10550
14588
14306
14557
10831
13525
11261
13755
14638
15208
13986
7955
14107
13866
14788
14668
13666
10740
15569
13726
14367
14857
13665
14888
14898
13475
16080
14778
13745
14857
15159
13936
19326
14867
14077
13635
31479
13856
17603
10941
13946
10650
21851
13866
20358
15018
15058
10510
16772
13685
18294
11271
15028
10720
15670
8085
14217
8266
15399
8275
21290
8346
14267
8356
13876
9758
13716
8275
14037
7975
13716
8346
13706
8255
13716
8195
13505
14337
13385
8145
13886
8095
13966
8175
7985
8105
15379
8476
13936
8136
13626
8185
13866
8316
13515
8065
13926
8236
13956
8185
14187
8396
13576
8356
13865
8466
13635
8255
8045
8085
13735
8175
8325
8365
13646
8246
13535
13825
7955
13836
13856
13536
21520
13776
13956
13576
13756
13846
13836
13786
13786
13746
13796
13855
13896
13516
13976
13585
13765
13876
19337
13786
13936
13886
13956
14587
14607
14577
16321
13626
13896
14828
14357
13836
13986
13555
13756
13606
14147
14527
14107
13665
13526
16341
14608
13856
13836
13826
13695
13646
14206
13615
13866
29806
13846
13565
13516
13766
13856
13957
13646
13545
14266
15188
14587
15509
15078
14497
13896
13596
14227
13796
13776
13776
13716
13766
13525
14507
14547
15690
14637
13886
14306
13695
13565
13695
14277
14076
13876
14597
14427
13686
13806
13706
14427
13826
17072
13455
13725
13706
14597
14577
14718
14627
16080
13906
14547
14558
15048
14357
14577
14447
14206
14457
13976
14838
13896
15058
14787
14427
14297
14427
13735
14627
14557
13967
14777
14046
15098
15028
15459
14357
14738
13886
14417
14497
13586
14647
14487
14056
14437
14477
13826
14427
14557
13765
14467
14628
13646
13946
14477
14758
14688
14588
15589
14527
14627
14928
14807
17112
15108
14357
14718
14668
16631
14397
14798
14678
13786
13835
13385
31599
14187
14798
14667
14587
15028
13795
14127
13355
14697
14828
14427
14558
14507
14628
14417
14487
14487
13615
13615
13425
14627
14467
14437
14597
14597
14978
14668
14637
14577
14327
14747
14667
15028
14487
14647
14978
14728
14457
13536
18104
14587
14397
14427
14397
14427
14317
13535
14437
13446
14477
14677
14507
14778
14958
14708
14637
11171
13766
10459
13235
10580
14588
10530
14147
14447
14437
13615
10319
14517
14507
14517
14306
10520
14447
14567
14447
10860
14357
13806
10500
14417
13445
10509
14296
14757
14607
14808
21380
14667
39684
14397
15138
14487
17192
14797
14507
14667
10670
13425
13515
11672
14257
15970
14287
14377
14907
14217
10540
14857
14597
14487
14868
14658
14377
14848
14757
14718
14397
14467
14657
13345
14658
14497
14758
14367
14748
13646
14698
10550
14056
11752
13705
13235
13505
14417
10279
14788
19006
14777
15719
10820
14417
17854
10920
14548
18465
14206
22191
10520
10470
17292
13635
18104
10460
14276
16541
14737
10911
18204
14276
18805
13235
16811
14528
19496
14477
20638
10440
14677
17322
13636
14878
10389
21500
14497
14077
13766
10850
14498
10850
13866
8205
13675
8205
13515
13966
13855
8386
14097
8205
14006
8325
14216
8355
14137
8145
13946
8266
13956
14056
8315
14327
13826
10891
14337
14156
13565
14447
13865
14287
14237
14257
14046
14227
13696
14116
13666
14407
13716
14347
8335
14127
8375
13996
8616
14337
8366
17262
8095
13846
8185
13805
8406
14147
8025
13656
8206
14247
8316
13856
8275
14277
8005
13686
8135
13625
7955
13475
8196
13746
8015
14026
8346
13545
12623
14117
8376
13656
8045
13766
8145
13956
8245
13686
7945
13796
7984
13766
8105
13856
8346
13775
7985
13676
8165
13766
14256
8185
14026
13635
14377
13585
14447
14266
14707
13635
14096
13575
14126
13636
13996
13615
14056
13745
16411
13715
14156
14347
14917
14116
13826
13555
14157
13656
14147
14227
14528
13505
14176
13425
14186
13746
14197
13725
17283
14147
14647
13585
14237
13515
14087
13866
15169
14547
14938
13625
14046
13655
13956
13576
13946
13686
14127
13686
13976
13816
14948
13616
14186
13505
14787
14186
14657
13596
8095
13445
13375
8115
13836
8035
13555
8266
14086
8296
13675
8145
16771
8215
13685
13735
8196
13515
8095
13746
7895
13505
8206
13605
8145
13486
8146
13686
8216
13616
13725
8075
13765
8155
14026
13856
8325
13745
8136
13726
8045
13645
8045
13395
8326
13436
8456
16461
8005
16161
8135
14928
8005
13926
8236
16140
8055
13675
13856
8496
13715
8025
13686
10009
14146
8196
29235
8155
13535
7975
13495
14878
13706
14167
13815
14096
13475
14077
13576
13956
13525
14768
14287
14337
13826
14216
13575
14216
13285
14006
13655
14127
13586
14387
13605
13506
13716
16771
13946
13696
15990
14728
14577
14497
13355
13385
13635
13565
14046
15509
13766
13506
13686
13546
13686
13826
8225
13706
8246
13585
13716
8106
13576
15609
8365
14196
8325
13986
8035
14147
13445
8085
13636
14497
8035
14166
8045
13946
7825
14167
13516
7944
13656
8106
13715
8216
13615
8336
13405
7904
13545
7594
13926
13876
8305
13856
13345
8095
13555
8576
13425
8005
13635
7504
17342
8165
19386
7565
14146
8296
19687
8135
17744
8265
14247
8245
13525
10770
13976
7534
14898
8105
15428
8105
18615
8256
20027
8005
20909
7995
13555
7925
14066
8105
13595
7454
20048
7764
13956
8065
14207
7604
20999
8076
14116
7424
16721
8075
18495
8105
14678
8075
13715
8065
13886
7494
8155
13795
14196
8075
13946
11121
15088
7965
14567
8185
21210
7574
13986
8055
18304
8115
14297
8175
14086
8025
18134
8005
14076
7985
14477
8115
14837
15749
7654
8186
8025
8406
37470
7964
14367
7935
7934
8155
13585
8596
13866
8235
13435
8176
8075
7374
13586
13536
13425
8105
13726
13746
7945
13796
13525
7083
13465
13866
13786
13936
13736
13575
13736
13706
16701
8375
13625
13987
13796
9398
13695
8155
13576
8195
13626
8216
15990
7985
13795
8155
13806
10029
13976
8145
13646
7514
13665
8065
13796
7705
8116
13625
8185
13725
7314
14177
13635
8115
13716
8576
13516
8346
13545
7434
13936
8035
13845
8065
13616
8185
13695
7514
13786
7935
13716
13756
8005
13566
8195
13696
8226
13766
7975
13476
8186
13606
7444
13725
8155
13615
7935
13685
8025
13685
8215
13736
8156
13616
8255
13716
7444
13566
8186
13846
8185
13906
8105
13535
8065
13646
8236
13435
8145
13856
7324
13626
8256
13646
7845
13706
8075
13675
8165
13696
7844
13755
8175
13665
8786
13736
8226
13685
9457
13605
8295
13495
7454
14016
8105
13776
7414
8095
13625
8125
13906
7273
13706
9308
13816
7474
13806
8335
13425
8185
13315
8075
13656
13846
8136
13385
9828
13506
8065
13585
8125
13625
8206
13555
8085
13606
8145
13726
8225
13576
8235
13976
8136
13736
8216
16581
7414
13726
7915
13776
8005
13776
8065
13655
8145
13816
8206
13545
8065
13595
8105
13586
8316
13506
13365
8095
13806
8365
13526
8236
13615
7264
13686
8186
13455
8125
13425
8115
21680
8095
13795
8075
13866
14047
8376
13595
8867
7995
13536
13776
8296
13716
7954
13806
8075
13475
8386
13635
8325
13666
9358
13736
8055
13906
8216
13715
8025
13786
14036
8035
13986
8105
13616
8316
13815
8045
13736
8165
13656
7544
8025
17993
8165
13726
7303
13856
8095
13595
8285
13645
8005
13756
8296
13496
8165
13806
7945
13906
7494
7283
8075
13636
7183
13575
8136
13405
7263
13906
8175
13746
7244
8145
13836
7294
13776
7384
13736
8256
13716
8105
13475
14527
7393
13755
7995
13666
8105
13625
8246
13706
7875
13756
8045
13776
7975
13616
8095
13676
8235
13836
8005
13596
7564
13745
8706
14667
7384
10089
13535
7414
8276
13605
7624
13505
7294
13806
7304
13796
8456
13575
7905
13466
8035
13786
8386
13455
8126
13736
8105
13996
8045
13856
7995
13766
7383
13565
7394
13685
8175
13946
10380
13736
7915
13886
10048
13865
8075
13695
8245
13515
8296
16110
7314
13606
13696
8046
13766
7995
13525
8286
13595
8085
13465
8045
13826
8085
13556
8145
13605
13525
7444
13736
8125
13927
7484
13685
8145
13926
8215
13395
8696
13725
8175
13625
7414
13846
8125
15700
10780
14567
7925
13546
7314
13766
7394
10510
13876
7294
13836
7985
13495
8005
13566
8015
13646
7975
13606
10390
13685
7995
13525
9036
13786
13735
8135
16982
8065
13706
8065
24155
10119
13846
7504
13726
7584
13706
8105
13475
8095
13746
8075
13695
8295
13525
8035
13816
7424
13485
8005
13825
8115
13936
8205
13976
7404
8095
13765
7414
13726
7995
13946
7223
13556
7965
13836
8235
13725
10259
13745
8246
13576
8055
14106
7434
8205
13726
7414
8035
13636
7615
13355
7344
13676
10590
7504
13696
7283
13656
7985
13645
7364
8305
13816
7515
13335
8146
13616
8145
13585
8205
13395
8046
13806
8035
13606
8085
13835
7855
13495
7214
13575
10650
13495
8405
13716
8025
13686
7965
13916
8025
13475
8106
13486
8065
13615
8255
13575
8065
13745
8075
13665
8145
13485
8075
13706
8405
13746
7564
13605
8205
13516
8035
13616
8045
13715
7834
13545
7394
13786
8415
13606
8325
13765
7494
13686
8225
14086
8175
13746
7404
13355
9197
13516
8106
13726
7965
13725
8115
13635
8275
13695
8306
13756
8025
13545
7364
8095
13435
7815
13645
8886
13755
8366
14196
8106
13846
8386
13725
8175
13866
8326
13876
8245
13616
7935
13816
7354
13646
8166
13856
8096
13385
7614
14988
8125
13896
7223
13755
8126
13646
8135
13646
8135
14147
7615
13575
8425
13645
7333
13726
7334
13936
8146
13786
8266
13836
7875
14938
8126
13986
8216
13305
8346
14036
7864
13886
8125
13445
8165
18294
7975
13775
8085
13595
7985
13495
8275
13765
7664
13565
8125
13645
8226
13436
8086
13736
7574
13605
8286
13556
7444
13765
8165
13405
7444
13586
7985
13585
13436
8366
13755
9097
13675
7414
13605
7364
13655
13586
8295
13746
13886
13605
7724
13595
13805
7794
13556
13735
13977
13556
13755
13826
17282
13966
8055
13646
13535
13966
13486
13355
13566
13605
13685
13896
13906
13616
13655
13746
13546
13806
8136
13666
8146
13977
13586
13696
13986
7805
13735
13956
13656
13625
14046
13556
13826
13796
13706
13746
14026
13705
8246
13796
13385
13785
13876
13745
13666
8005
14307
13606
13615
13605
13265
13726
13715
13555
13445
13856
13906
13646
13706
13626
13635
13756
13886
13796
13666
14647
13756
13616
13776
13545
13445
13585
13825
13826
14537
13936
13755
13535
13786
17282
13545
13656
13836
13746
13325
13746
13626
13876
13605
13986
13596
13726
14006
14056
13516
14107
14577
13725
13876
13445
14226
13565
13686
13666
13666
13505
14477
13856
13755
13635
13856
13806
14016
13625
13465
13686
13455
13876
13505
16270
13705
13725
13686
14167
13866
14026
14297
13576
13445
13575
14828
13506
13806
13516
14447
13475
14116
13465
13526
13565
13576
13576
13535
13825
13666
14017
13675
13496
13796
13665
13766
13685
13716
13685
13766
13595
13485
13736
13395
13736
13515
13786
13836
13776
13445
13405
13445
13676
13475
13665
13856
13575
14107
13706
13986
13706
13716
13946
13415
13565
15499
13455
13575
13665
13947
13525
14217
13896
13666
13755
13806
13605
13555
14277
14447
13505
13675
13796
13695
13786
14007
13575
13866
13806
13656
14006
13726
13946
13715
13646
13605
13555
13585
13856
13997
13796
13636
13736
13766
13556
13986
13625
13886
13805
13575
13615
14166
13515
13556
13816
13676
14447
13796
13546
13976
13505
13705
13906
13866
13566
13806
13826
13615
13456
13846
13976
15319
13525
13645
13836
13465
19326
13496
13976
13846
14137
13626
13826
13525
13836
13515
13756
13856
14126
13605
14016
13575
13626
13836
13796
11822
13826
11913
13816
13946
13485
13786
13545
14377
13566
13555
14107
13796
13615
13555
11542
13616
11592
13545
11792
13516
15970
13496
13665
13576
13605
15388
13506
13525
13455
13586
13525
13636
13505
13666
13786
13696
14007
13886
13686
13695
13676
13795
13655
13716
13425
13846
13655
17573
13715
13576
13736
13535
13636
13655
13746
13555
13615
16792
13775
13676
13635
13585
13766
13886
13606
13976
13645
13505
13705
13856
7414
14807
8336
13656
8035
13656
8115
13716
8175
13836
8285
13846
8105
13495
8055
13655
8376
13605
8216
13725
8245
13666
9398
13856
7634
11702
14067
7454
13596
8015
13566
7314
8075
13926
7454
8105
13515
7253
13685
8596
13796
12153
13696
8425
13586
8326
13706
7404
13495
8365
13495
8466
13535
7404
8486
13785
8055
13706
8075
13515
8086
13856
7975
13625
7484
8246
13675
8636
13735
9227
13735
13315
8285
13896
7935
13785
8075
13926
13926
8136
13525
7734
13866
8206
13565
9347
13615
7905
13686
8105
13295
8035
13495
7343
13686
8215
13665
8025
13475
7334
13675
11322
14527
7965
13645
8246
13635
7945
13856
8045
13686
8205
13615
8106
14116
13786
7504
13365
8256
13756
7915
13515
7574
13666
8166
13565
7605
13696
7614
8676
13536
8136
13786
8065
13425
8005
13495
8185
13665
7234
13716
8085
13506
8055
13656
7985
13846
13666
7224
13896
13556
8025
13736
7914
13966
8636
13445
8125
13926
8306
13666
8086
13866
7484
13906
8065
13926
7354
13896
8125
14146
8355
13485
8055
13605
7364
7864
13836
7244
7945
13746
7223
7935
13715
14167
8376
13756
8186
13596
8156
13756
13476
8315
13695
13916
7584
14086
8075
13585
7504
13876
13736
8145
13545
8175
13395
8145
13846
8115
13846
7965
13996
8085
13756
7614
13886
8045
13676
7995
13686
8296
13675
7805
13556
7303
13605
7924
13616
8426
13926
8206
13806
8075
13665
8225
13826
7494
13675
8456
13585
7264
13615
8186
13816
8145
13826
7544
8065
14276
7464
8275
14087
13606
13635
13595
13946
13826
13725
13665
13736
13835
13575
13966
13685
13545
14577
14938
13625
13556
13846
13465
13676
14347
14317
13685
13936
13395
13726
13486
13666
13526
13796
13705
13645
13766
13815
13846
13756
13645
15068
13855
13685
13395
13395
13516
15008
14627
13676
13515
14006
13946
14016
13856
14197
8195
13725
7464
13906
8005
13616
8216
13696
7414
13555
7945
13696
7965
13445
10279
13766
7334
13576
7964
14046
7995
13706
7995
14477
8145
14417
14227
14017
8345
13716
8166
13646
8296
16090
8215
13706
8145
13805
8075
13946
8236
13545
8546
13746
9979
13755
8105
13435
8175
13335
8126
14046
7935
13525
8486
13726
13385
11131
14367
10750
13565
8055
13706
7965
14758
8025
13615
8266
13696
13636
8426
13635
10700
14317
10550
14567
8165
13556
8086
15830
8055
15880
8286
13626
8095
13866
7534
14417
8075
13666
8596
13555
8056
13756
8045
13676
8256
13785
8235
13976
7975
13746
8135
13586
8195
13616
7995
13515
7454
13665
7454
15209
8145
16551
8125
13836
8105
13516
8186
13566
7243
13536
9638
13886
8236
13665
7954
13545
8576
13695
8205
14327
8075
13576
8425
13575
8275
17683
8055
13876
8076
14127
8125
13846
8305
13676
7393
13765
8145
13796
8456
13665
7263
13686
8105
13715
8115
13315
8576
13946
8145
13655
7364
8285
13816
7374
13786
8165
14156
8045
13656
7384
14447
8145
13716
8075
13696
8105
13706
8135
14156
7394
13725
13385
8176
13816
8045
13355
8005
13555
8215
13916
8195
13516
7344
31950
13605
8075
14226
7314
13755
8055
13565
7294
8216
13585
7474
13746
13525
7094
14367
10900
14788
11341
7304
7965
13976
7434
14578
14518
14718
13576
13475
13446
13545
7664
13475
16300
14437
14337
14287
17022
14677
13355
13776
7564
13896
7714
13696
13566
13555
10169
13846
14217
18314
13395
13916
13795
13876
13806
13715
13595
13595
7585
14457
14297
14517
14196
14688
17112
13967
13485
13635
14577
14508
13666
7173
13876
14888
14187
8366
13766
7504
8246
13695
7514
8095
13726
7474
7874
13535
7213
14748
14718
14477
10740
17173
8185
13626
8155
13615
7414
7945
17132
10780
14637
7484
13826
12303
7414
10589
14206
7334
13956
14988
14627
8135
13736
7824
10029
13636
8025
15799
10851
8045
10560
14808
7894
14598
10960
8055
10550
14407
7865
14568
14357
14447
14647
13395
13626
13695
13606
13816
13505
13525
13465
13545
13385
14166
7624
13465
13535
14618
14467
13595
13916
13726
7454
13726
13786
14366
14547
13666
13455
13385
16261
13605
13555
14897
14507
13976
13626
13836
13586
13455
14186
13576
14006
13695
14217
13545
13806
13665
13325
13566
13866
13856
13325
14407
7324
10801
14918
7404
10360
10359
7234
10519
15088
7053
10530
11341
14617
11552
13585
10670
14578
14487
13966
14227
14907
14407
8005
13846
7474
10339
14627
7935
14828
10890
14387
11011
13806
7765
13545
7454
8176
13655
7484
13976
7874
13735
8185
13705
7384
7995
13635
7514
13866
7554
10510
14687
7224
13486
13375
13946
14458
7915
36599
13756
13846
7905
13515
14237
8246
14367
14107
14437
13595
13796
13415
13315
13475
7985
13656
8716
13505
14347
14357
13736
13735
13526
13655
13856
13575
13535
19195
7995
14166
17172
14377
14858
14468
13665
13455
13665
14908
14477
13565
14016
13866
13756
8115
13645
13736
7975
13465
13395
13244
13986
13836
13535
13265
13866
13585
7955
13315
14567
8035
14397
14297
14837
14216
13656
16020
13655
13275
8035
13716
14457
14347
14637
14066
14848
14658
15288
13285
14417
14297
13224
14357
15048
14387
14607
14447
13225
14367
11001
13335
11121
14507
14387
14447
14337
14608
14437
7925
13706
14587
8255
13735
13526
8316
13755
14347
14868
14698
8036
10579
14047
7995
14267
13395
14738
13826
14648
13715
13525
14357
16812
13525
13275
13706
13335
13846
13315
13626
14417
14176
13665
14537
13645
13626
13525
13355
14077
13535
14327
14387
16210
14918
14487
14818
14337
18996
13285
13234
14617
13495
21871
13806
13466
13625
13395
13476
14227
14297
13094
14567
14097
14877
14988
16712
13305
13135
13285
14587
13585
13665
13636
14527
14697
14437
14357
13265
14537
13765
14297
14277
13325
13405
13495
13285
14157
13545
14337
14477
16060
13425
14768
13506
13996
17874
14106
14557
13845
13175
14397
14417
14216
13545
14668
14968
14227
13476
14627
14657
13555
14938
14327
14477
14467
13305
14507
14367
13485
13335
13184
14327
14337
18053
13575
13244
14336
14367
13475
13375
13525
14327
14708
14357
13435
14267
13715
17713
14327
13585
13636
14266
14467
14507
13535
14547
14497
14377
13385
13566
14437
14728
13385
14406
17593
13395
14186
14187
13726
13586
13806
15499
14518
14507
14678
14477
17302
14347
16952
13826
21270
13506
16401
13956
13305
14697
18645
14587
23364
13465
13385
14427
14527
14467
21350
14788
15028
14407
13566
13535
13786
14367
15940
14587
13495
17012
16591
13755
22171
14567
13866
13215
14297
14668
14216
14307
14678
14497
18084
13515
13555
16651
13355
20168
14347
21090
13365
21079
14567
20769
14467
14176
13585
14387
17333
15078
17373
18855
14657
13436
10519
14317
14337
13896
14617
14297
22271
14276
13886
13987
14177
13576
15159
13375
14317
13706
17613
14507
18775
14207
15148
14246
16190
14517
13776
13766
13265
20137
14748
13295
14286
17132
14708
14587
16922
17783
14376
14798
13726
13906
13144
19557
14297
19917
13235
16360
14227
13265
16922
14086
19887
14727
17743
14527
20087
13665
16170
14417
13586
14487
16160
14306
13896
13576
13435
13315
14397
14577
14387
14407
15159
14417
14567
14467
13255
10430
14437
14296
15619
14487
14477
14407
14557
14597
14437
14347
14677
14578
14497
14427
14326
14537
14477
17583
14597
15259
14577
14507
14296
13194
13756
14567
14357
15569
14307
14467
14697
10470
14477
14257
14306
14367
14487
14267
15479
13325
14487
13595
15068
21180
19356
13415
14407
13565
19015
14678
13645
13575
13526
13706
15289
13586
13305
13666
15879
14758
13926
13926
13475
14017
14437
14787
14186
13916
14236
14267
21360
14006
14287
13696
14126
14638
14467
13315
14387
13705
14277
13355
13756
13456
14737
14617
13555
14357
14818
23574
14448
14828
14307
13566
13966
13646
19958
14286
14247
15569
15820
14497
17332
14346
14247
14187
13515
18525
13285
13645
14267
13786
14167
18024
13274
26670
14517
13245
14257
16611
14487
19386
14366
14908
14487
16842
13525
19136
14137
13515
14648
23674
14607
20488
14256
14557
14287
14217
14427
14927
14387
15419
14537
14427
20067
14627
20058
14226
13225
14868
18725
14377
14718
14978
13385
17142
14407
14647
13425
13415
13495
15008
14156
19006
14557
15138
13736
13565
13526
16290
13736
17032
15849
14787
21520
14487
14677
14347
18124
14377
14337
13586
14056
13986
14247
13725
14217
13466
16561
13485
14147
13725
14337
13415
17733
11531
13866
11692
15038
10600
14768
13886
14067
14558
16271
13716
14157
13475
14176
13916
13656
13806
13365
14016
13665
14027
13476
14236
13626
13926
14467
14547
14296
14297
15789
14948
14568
11611
13886
11642
13656
14628
13635
14056
13625
13866
13825
14146
13686
13916
14748
14838
13816
13736
14006
14166
13956
16611
13936
13876
13555
14407
13716
13946
14066
14186
13846
14197
13966
14397
13545
13776
13786
13536
13665
13836
19226
14798
13736
13606
15929
14256
14917
13646
14167
13426
14187
13495
14287
13666
14177
13636
14758
14327
13996
13865
13956
13406
14046
13486
14106
13726
13956
13565
13896
17843
14787
13695
14106
13695
14187
13495
14056
13615
16401
13706
14447
13475
14106
13846
14276
13765
10589
14226
15709
14777
13736
13535
14307
13586
8126
14427
7934
14377
13645
14527
13636
14467
13506
14356
13556
14467
13395
14186
13756
14497
13776
14527
13715
14387
13836
14397
13636
14296
13616
14236
13705
14657
13265
16230
14797
13285
13786
14507
14447
14437
13916
13084
14237
13826
13675
14847
13525
14507
14667
13585
14267
14187
14848
15359
14448
13796
14306
14698
17412
14567
14257
14758
7033
14447
14498
14177
14267
14157
14307
14567
14276
14327
14717
14327
15739
14538
14607
13886
13295
14717
14617
13355
17623
14527
13195
16511
13515
14948
14196
20177
13365
13926
13926
14727
14357
14807
13645
14236
16000
14617
17973
13765
13305
14226
14036
14868
14136
13566
14787
13586
14657
13486
19747
14588
14587
13415
18365
13355
20989
14227
14697
14427
19246
14507
13816
17142
14437
13405
16852
14457
15158
14517
15829
14747
14908
13675
13295
16701
13475
13375
14247
22492
14838
17773
14547
18544
14317
15909
13415
20308
14217
15729
14577
21400
13455
13435
14207
14407
13435
14577
14627
14628
14798
14207
14387
13215
14427
14117
14157
14628
14267
14818
14397
15238
14848
14377
14587
14788
14387
14377
14607
14367
14617
17032
14377
14337
14376
14527
14968
14747
10840
14728
13295
14267
14206
14697
14237
14757
14227
7224
13506
6953
13655
13495
14377
14568
14437
10690
28934
14467
14597
14758
10519
14357
14246
14016
14056
13575
10660
14918
14297
14788
14818
13475
13936
17993
14748
14637
14507
14868
14096
10801
13555
10409
87394
13425
10680
16331
10710
14687
10630
10520
11772
11161
10590
8195
14246
10540
14276
7885
14548
10610
14337
10520
14788
13746
14367
14417
7994
14447
14367
14708
14396
14467
13686
14507
13886
15148
13976
14096
14136
14798
14077
7213
14277
13976
13275
7084
14407
14767
7033
10920
14798
10690
14538
7164
10610
14617
10620
14467
10761
14487
13996
14427
14176
14667
7243
14687
14457
7193
10991
13636
10620
14687
10529
14477
14086
14297
14157
14146
14277
14607
14196
14457
14648
13927
14577
14346
14678
14267
14678
14197
14467
15049
14537
13365
13536
14437
14396
10720
14427
10580
13785
14547
14757
13776
10650
14247
10890
13906
13435
14156
13305
14908
14187
14107
10579
14347
13786
13635
14076
10690
14618
10560
14227
13115
10559
14537
13756
13645
14768
13996
13736
13486
14317
13596
14016
14386
13385
13656
14347
13685
13765
14567
13775
16731
10840
13735
14267
13776
14407
13626
14638
13635
13495
14407
13766
13645
14567
10490
14267
17143
11912
16561
10941
13776
10910
14246
10319
17312
13555
14457
13586
10480
13715
14637
13706
14477
14317
17383
14578
14176
14066
14467
14527
13865
14226
14427
14538
14187
14227
13695
14597
14256
13666
14487
14828
13856
13245
14928
14017
13976
14487
13635
18424
14647
13525
13405
15198
13626
14066
14417
15770
14747
14648
14056
13576
14527
15589
13595
14508
14557
17713
14517
14587
14226
20047
13926
13225
14908
13736
14677
13785
14527
16301
14166
14336
13515
13926
14537
13405
13706
14587
13425
13766
13736
13766
13415
14297
13695
14046
13595
14727
13395
14618
13645
14658
13656
14477
16261
7795
14257
13625
8095
14417
13415
14287
13385
14277
13606
14557
7825
13636
14347
13606
14417
13505
8135
14658
11582
17012
11662
14598
11722
14297
11552
16471
11661
14748
11803
14277
11621
14628
11842
14227
11642
8176
14106
11551
14176
14086
14307
11932
14397
12223
14608
11782
14597
11892
14267
7945
11732
14227
11912
14517
13806
11712
14306
12113
14206
16631
13705
14216
7935
11802
14597
11822
14718
11622
14668
11531
14517
14487
11671
14407
14547
11512
14638
14257
11802
14547
14547
14667
13445
13795
13585
13766
11862
14247
17663
11612
14377
14397
12013
14527
14407
11742
14276
14457
14217
11822
14427
14417
11732
14457
14297
11582
14217
14457
14276
11692
13475
16471
13706
11582
14357
14427
14307
11431
13676
13616
11491
14447
14738
11631
13515
13806
11792
13645
14968
11892
14647
14367
11512
14497
14307
14487
11662
14727
14477
14177
11492
13535
13926
11281
14306
14317
11512
14497
14497
14617
11571
13686
14386
11542
14477
14517
11692
14617
12052
18054
15369
11411
10620
14517
10640
11692
13665
13375
11602
13516
13636
13566
11511
13746
13686
11842
13485
13916
11662
13635
13686
11642
13385
14397
11882
14557
14677
11852
14608
14487
11812
14628
14557
14307
13616
13576
15379
14457
14397
11742
14336
14197
11732
14056
14427
11532
14146
14647
11681
14347
11692
14437
14547
14167
11632
14366
14658
11612
14577
10590
11521
14617
8005
14627
14276
14628
14317
13285
13746
13605
13466
13815
13586
13906
13665
13676
13666
82354
14747
8065
14337
14477
10369
14387
10309
13906
12082
13445
8165
13775
8175
7985
14968
11621
13986
12233
13836
8135
14557
7875
8997
13646
7273
10570
14277
7895
14077
15088
15188
14798
13505
8015
12683
14447
8156
14547
14557
14237
8957
13506
8125
7795
13666
7815
7875
13756
7945
13735
7153
7935
7985
13746
7825
13986
14487
13766
12143
13736
8196
13656
7324
13516
7774
7975
34825
7284
13726
13786
14107
7364
13725
7865
8105
13756
8215
13956
13806
14317
10520
14518
16821
14758
14377
10530
14287
14347
14838
14407
10660
14627
14277
13806
14757
14417
10770
14508
13205
14437
14366
14738
14227
14367
14297
14497
14498
13415
13275
13666
16571
14117
10610
14557
14537
13556
12023
13155
10850
14477
13385
14778
14327
14137
14327
14196
17924
14407
14317
14507
14156
15098
13495
10690
14387
14808
14868
13826
14537
14226
13395
14577
14827
14267
10459
14668
13425
14367
14297
14647
14567
14487
14407
14367
13655
14457
14728
14177
14528
14477
14337
14507
15259
13445
14427
14387
14608
14758
14317
14427
14377
14587
13135
14356
14527
14628
14497
14416
14627
15259
14697
16671
14827
14827
14618
15208
13455
16842
13686
14247
14377
21810
14176
20539
14376
19015
14136
13976
14377
14858
13305
13906
13436
14106
14517
17362
13135
14708
18454
14697
14488
13275
14617
14216
14608
14728
14287
14928
13515
13455
13215
13265
13665
13455
13455
14217
14508
14447
13486
13265
13335
14457
14447
16862
14507
14738
13175
13375
13355
14387
13365
14397
14728
14317
11011
15449
13385
7875
14677
18605
14256
14517
20378
14427
17913
14687
14648
10730
17743
14357
19817
13335
19437
10830
14568
10810
14417
10570
14437
14507
14437
14377
15018
14607
14608
14146
16871
13726
22072
14387
13846
13436
14407
13565
13996
13274
13816
13736
14528
13876
14548
13285
14367
14327
13285
13345
14226
14357
14357
14637
14237
13505
13736
14146
13705
13846
14497
13516
13836
14357
13665
13625
14387
13695
13465
14567
16992
13625
13966
14136
13745
14457
13826
14277
13926
13836
14537
13815
13876
14577
13506
13666
14497
13846
13706
14447
14166
13565
14617
13746
13556
14437
13886
13856
14386
14668
13676
14597
14628
13605
14307
14738
13796
14196
14317
14166
14797
14687
13525
14427
14116
14768
21410
13665
14687
14427
13636
14447
14046
13545
14667
33533
13646
14106
14327
13916
14468
14377
13535
14427
14557
13615
14627
14607
13635
13345
13375
13636
14487
14527
13716
17442
14457
13645
14728
13735
14527
14347
13536
14437
14447
13545
14477
14497
13505
14427
14498
13786
13625
13465
13866
14376
14998
13545
14367
14467
13635
13696
13425
13686
14668
14467
13566
14427
14588
13475
10480
14887
14277
13625
12012
13516
10399
14727
13977
13806
14156
13716
10610
14336
13856
14367
14417
15199
13596
14427
14136
13726
14337
14698
13636
13425
14687
13666
14247
14748
13896
10540
14377
14017
14427
14467
14367
13335
13846
13766
13735
11662
14247
13746
13335
14056
13325
11041
13786
10560
14668
13896
10439
14307
13856
14407
10570
13555
10429
14528
13806
14377
14427
13987
10570
14216
13556
13465
14116
13535
10670
14226
13946
14307
13776
10379
14136
13565
14537
14918
13666
8035
13465
13516
13776
13585
7835
13776
13585
13796
13235
11031
13976
10539
14738
13676
11592
13515
13705
14207
13705
10740
14397
14027
14777
13705
10410
14527
13776
14778
13635
13586
14598
13645
13705
14688
13866
14277
13775
17603
14477
13675
14267
13575
13756
14417
13556
13786
14627
13505
13816
14467
13706
14066
14487
15980
13706
13936
14447
13876
14046
14387
13765
14508
13706
14617
13616
13305
14657
13325
13736
14697
13646
13626
14167
14036
13595
14547
14006
13575
14286
13916
13555
14236
13535
13415
14217
13736
13666
14597
13736
18534
13365
13706
14417
13425
14637
14137
14077
13566
14587
14016
13926
14377
13675
13816
14246
13615
13545
14307
13786
14207
7854
14016
14457
12473
7854
14296
20458
15169
19006
15269
14467
16922
14457
14998
14046
8285
13496
13596
13696
14277
13195
13706
13165
14547
14447
16671
13725
13686
13675
13685
13956
13555
13295
13546
13314
13385
13846
13505
13606
13815
14337
14346
14778
13445
8066
13766
13145
14708
14257
14297
14477
23383
14538
14176
14467
14347
13215
10520
14207
14396
14457
14217
14417
18024
14217
14357
14617
13505
10439
14347
10179
14748
14487
14317
13486
14327
14978
13344
8045
14577
7924
19647
13265
15610
13605
15770
13586
17493
14357
14517
15780
14457
14698
18624
13615
8425
7935
10550
14297
10389
15820
14146
14197
16952
10259
16801
16942
16992
10349
14527
17132
13375
18765
13466
15830
17272
14517
14778
19747
14498
14648
14878
13776
14277
16741
13735
13565
13756
13655
15369
13615
14327
13365
13526
20910
13986
13846
11842
13616
21290
14226
15479
14457
15920
14337
17703
13555
14137
14477
13466
16902
14357
13756
14918
20859
13495
17302
14407
13796
14196
16682
14016
14257
8065
19026
13535
17322
14076
13655
17212
14437
13776
15689
14467
14818
13866
17543
14387
16320
13906
14206
13585
13565
14317
14738
13766
10129
13876
14007
13655
13806
7925
13395
13826
14497
13745
14757
14337
13916
14758
10960
13205
10560
14538
15799
14637
13846
10509
14367
13826
14197
10710
13505
10409
13525
12293
13846
8105
11292
8145
13626
10530
13445
12744
13435
13084
13496
8176
10470
7915
13776
10940
13295
10549
8065
13455
10840
13465
14698
13445
8195
10580
7895
13836
10930
14727
13576
14387
23053
14437
14187
13795
14307
10610
13616
10530
14337
13615
10710
14718
13595
14167
13535
10650
13786
13476
16982
13655
11291
14698
13946
14367
13766
14527
14918
16952
10961
13756
8135
13445
13676
13274
14647
13676
7954
13716
24176
8025
13565
13666
13425
13696
8035
13926
13806
13685
13435
13655
13586
10400
14367
13846
13726
11952
13425
10489
14347
13525
14407
14287
10470
13345
13335
13675
14797
14847
13756
14477
14567
13445
14537
14317
13605
14477
14777
20037
14698
14347
14106
14487
10700
13516
10670
24166
13826
13596
13646
13776
10429
14366
13605
13676
14137
14047
14227
15219
13645
13355
14577
22692
15449
14928
13696
10600
14267
13826
14477
13495
14637
14227
10480
14427
13886
14397
14026
10500
13686
14257
13776
14347
10830
14026
10450
14337
13655
14557
10770
13756
10760
14768
13615
17804
11692
15169
11711
13546
15008
13495
14056
14427
13585
13525
14297
13685
13916
14397
11692
13736
14237
13656
14137
11792
13796
14607
13294
10590
13766
14146
14016
14528
13946
14296
13635
14558
14347
13526
14487
14417
13506
14307
14327
14006
14397
14396
13625
14467
14497
8135
14558
8055
14577
14457
14587
14707
13775
13515
13796
13966
13636
16511
13496
15489
13686
13585
14647
14497
13676
13816
13856
13535
13465
13785
13535
13785
13725
13625
13586
13755
13676
13665
13876
13625
13696
14037
13625
13846
14367
13575
13976
14407
13606
13946
14637
13706
13696
15018
13675
14397
13756
13485
14137
13756
13655
14326
13505
16251
14076
14808
13555
13686
20047
14367
14407
13946
14156
13846
13665
13866
14447
17813
14668
17202
17312
14187
14307
24816
14367
14738
14427
14376
15559
14727
17333
14367
14728
19246
14297
15579
14286
14397
16251
14306
14568
14668
14157
13545
13715
13936
14807
19476
14558
14457
14337
18073
14427
14147
14296
22272
14317
16942
14638
21720
14847
13916
13465
14417
14427
14778
14998
18234
14186
13405
14226
16681
14337
14878
13675
13806
14467
22522
14136
13625
14337
16551
14848
18715
14397
15138
14677
16611
14347
13245
24095
14577
13415
10450
13255
14617
14087
14507
13685
14347
14457
14758
14377
14657
13836
14567
14357
14808
13525
13405
13325
14227
14437
14407
14838
14367
8145
13646
13325
14467
14617
14287
14137
14277
14207
17022
13265
14357
14457
7985
13655
14547
14847
14327
13836
14928
13636
14297
14016
14247
13796
14106
13505
14618
13666
14517
17523
13736
14377
14117
13716
13575
13655
13395
14377
14257
13675
14747
14297
13466
14578
14247
13625
13786
13826
13636
14367
14427
13596
14657
14537
13435
14467
14297
13576
14477
15239
13565
14488
14678
13435
14407
14477
13746
14417
14126
20117
14287
14106
13676
14146
13606
13485
14157
13104
13405
14076
14417
13425
11742
14527
14638
12964
12072
15559
14416
13936
14758
15469
11732
14467
17292
11802
14718
11762
17943
14417
14157
11391
7965
13395
7714
11812
13385
11952
14407
11612
11862
14337
21790
13775
14928
13576
14136
13555
14177
13535
13566
13766
14096
14327
16782
13645
14567
17182
13515
21741
13856
17272
14357
14768
13646
15819
13645
14156
14567
14467
17573
14497
15119
17393
14567
14206
19155
14507
18334
14357
20559
14547
14397
8205
14577
14578
14337
13726
13655
13706
13586
13465
13716
13375
14467
14377
13776
13516
13776
13765
13535
13605
13645
14036
13856
13535
13505
13415
13706
13966
13806
13725
13416
13706
13616
7895
13756
14437
14437
14508
14096
13355
13725
13735
13736
13736
13655
13765
13445
14658
14187
13525
13785
13735
13465
13896
13635
13395
13806
13536
13625
13335
13736
13525
13565
13645
13866
13706
13505
13465
13535
17513
13675
14267
14236
23384
14137
14207
14186
13616
14367
14336
13546
16571
14467
13475
14407
14116
13606
14287
14757
13816
14337
13866
13254
13665
17834
14527
13645
14738
14678
13495
13425
13626
13485
13596
14518
14166
13566
10440
10570
11812
11732
13295
14127
14588
12062
13685
14246
13626
11602
14177
11662
13946
18305
14147
14617
14206
14447
14467
14427
14597
14066
14177
14336
14146
14397
14458
14717
14607
14387
14357
14177
14677
14166
16811
14587
14557
14147
14598
14236
10751
14287
14678
14628
13386
14247
10610
14437
14407
14206
13926
14547
14247
14417
14477
14157
17823
14177
14367
14718
17382
14537
14336
14167
15219
14487
10960
14567
14657
14497
14537
14617
13254
14327
13465
13636
14677
12514
18355
10399
14256
15048
13425
8936
13896
7414
7935
10480
7805
13916
10770
7955
13546
14377
13585
14547
18645
14467
15610
14618
20358
13515
14597
14487
20338
14327
18725
14296
14517
13516
15218
14557
15088
13675
16130
14447
13846
14437
14276
18785
14236
20719
14467
14207
14527
20097
14086
18324
14126
14558
14467
14347
14347
15229
14487
18184
25507
13586
14086
14587
20519
14237
15308
14117
14417
13335
14036
14738
19517
13385
14287
14397
19807
17983
14527
14858
14277
14377
15890
14427
14297
17573
14367
14768
14627
14648
16330
14737
14187
13726
14277
19226
16921
14156
14477
15288
14247
13916
13516
13815
20668
13755
13455
13365
14387
14256
14577
14277
14357
13345
13996
14317
13335
14287
14296
14357
14607
14928
15519
14648
13094
14697
13325
14407
14497
14127
13445
14497
14327
14207
13646
14417
14166
14297
14507
14317
14367
14517
14407
14567
14467
14467
14718
13825
13385
13926
14427
16721
14116
13536
13776
14717
14497
14206
14387
14357
14597
13415
14207
14607
14247
14677
14307
14628
14707
13516
14587
14447
14206
14718
14778
14297
14457
14206
13315
13766
13375
13545
14066
13535
13606
13856
13636
13735
16000
13696
13545
16340
13556
13716
13836
13545
14196
13976
13846
7985
13516
13806
13926
13866
13615
13676
13886
14077
13746
13866
13465
13786
13766
13806
13545
13416
13425
13947
13445
13606
8406
13635
13926
13526
13465
13465
13385
13665
13926
13486
13666
13676
13626
13605
13816
13656
13806
13465
7424
13615
8175
13806
7243
8136
13615
8135
13546
7314
13506
8977
13616
8566
13255
8175
13756
7805
10149
13716
7233
13575
9017
7644
7915
13455
8055
13195
8607
13575
8175
13455
7364
7965
13806
7274
8115
13466
8245
13916
7955
27772
9588
13405
19877
14357
13255
14537
14447
14106
14177
14587
14658
14437
13445
13745
13666
14487
14467
14056
13144
13295
14357
14337
14427
13255
14297
14728
14607
13996
13686
15980
13385
14247
14347
13134
14096
13916
14708
14497
14106
14417
14627
14597
14637
15279
13996
14266
14437
14467
14207
13515
14116
13315
14437
14958
14767
14558
14407
13585
14517
14567
14297
10670
14417
14467
12984
14356
10399
14467
14237
10350
14737
24286
14827
14678
14948
15750
15289
14417
14337
14437
14387
14136
14857
16601
14307
14657
13676
14317
13706
15569
14307
14187
13736
14537
14387
13675
14507
14176
14286
13806
14757
14477
13385
14597
13455
14237
14427
14417
13355
14537
14316
18184
13355
13676
14317
13525
14267
14307
13736
14497
14407
13736
14607
14557
13475
14147
14487
13806
14437
14587
13886
14507
14286
13525
14417
14427
13636
13635
13535
13806
14477
14357
13806
14507
14678
13616
14146
14367
13856
14598
14256
13616
14707
14407
15069
19716
13495
14798
14176
15399
14267
14668
13765
14407
13555
14707
13616
13816
14657
14256
13505
13415
13395
13506
14407
14697
13926
13255
14527
13855
13606
13355
13906
14577
14828
13676
13144
13896
13416
14477
13976
13355
13455
13595
14467
14427
13555
13485
14227
13325
13666
13445
14528
13646
14347
14327
13516
13155
13175
13836
14317
14147
15560
14327
14347
14707
14417
14287
14587
14427
14588
14247
14287
14317
14457
14447
14477
14417
14197
14567
14217
14157
13606
13686
13896
15129
13445
14487
17633
14207
14317
14106
14557
14467
14527
13585
14427
14267
14247
14677
24766
14487
13175
17312
14788
14367
13575
14627
14106
13636
14557
14337
14678
13786
13606
14367
14407
14016
13495
14518
14437
14437
13244
13095
14427
14006
13265
14547
14548
14297
14477
14507
14157
13205
13195
15328
14276
14227
14628
14347
14537
14477
15068
14306
13435
14467
14427
14387
14467
14888
14397
14346
14527
14337
14568
14026
14457
14537
14627
14387
13305
14528
14477
13405
14587
14317
14437
15569
13445
14467
14307
14547
14447
14157
13194
14317
14397
14227
14487
14377
14357
14677
14507
14627
14407
13405
14327
14427
18104
14527
13806
14537
13616
24155
13716
14417
13856
14387
13816
21400
14637
11571
13726
11451
14026
13776
13795
11672
13806
12083
13466
11501
16221
11672
14077
11582
13605
11591
15529
14657
13896
11682
14908
11762
13636
11672
13645
13716
13576
13735
13575
13576
14397
14417
10339
15509
7404
13616
7585
15599
7985
14277
7374
13655
7223
15940
7995
14497
7414
13786
9408
14887
8266
13596
7544
13525
8356
14307
13385
10971
17743
13225
14266
10640
14337
10470
14487
14217
14307
13345
11542
14156
14387
14076
13205
13695
13255
14347
13856
14297
14137
10680
13205
7253
13686
13375
13335
14387
15329
14297
14297
13445
14227
14317
14127
13555
14246
14197
13175
15129
14447
14307
14487
14127
14437
14487
14527
13575
13736
13645
13646
14187
14106
13876
13576
13566
13856
14047
13535
13726
13716
13616
14177
13525
13636
15850
13716
13986
15919
13966
13526
13445
13645
13896
13575
13916
13516
13866
13305
14357
14387
13575
13445
13906
13695
13705
13916
13836
15850
13485
15399
13775
13796
13976
13836
15379
14097
13465
13655
13576
13676
13595
16881
14326
14277
15179
13505
14006
13565
13596
13675
14207
14207
13465
13806
13376
13685
14657
14177
14928
13515
13645
13545
13616
13305
7294
13596
7123
13746
9608
13946
7274
13836
7584
15629
8226
13495
7484
13706
7173
15589
7484
14097
7173
13436
7243
14307
13345
14497
11952
14327
11181
14587
7264
14297
7454
17192
7174
14056
7554
13706
7263
13856
7284
14287
7484
17413
11451
14207
7403
13726
7354
14157
7274
7234
13987
8356
13946
7253
14176
8285
14116
7384
13946
7364
14106
10911
14477
7364
13776
7354
13736
7204
13325
7244
15539
7514
13546
7454
13435
7284
14016
8055
13786
7314
13756
8135
13636
7323
13736
7263
13666
9077
13736
7194
13746
8456
13986
7314
13836
7263
13615
7143
13505
7304
14037
7354
14397
7374
13646
7163
13505
7254
15640
7163
13344
7414
13685
7304
14027
7203
13576
7363
13636
7324
13655
7294
13756
7383
14026
7234
13586
13706
8166
13615
7384
13535
7224
13815
7314
13265
7374
13305
7324
13866
7414
13886
8055
13345
7344
13566
7324
14938
8075
13535
7464
15428
7224
16280
7323
14257
7234
13655
7224
15570
7755
14587
7514
13646
8095
14186
8015
13536
13705
13315
13586
13335
14347
14256
13606
13756
13465
13526
14016
16270
13505
13726
13555
13706
13786
13766
13586
13365
13606
13525
13605
13656
13725
13325
13665
13966
13756
13635
15560
13415
13465
14647
15068
14147
13796
13435
13445
13756
13866
13706
15469
13516
13795
14337
14316
15589
13665
13516
13675
13435
14096
14197
14247
14286
13566
13475
13595
14407
13495
13646
13585
15509
14217
13385
13756
13685
13325
16181
13696
13345
13846
13846
13245
13846
13505
13526
13466
13425
13805
13304
13515
13435
13575
13435
13745
15278
13675
13926
14167
13616
14517
14347
14076
13485
13786
13696
19016
14086
13786
13996
13435
13645
13705
13305
13535
13655
18274
13505
13706
13645
13676
14637
13575
17783
14206
13495
13676
13675
13626
13615
13706
13535
13815
16571
13836
15138
13646
13886
13625
13535
15940
13526
13566
13625
13956
13686
14437
14177
14748
13626
13646
13606
13636
13595
13546
13415
13525
13996
13726
13846
13806
13475
14306
13646
13475
13535
13585
16110
13786
13745
15769
13796
14156
13695
13535
14077
13666
13566
13645
16821
13896
14397
14387
13576
13956
13415
15850
13455
13575
13525
13696
13706
15058
13886
15629
13546
14026
13896
13536
13956
13756
13686
13746
13846
13605
14027
13806
13806
13565
13715
13786
13566
13666
14537
14497
13456
14487
13876
13806
13836
13596
14126
13976
13425
13445
13666
13635
13675
13666
13796
13765
13876
13736
13726
13906
13736
13505
16501
16271
13616
14387
14477
14146
13626
13496
13616
13685
15509
13936
13626
13756
13696
13485
13735
13596
13355
13616
13886
13716
15960
13505
14037
13565
14126
13575
14056
13716
13705
16050
13595
13746
13685
14317
13455
13635
13886
15559
13565
13746
13866
13575
13275
13766
13676
8376
13756
7464
15759
7293
13625
10810
14327
7293
13856
7304
14137
8105
13595
7564
13846
7173
13566
8305
13866
7414
13695
7224
13886
8056
13705
7504
13776
7294
14107
8276
14366
7413
14637
7584
15669
7664
13715
7273
13515
7253
14467
7223
13455
7294
13425
7253
14747
7594
13545
7965
13665
7404
13656
7514
15710
7333
13706
7404
13555
7424
14467
9087
14387
7534
13736
7464
13575
7283
14116
7323
13987
7264
13716
7294
15550
9127
15028
7464
13806
7383
15739
7574
13515
7424
13776
13515
7323
13545
7214
15078
8215
15669
7283
13926
8937
13776
8345
13575
9157
13966
13285
13535
8205
13595
7413
13786
7504
13845
7364
13716
7184
13766
8095
13355
7524
13996
7243
14167
8206
13976
7444
13956
7324
14648
7374
16020
7464
13806
7364
13475
8345
14367
7644
13996
7474
13826
7364
13836
7303
13846
7494
13796
7374
13976
7413
13505
7594
15749
7494
13645
7213
13795
9478
13755
7334
22692
7093
13806
8576
13695
7264
13385
7334
15789
7845
13626
8125
13776
7394
13856
7384
13455
7464
13966
7825
13625
7584
13675
7764
15800
8095
13605
7223
13655
13595
7193
13705
7264
14176
7324
13665
8125
15569
8285
13796
9388
13605
8145
13525
7294
14037
7474
13957
8316
13765
7374
13635
7444
15790
7494
13755
8135
13695
7464
13606
8395
14457
7274
13716
8456
13706
7524
13645
7374
13745
7374
13786
8175
13425
8346
13475
8626
11802
15640
8446
16791
7534
13565
7254
13495
8266
13636
7414
13675
7344
13686
7313
13536
8245
15299
7254
13466
7294
13526
8205
13485
13505
7754
13585
7253
16000
7404
16060
7343
14227
7224
14126
7354
14968
7344
13616
7364
15960
8867
13415
8116
14427
8126
25718
7685
14858
7354
13645
7203
15409
8466
14107
7454
13515
7264
14157
7564
13425
7133
14607
7263
13896
7404
14166
7484
13806
7404
15700
19346
13756
7344
13576
7514
15860
7544
14066
7234
13445
8085
15078
7343
13465
7234
13515
7253
13656
8135
13835
7304
13836
7294
13746
7333
13876
7424
15459
8306
14317
7324
13535
7224
13736
8726
13776
7244
13706
7133
15559
8466
26871
7253
13836
7454
15138
7434
15119
7645
13756
7123
13535
8075
13715
7474
13615
7574
14006
8195
13976
7344
13455
7504
14147
13074
13736
13856
16350
13656
13706
13836
13666
13335
14918
14037
13585
22112
13455
13575
13596
13786
13545
13516
13656
15910
13696
17913
14137
14317
14317
15629
13796
13435
14477
14737
15609
13686
13715
13716
15499
13856
13726
13635
13595
13585
13686
13886
13957
13615
13785
13455
13906
13746
14637
14778
14497
13235
13345
13616
13986
14286
13556
13516
13645
13575
13896
13775
13495
13726
13626
13655
13745
13475
13375
13435
13606
15309
16732
13655
13465
13455
14337
13675
14286
13495
14417
14407
13776
13756
14717
14297
14617
13536
14107
13796
14617
13606
13836
13906
14066
13715
17493
13415
13936
13615
14597
13625
13625
8215
13625
8115
13826
8095
13906
8285
13676
8045
13625
9328
13645
8205
13646
8376
15940
8406
13616
8446
16361
8155
14016
8355
13626
7334
15238
8335
13645
7324
15319
7364
13516
7274
13535
7334
13656
7274
13856
7274
13686
7534
13986
7344
13936
7544
13696
8355
14106
7484
13595
7484
9939
16070
7334
13555
8035
13906
7423
13966
8015
13495
8175
13525
7204
13665
8035
13675
7374
13686
7934
13825
8415
13525
7254
13936
7534
13776
7394
13766
7294
13575
8265
13656
8245
13465
8356
15128
8155
15700
7164
13795
9517
13485
7354
15358
7193
13475
7464
13636
7254
14447
7534
13676
7303
13576
7293
14377
7234
13966
7434
13726
7403
14196
9328
13916
7253
14066
7444
13977
8255
14257
7724
15689
7274
14206
7354
14277
7373
14347
7594
14588
7363
14277
7334
14227
7484
14267
7124
13866
7955
13686
7324
13736
7374
14267
7474
13886
7403
14147
7193
13795
9588
13786
7233
14006
10720
14507
7374
14366
7253
14127
7955
14497
7284
15388
7203
14157
7193
14136
7394
14177
10960
14607
7604
15309
7284
13986
7834
14547
7454
13796
7364
14207
7354
14077
7284
22141
7474
13575
7454
14427
7153
13665
7333
13535
7304
13465
7494
14146
7263
15780
7314
14057
8246
13906
7203
13616
7333
14347
10139
15429
7444
13595
7334
13595
8025
13596
7264
13946
11020
13986
7404
13796
8306
13365
7494
13946
7143
14337
7313
13926
7874
13455
7244
14237
8205
13966
7624
13746
7344
14237
8256
14096
7314
13775
7564
14016
7394
14316
7154
13625
7354
14658
7154
13956
7103
13526
7353
14057
7484
14147
7544
14187
7524
14217
7233
13916
7383
14217
7353
14257
7314
16631
7394
14126
7344
14437
7294
13565
7374
14146
7575
14046
7535
13986
10650
14327
7384
14197
9007
13766
7313
14116
8055
14407
7384
13495
7194
13545
13485
23233
13666
8195
13986
11952
15719
11812
13876
13916
13956
8246
13826
7935
14186
7354
13836
14006
8115
13636
8105
13656
8135
13645
8265
13756
7975
13685
8165
13826
7324
13625
8075
14387
7454
13585
7484
13586
8366
14166
7323
13735
7424
14017
8305
14016
7174
13646
7123
13716
8075
15700
7434
13775
11632
9788
13786
13465
7314
13556
10049
13716
8305
13294
7494
13655
13666
7323
13485
7334
13555
7344
13646
8285
13585
7374
13455
7254
14637
7263
15419
7344
15048
7243
13596
7424
14266
7324
14347
7364
13425
8215
13575
8035
16020
7314
14387
10971
13395
7744
13596
7384
13775
7545
17152
7544
13265
10510
14427
13556
14608
13345
13425
14748
14727
14487
14647
14397
14116
14327
14237
14587
14598
14387
14667
14217
14327
14286
14567
14667
14648
14538
14336
14437
14297
14307
13365
14177
14367
14488
17172
14357
14357
14206
14808
14417
13174
13725
17724
13746
14827
14176
15288
14317
13696
14126
21019
14016
14658
14738
14036
13666
14087
14096
13345
13986
13445
13555
14597
13675
15579
13416
16380
14057
14397
13686
16952
13676
13505
11572
13686
13926
16581
14086
13415
14116
14678
13185
14427
14306
13536
14297
14808
14718
10510
14597
19586
14537
14457
10530
14607
14567
14397
14376
14356
14127
14788
14357
14257
13505
14447
14818
19096
14718
25888
13415
14858
10900
14427
10660
14437
14307
14417
14447
14497
14547
15148
14397
14227
14197
14257
13205
14638
14587
16701
14537
18013
14647
14768
14316
14407
14387
11501
14557
10991
14186
13836
14327
14627
14457
10530
14317
13305
14618
14277
10439
14347
14507
14087
14988
13365
10850
14778
18374
14417
15559
14568
10640
14577
13526
14488
15098
14437
7183
13545
13395
14637
14527
14517
10590
14548
13446
15018
14908
13355
10600
14607
16110
14437
14437
14397
14587
14818
14477
14557
14307
14767
14307
7283
13305
11451
13445
13896
14457
14276
7174
13686
17793
14808
18514
14257
14297
14397
10450
14327
14667
15128
14377
11031
14637
14327
14457
14687
14327
7323
13365
7204
14207
13285
13325
14297
13465
14517
14487
14097
14407
14287
14327
14086
12824
13766
12774
13214
15529
9648
13575
13415
12934
13074
13104
9558
12975
12955
12804
12964
12022
9197
12504
11381
12554
9407
11923
8686
11932
10971
12283
12003
13104
8576
11422
11612
11271
11702
11371
10109
11302
11191
10229
9878
10710
9638
10830
8055
10731
7555
10379
10650
10139
9869
9849
10149
10309
10750
9477
10039
10059
9378
9988
9037
9117
8966
9047
8556
9327
9037
9007
8185
9067
8356
7945
8676
8095
8136
8176
8476
8455
8706
7865
7694
7635
8246
7504
8105
7184
6642
7213
6482
8516
17783
7694
6693
6482
7303
6873
6903
6522
6512
6462
6723
6152
6703
5520
8486
5380
5180
6342
5460
5761
7895
5200
5009
7364
4859
4829
4749
5520
4999
4207
4028
4047
5160
