2214
20037
11982
11752
12213
12003
11732
14327
12253
11702
12523
12063
11571
12153
12233
12413
12964
12664
12363
11622
12313
12122
13025
12122
12333
12944
12544
12283
12773
12784
12083
12002
11692
12333
11962
11762
14627
12323
12293
12744
11712
12303
11722
12003
12132
12784
12233
12383
12644
12132
12082
12824
12283
11792
12183
12603
12523
14266
12203
12032
12303
12703
12664
12253
13825
13044
12404
12524
12553
12524
13105
13535
12143
12824
11963
12052
12784
11973
13696
11773
11852
12553
12754
12163
12082
12864
12243
12113
11953
12233
12062
12773
12553
12243
12914
12413
12063
13044
12704
11612
12313
13866
12563
14658
12123
11732
11792
12142
12804
13595
12063
11962
12023
12273
11692
12253
12163
12714
12694
12162
11671
12022
12093
13095
12242
13315
12163
12012
12934
12694
12183
11992
12313
11843
12493
12123
12944
12694
12083
12764
12474
13735
12664
12113
12523
13195
12323
12153
11942
11922
15940
11752
12383
13024
13005
13395
12413
9287
14487
14157
12724
9598
12814
9478
13215
12092
13015
12503
12102
11962
12544
12844
13265
12504
13075
13516
12082
11882
11651
12223
11852
12233
11812
9618
12223
12814
9277
12424
12123
12253
12824
12634
12403
11882
13004
12363
12874
13285
12173
6903
12203
12253
12934
12183
13044
11882
12283
12153
12513
12173
9137
13124
12223
12704
13556
11732
9238
12814
11983
13114
9117
12623
12794
9628
11972
12834
13134
12574
12013
12242
12584
9398
13085
12223
13295
13064
12373
9427
12323
13004
13565
12062
7374
12553
12093
13024
13005
12463
9408
12734
12072
14387
13054
13775
9407
12975
12624
12684
12444
9157
12744
11963
12123
11872
12023
12233
12934
11982
12924
13054
12223
13475
12734
12133
13034
12964
12252
12613
12754
12033
12644
12804
12684
12102
12604
12934
12153
12714
12914
12453
11963
12404
12062
12714
13114
13185
13094
12944
13435
12955
12844
13065
12915
12834
12783
12484
14597
12794
12454
13125
12764
12874
12083
11952
12273
12964
12984
12684
12133
13015
12714
12243
12694
13085
12383
12804
12613
12884
12904
12103
12834
13004
12203
11862
11832
12473
12643
13104
12333
13104
14487
12262
12804
13205
12203
12994
12865
12173
12864
12353
13105
13365
12393
12914
12865
11953
12253
12293
12193
12894
13024
12373
13244
13014
12203
12894
12865
12283
12694
13416
13094
11933
12884
13025
12113
13275
12834
14908
15429
13074
12864
12904
13185
12945
12864
12824
12153
13335
12353
13405
11562
12573
12754
12984
12824
11972
12083
12383
13175
12283
12844
12794
12854
12233
12994
13175
12283
13045
13045
11662
12193
12072
13044
11982
13315
12754
12172
11722
13034
12213
13665
14377
13125
11772
13005
12414
12804
13144
12043
12924
13124
12333
12734
13225
12464
13385
13165
12132
13144
13265
11852
12794
13055
15178
12914
13395
12774
13045
12674
13205
13325
12644
12975
12594
12874
14657
12183
13085
12955
12824
12924
13104
13064
12042
12343
21901
12123
12814
12914
12844
11882
11782
12113
12904
12734
12333
12985
9277
12063
13134
12323
14748
12804
12293
13055
9258
12163
12544
7063
12824
13205
12804
12163
12233
12544
12493
12373
12203
12142
12333
12443
12093
12333
12163
12193
12072
12844
12153
12093
12313
12193
12172
12313
12183
12263
12353
12463
12003
13054
13405
12393
9277
12934
13896
12814
9578
12384
9227
13065
12303
12954
12153
21390
9848
12533
9528
13015
12243
13015
12474
13165
12183
9407
12935
12013
12724
12444
12944
12153
12674
13145
12273
12904
13215
12313
6873
12032
12092
12834
12203
12764
12353
9218
10279
12262
12744
12083
11642
10409
11922
12704
12173
12703
12092
12122
12874
12624
12383
11752
10460
12173
13455
12122
11852
12874
12092
12724
11752
12313
13165
12884
12333
11581
13015
12403
12353
13245
12404
12864
11662
12944
11571
13114
12333
11742
12804
12964
12283
12844
11742
12133
13114
11742
11902
12083
13005
12844
12152
11972
13776
11783
12163
12734
12753
12213
11682
11953
12042
11622
12263
12023
13816
12834
12173
12743
13125
12163
13335
13105
12424
13204
12754
12804
12173
12383
12243
12082
12693
12875
12453
12052
12393
13204
12914
12023
12824
12734
12153
11922
12674
12433
13014
14638
13035
12133
12884
12894
12303
13054
12995
12313
11772
12003
12203
11752
13125
13024
13315
13405
12754
12964
12975
12273
13335
13175
12944
12724
13345
12924
12954
12713
26690
13987
12453
12744
38442
12233
12954
12824
12142
12954
12884
12503
12975
12824
12283
12784
12713
12293
13215
12914
12584
12854
13164
12634
12995
12803
12543
13115
12203
13125
12984
12112
13145
12093
13295
12724
12644
12854
12293
12263
12884
12303
12343
12774
12273
12433
11712
11973
12413
11872
12092
12373
12824
12122
12193
11651
12324
12222
11702
13896
12153
12794
12283
12323
13054
13145
12173
12984
12063
12113
11732
12193
12253
12663
12053
21540
12173
13075
12804
12423
13736
13185
12554
13255
12353
12874
12914
12564
12945
13125
12794
13164
13164
12333
13134
13155
12303
12764
12704
13135
12132
12964
12965
12343
14147
13024
12463
12343
11832
12623
12934
12734
12413
12734
12935
12243
13114
13546
12333
13104
12904
12212
12954
12714
12073
12974
12383
12213
12694
12473
12473
13035
12423
12103
11792
14276
12243
13005
12464
12213
12192
12683
12203
12894
12383
13585
11802
12203
12303
12954
12644
13465
13114
12533
12153
11803
12122
12503
11842
12474
12063
12623
12624
12684
12875
12694
12404
11682
12323
12163
12804
13275
13185
13305
13906
12904
13154
12533
13105
12824
12143
7053
12664
11652
12844
12814
12023
9287
12724
12924
12944
12043
12283
12173
12093
13345
13074
19807
12273
10480
12353
12534
13595
12243
12123
12985
12233
13596
12854
21790
12723
16721
12283
22001
12103
16030
12163
12363
12032
15359
11973
15639
12133
14066
12323
12393
12073
14618
12242
14988
12252
16100
10429
12994
12774
14016
12293
12183
13776
19306
12152
12303
12153
15649
12914
13395
12874
14888
12293
16541
12283
16261
7294
14337
10419
7154
10529
11782
13516
9157
16921
7203
12904
7454
12644
7685
17512
7444
21069
7153
16020
7354
19697
14337
19396
12093
12794
16190
11241
12945
10740
12273
22803
12283
11211
12142
17042
13576
12112
9308
13235
19607
12203
12573
12183
14107
12052
10379
12483
12193
10280
12142
15008
12694
13265
12914
13535
12153
12213
7124
12824
12082
9288
12183
12504
6693
12283
12092
12333
6863
16601
6612
15489
6682
12684
6813
16170
7174
13195
7113
16842
12444
7374
11942
12163
18695
6542
17332
11912
6663
12012
12403
7313
13485
7314
13155
6853
12694
7353
18064
6692
12313
7113
16521
6553
13074
7334
12703
12192
12824
13034
13034
9247
12854
12453
12925
12834
12504
12142
12133
12563
14688
11732
33172
11972
11832
12353
12634
12773
12213
12072
13906
11641
11612
12985
11582
12724
12744
12784
11542
12183
13244
13255
12172
13274
15228
12073
13014
13395
12063
12744
12894
12293
13044
13766
12143
12703
12453
12232
12303
12784
12343
12002
13345
12463
12233
12924
12363
12333
12874
12293
12384
9288
14367
12524
15249
11802
12083
12924
11792
12122
13465
11651
12383
12393
12253
12904
12123
14407
12834
12854
13265
13215
12082
12904
12944
12263
12794
12935
12885
12975
12263
16901
12484
12924
12263
14467
13065
12513
12995
12143
12112
13205
12473
13065
12072
12243
12944
12533
12233
12884
14537
14367
12363
14157
12814
12223
13395
12333
12072
13466
12423
12283
12975
12152
12744
12905
12534
12514
13054
12273
14737
12514
13075
12824
12954
13114
12413
12122
12974
12314
12323
13115
12293
12293
13185
12073
12894
12253
12122
12283
13194
12463
12112
12854
12564
12213
12964
12143
12453
15830
12524
13284
13165
12714
13285
14277
12694
12864
12263
12754
12283
12003
13235
12413
13285
12473
13094
12434
12323
12714
12473
12103
13075
13997
12183
14637
12353
12313
12944
12303
12223
11832
12844
12243
12624
12243
12082
11582
12543
12714
12413
12023
12673
12424
12563
11461
12163
12303
12153
13015
12323
13906
11962
12594
12383
12834
13105
11732
12393
12143
12894
12554
12253
12153
12404
12132
12965
12083
12162
12925
12433
11983
12072
12904
12814
14006
12233
12574
12844
12884
12664
13085
12463
11982
13425
12654
12203
12003
12373
13505
9779
13355
6592
18154
7504
17332
7213
16320
7243
11993
7194
12473
7163
12233
7163
7163
12152
7303
12213
7323
12032
7243
12042
12152
7244
12273
7204
12233
9477
13095
7103
12012
7283
12123
7163
12353
7264
12233
8406
12093
7304
12323
7494
12093
7264
12563
7273
12333
7243
12153
7454
12143
7233
12263
23504
12223
7304
12163
12163
7304
12543
7263
12253
7484
12083
7123
12192
7264
12162
7233
12474
7635
12183
7454
12143
7724
12283
7173
12193
6933
12172
7504
12082
7303
12143
7564
12123
12193
7314
12323
7614
12043
6583
7194
12273
6753
12243
7233
12333
7233
12323
7123
12914
6412
7144
12424
7364
12503
6583
12022
12233
7253
12263
12303
7374
12103
7284
12223
7194
12072
7413
12213
7154
12383
7775
12283
7234
12003
7134
12143
7464
12122
7393
12153
7283
12183
7274
12052
7364
12133
6582
12373
6532
12182
7224
12223
6793
11943
7123
12213
12934
6973
11762
11652
12764
12303
13225
14347
13074
12684
13014
13385
12824
7013
12684
12764
13135
12544
13245
12102
12784
9036
14958
12634
13976
13936
12574
9187
13275
14016
13776
12543
9317
13495
12263
13826
13646
12403
13365
13305
13495
12162
7214
12082
7314
18895
7164
14006
7394
16731
7163
11992
7183
14156
7414
18975
7184
16320
7264
19196
7213
17252
7344
12313
7283
19266
7264
17833
7333
13405
7344
16822
7233
17002
12133
7224
13625
7304
15940
7113
19297
7194
12424
7234
11983
7254
17292
7213
17402
7845
16451
12123
7314
12343
7484
12183
7283
12143
7334
12043
7274
12373
7424
12193
7213
12353
7314
12113
7304
12353
12213
7294
12233
7243
11942
7464
12103
7454
12343
7213
12333
7134
12193
7254
12092
7323
12233
7534
12313
7294
12273
12133
12714
12053
12173
39343
12684
12814
13876
12003
19166
14808
19336
12333
16120
12553
13956
12353
17914
12975
12814
12213
12012
12133
12012
12263
12844
13155
12273
12172
12133
12093
12122
12213
12143
12794
12924
12373
12193
12243
12754
12684
12303
12233
12424
12083
12323
12343
13085
12914
13055
12794
13095
13485
12874
12914
12793
12834
12804
16000
13145
12534
12703
12814
12633
13115
11882
12293
12924
12072
12053
12513
12784
12213
11823
13225
12083
12704
12764
12473
11943
11662
12343
12984
12133
13134
9729
13445
11832
11802
12253
12754
13254
12092
12774
9417
12283
9207
12924
12092
12834
12975
12303
12854
13225
12113
14317
12754
12553
12965
12242
9377
13044
12043
12103
12102
12634
9478
12623
11983
9157
12944
11832
12694
13636
9137
12684
13064
12744
13185
13104
13285
12744
12503
12714
9398
12663
9357
12944
12323
12804
12413
13055
13325
12653
9227
13125
12022
12914
9407
12323
13115
9377
12323
9308
13024
12163
12192
11882
12383
12874
13095
12072
12764
12824
12934
12263
9258
24776
12373
15990
10420
12203
13525
12363
12964
9217
12263
13355
12193
12804
9127
12283
13375
12253
13014
9227
12904
12103
9167
13586
11883
14197
12233
13425
9598
11762
13055
9127
13054
13736
13826
13144
15700
9288
13275
13095
10550
12995
9267
13205
12403
10740
12293
13205
12122
9127
13235
12443
11732
12704
11842
12182
12764
12854
12894
12904
13426
12925
8666
12283
6942
12142
12032
11712
12133
9218
12704
13856
13004
12263
12774
11862
12233
11912
12223
12203
9207
13044
12603
12834
9598
12133
9317
12613
12423
13075
9528
12173
9528
12263
12804
13325
12653
6973
12333
12534
13164
13035
12283
10990
13104
12153
12895
13005
12062
13205
13294
11912
12804
12804
11982
12614
13024
14798
13325
13175
12453
11712
14166
12444
13545
9778
11982
9217
13495
12053
13486
13124
12344
9227
13285
12383
12203
9598
19927
9638
13685
7083
11963
7113
13856
7224
12583
7253
14207
7213
12153
7403
12253
7324
12404
7093
12083
7334
12032
7374
12213
7173
12133
12774
12023
7214
12052
7183
12103
7144
6933
7113
12323
7334
11972
7143
12142
7324
12243
7263
12063
7124
12303
7414
12072
7184
12323
7333
12073
7163
12082
7284
12123
7254
7053
7054
12313
7183
7033
7223
12173
7263
12163
12062
6933
12083
15178
12283
12844
12123
12474
12143
12303
12283
12072
11972
12574
12103
12032
12444
12323
12192
12062
12403
11942
12153
12463
12073
12163
12233
12082
13195
12964
13085
12633
12083
12133
12995
13034
12142
12162
14517
12083
11842
12373
12313
12083
12714
11872
13015
19106
12323
12043
12102
12083
12122
12122
12123
12112
12473
12083
11912
11973
12173
12293
12032
12063
12012
12183
13075
12804
12574
12774
12814
12163
11963
12223
11992
12062
11892
12123
12102
11992
12954
12864
12033
12142
12212
12182
12263
12273
12033
12484
12233
13846
12363
12384
12023
12323
13426
12293
12133
12383
12122
11872
12133
12904
12653
12904
12774
12784
12453
12693
12864
12994
12854
12704
12644
13365
13054
12584
13004
12483
13115
12703
12423
12914
12944
12013
12814
13505
12323
12874
12253
12814
12824
12143
12875
12864
12203
12834
12703
12433
12934
12723
12924
12764
12914
15148
12774
12964
12062
12855
12854
11702
12073
13034
12934
12804
12804
13175
12945
12864
12964
12774
13315
15720
12764
12804
12874
13395
12734
12884
12935
12213
12273
11552
13315
12804
13074
12744
12794
13025
12002
13615
11612
12724
12743
12834
12644
12834
14928
12934
12784
13205
12043
12152
11892
12954
12804
13114
12784
12994
13254
13054
12744
12754
12764
13175
13104
12814
12693
12824
12664
14617
13035
11762
13145
13054
12884
12654
12804
12664
12624
12193
12834
11752
12884
12814
12884
13375
13025
12693
12644
9548
11572
8997
11642
9277
16931
9207
13054
12684
12723
11882
9467
13105
13044
12924
12754
9247
12964
12874
36588
9438
12774
11863
9207
12604
12022
9087
12914
13015
12944
13045
13355
12844
14217
12924
12984
12814
13055
13034
12734
12874
9117
11622
12153
10309
12834
12864
12784
12814
12844
12784
9027
13235
12704
12844
12854
12924
12944
12733
12894
12894
12724
12944
12734
11692
13255
12804
12744
12704
13084
20748
12865
9247
12504
12223
12202
11602
11942
12734
9057
12944
13245
12824
13075
9097
12764
13626
9267
12814
13705
12754
13345
9067
9147
13295
14146
13355
9197
12704
14387
12904
9277
13726
12744
13375
11963
13104
13084
13445
14768
13095
9017
12874
13636
11782
12613
9198
13195
12934
17773
12102
11973
12803
9548
12242
7124
12203
7214
12073
13084
12112
7284
13275
7114
11962
7184
13655
7023
16551
7233
15409
7224
16020
11892
7153
14918
12123
9247
12814
18474
12063
14647
12202
12023
12062
12082
12193
12112
12002
12173
12112
12123
12042
12183
7224
17172
7143
12032
7214
12473
7214
15459
7214
16992
7093
11972
7123
14597
6963
14668
7273
13506
7184
15208
7093
19006
7073
12283
7104
12223
6984
12143
7043
12212
6973
11972
7304
11932
7344
12063
7243
12033
7033
12183
7103
11942
7174
11903
7044
14508
7034
12263
7134
11942
7173
11972
6993
12073
6933
11872
12253
7084
12102
11922
14126
11932
12073
12633
18023
12033
12092
12203
12112
12103
11982
11993
11992
12113
16761
11842
14587
12563
18254
12574
12704
12083
12173
11963
12142
12754
14417
11832
18995
11932
12033
12193
16881
12082
12122
12172
16340
12053
12153
12132
12082
12053
18976
12864
15108
12002
12023
12203
12152
12062
12083
14186
12132
11972
15850
12212
14427
12023
12072
12162
20207
12493
12122
11942
7063
12093
11993
6943
12133
7194
12172
7033
12193
7094
12093
7204
12433
7213
11902
12123
7133
12022
7153
12123
7333
11952
7174
11822
7113
12172
7233
12092
7093
11922
12192
7003
12233
7064
11923
11982
7333
11932
7114
11982
7153
12012
7163
11942
7274
12182
7023
12374
7063
12413
7164
12223
7043
12323
7143
12584
7013
12002
12183
7194
12023
6953
11953
7244
12363
7043
16791
7143
11992
7043
11953
12293
12022
14427
12293
12002
12453
12434
12113
12023
12143
12814
12814
11982
12113
12002
12303
12132
11903
17042
11972
12293
11812
12173
12153
12123
12103
12493
11992
12113
12233
12804
12664
12814
11872
12042
12183
11963
12093
12112
12153
12002
12002
11932
12012
11963
7164
12042
7173
16180
12072
7324
12223
12313
7194
14778
7094
17012
7094
16471
12033
7043
12193
12282
7164
12363
7123
17293
6842
12103
12033
6973
11912
7063
12223
7244
12052
7034
12103
7033
12153
6603
12113
12042
7183
15068
12022
7144
12333
7284
11963
7093
12093
6723
12503
7204
12664
6562
12072
7183
12533
7013
12844
7204
16220
7033
12233
7193
12303
8295
12343
7083
12152
7103
12483
7023
14106
7144
14216
7263
11892
7053
12143
6983
12123
6602
12724
6643
11722
8556
13966
6673
12894
7103
17122
6672
12693
7133
12564
7183
12223
7223
12043
7113
12062
6552
7013
12113
12093
7003
15660
9437
19777
7064
14608
7114
12524
6522
13025
7113
12443
7103
11962
7083
16511
7053
12403
7054
12103
7314
12213
6903
13244
13085
6502
7103
6923
7093
13285
7143
12003
7193
6943
7023
11973
7104
11932
7093
11782
7293
6893
6512
12012
11992
12093
6973
12173
11972
7113
12062
11852
6342
11923
12283
12333
12123
12454
11882
11973
12043
12373
6923
12163
12233
12233
7163
12092
7213
12564
7054
12023
6983
12573
7003
12032
7013
12263
7233
12163
7054
11912
6503
11922
7073
11962
6442
7183
12172
6953
12293
6752
12313
12092
7014
12303
6683
12023
7514
11942
6432
12263
7414
12093
7123
11962
7093
12113
6472
11892
7063
12183
12333
6973
12002
7143
11832
6923
12183
7074
12032
7133
12183
6583
12273
7203
12123
7203
12213
7084
12013
7374
11922
6983
12102
7003
12063
6562
12093
7173
11842
7434
12333
7084
15549
7183
11992
7153
12052
7163
12513
6472
12023
7124
12093
7163
11982
7174
12463
6983
12052
7354
12252
7023
12013
7184
12413
7153
12203
6863
12092
7153
12132
6452
11972
7084
12133
6623
6963
12002
7113
12043
8436
12073
7163
12333
6632
12112
7314
11942
7193
12112
7124
11992
12033
7193
11982
7303
11973
7303
11863
7153
11932
7224
11983
7234
11972
7213
12153
7184
12213
7183
11993
7043
11932
7484
12233
6362
12223
7634
12023
7404
11792
7113
12113
7303
12152
7054
11892
7213
11903
7044
12142
7053
12002
11992
7033
12102
7073
12133
7013
12303
6402
12112
6973
11902
7323
11731
7073
12614
7043
12163
7293
12484
12052
7133
12052
6492
6963
11872
12082
7143
12062
7223
12243
7183
12644
7084
12053
7033
12012
7224
12072
7094
12182
7174
12113
7054
11962
12043
7023
12243
7053
12063
7124
12073
9248
12023
7124
12173
6482
9217
12413
7043
14638
6482
12313
6973
15308
7233
12142
7264
11942
7144
12083
7044
12013
7053
12153
6472
6382
7144
11822
6462
12343
7003
12383
6512
11872
7173
11903
6322
7053
11973
6332
12143
6452
12223
7333
12112
7063
11902
12123
6663
12163
7134
11832
7043
12073
7394
12253
6993
12413
7124
12303
9488
11992
7193
12232
7194
12323
7073
11923
8225
12283
6974
12143
6392
7253
12383
9808
7303
11932
6652
12043
8325
12353
6391
12173
9147
12013
7023
12012
9618
12113
7154
11982
7153
12323
7094
12153
7183
12183
7263
12133
6452
12043
6793
11942
7234
12123
7374
12062
7353
12113
7284
11963
7053
37339
7214
11993
7163
12103
6572
12063
12223
7174
12243
7043
12003
6973
12093
7223
11982
6953
11903
7043
12022
7214
12243
12162
7555
12043
6993
12202
6532
12232
7233
12163
7033
11923
8997
12123
7324
11922
6482
12052
7204
12203
9478
12804
7173
14527
6382
11982
6412
7634
12162
6402
12203
7063
12173
7393
12123
7143
12063
7273
12133
7564
12103
7184
12082
6933
12052
12123
7124
12052
7033
12072
7043
12293
7363
14276
6462
12112
6622
12023
7094
12033
7103
12173
6983
12143
7193
12043
7134
12143
6432
12023
7033
12212
7184
12063
7224
12293
6402
7134
12053
6552
12072
8907
12062
6292
12173
9257
12043
7053
12323
7244
11982
7174
11973
8787
12182
6472
7194
12403
6442
7153
12152
6592
11963
7695
12503
6552
6783
12182
9799
12253
6963
12063
6702
7023
12213
6542
12122
7114
11993
7103
12233
7244
11912
7143
12243
7303
11932
7103
11982
6482
12023
6783
12173
7324
11962
7103
12103
7193
12293
6893
12153
10289
11912
7224
12153
6963
12132
7394
12212
7123
11972
7474
12123
7194
12393
7414
12073
7173
11983
6552
12072
7013
12383
7043
12393
7103
12133
6532
12053
6432
12083
7264
12003
6983
12102
6592
12453
7034
11982
7274
14356
6492
12042
7204
11962
7183
12072
7103
12243
7203
11993
7464
12103
7153
12073
7153
12403
6443
7033
11942
6602
12143
7203
12013
7173
11962
7143
12173
7454
11932
7073
12253
7164
12003
7053
12122
7043
12253
6512
12233
7064
11852
7254
11992
6462
12583
7223
12062
6663
12032
7073
11892
7244
12353
7033
11992
6563
11993
7063
12223
6382
12344
6422
11902
6913
12092
7144
12043
6923
12293
7093
12203
7133
11802
7093
12022
7013
12093
7133
11822
7143
12674
7083
12113
7204
12013
7113
12122
7064
12073
6532
12163
7094
12293
7084
11902
7143
12093
8135
11952
7063
12273
6522
12043
7154
12202
6473
12223
7113
12123
11992
7253
12113
7114
12053
6542
11892
6422
12323
11923
7144
12143
12043
12283
6833
12373
12273
6823
11942
12303
12083
12013
12033
12083
12443
12303
6843
12242
12203
12102
12003
11902
12253
11872
12122
12253
12123
11742
12363
12073
11983
12253
6883
12083
7143
12112
11972
12012
12594
7023
12093
12142
12122
12053
11943
12353
14307
12153
11962
12203
12082
12032
6893
12242
11822
12283
12122
14768
12112
6953
12223
12012
12092
12173
12043
12243
12153
12123
12243
12203
12083
11912
12012
12313
12083
12002
12263
12163
11912
12233
14978
11982
12172
11852
12023
12273
12052
12052
12012
12233
12082
12574
11932
12303
12132
12182
12062
11982
11933
11993
12093
12463
12152
12253
12032
12043
12123
12132
12013
12143
12192
12173
12203
12333
20017
12103
12012
11982
12152
12003
12303
12273
12062
12012
11993
11963
11963
11962
11912
12123
12023
12273
12042
12123
12163
12253
12103
12243
12103
12012
12263
12132
11912
11923
12383
11962
14687
11882
12213
12143
12113
11872
11872
14607
12333
11942
11933
12082
12002
12213
12073
11942
12083
12223
12042
11962
12364
12082
12203
12012
12082
12143
11963
12193
12143
12543
12233
12052
11893
12093
12052
11962
12053
11932
14276
12163
11912
12112
12143
12062
11982
12263
12233
12012
12393
11942
12123
12022
12193
12183
12323
12283
12393
12233
12163
12002
11963
12193
12243
11902
11972
12193
12243
12403
12062
12013
11972
12263
12093
12112
12002
12153
12203
11992
12524
11963
11982
12073
12033
15930
12363
12012
11862
11892
12273
12163
12143
12103
12123
12053
12122
12052
17904
11982
12283
12083
11972
12062
12683
12113
12133
12203
12153
12153
15780
12022
12103
11922
12273
12113
12283
11963
11993
12283
11972
12613
12033
12183
11982
12003
12463
11933
12163
12203
12082
12083
12122
11992
11943
12073
12303
12093
12082
11782
10259
12083
10349
12223
10550
12112
12343
12093
12233
12163
12242
12202
12223
12113
11982
10219
12253
10290
12082
10479
12513
12313
11932
11922
11893
12093
12272
12022
11973
11932
12063
11972
12022
12032
12293
12173
11932
11922
12113
11922
12092
11943
12393
12003
12153
11912
12113
12193
12173
12022
12093
12062
12182
12052
12043
12123
12053
12103
12163
11973
11812
12003
12223
12023
12022
14397
11992
11933
12103
12424
12052
6672
12083
7404
12043
7163
12062
7013
12203
7273
12142
7114
12042
7193
12073
7384
11992
7083
11892
7163
11993
6532
12022
6693
11952
6462
7274
12173
6563
11862
7023
11872
6582
6993
11962
10299
7183
12083
6422
12424
7134
12393
7064
12022
6964
12063
7254
11923
6543
12032
7323
12504
9187
12053
6482
7044
12143
7134
11992
7284
12043
7033
12053
7134
12032
6462
7143
12062
7373
11992
7063
12152
12263
7364
12283
7033
12122
7184
12083
12103
7284
12293
6553
12163
7184
12232
6512
12133
7124
12213
7113
11892
7434
12073
8916
12213
7033
12123
7114
11862
6552
11932
7183
12133
6993
11913
7003
11982
7144
12433
7173
12203
7003
11983
7293
12102
12203
6682
11842
7003
12122
7073
11982
6632
12243
7113
11923
6452
12032
6622
7243
12052
7133
12123
7133
35016
7013
12082
7274
12172
6402
12434
7143
11962
7263
12032
7254
12043
11943
6292
12062
11983
8676
11962
7043
12002
7143
12003
7184
12203
7153
11993
7073
12093
6572
12062
7034
12403
6472
12233
8937
12033
7233
11893
7324
12052
6562
6913
12242
6472
6993
15208
6402
7223
11993
12053
7274
12073
7074
12033
6973
12133
11942
7114
12182
12013
6552
12112
7133
12083
6683
12012
12123
7404
12212
7093
11972
9317
12193
7043
11922
7424
11942
7283
12173
6432
12083
7344
12112
7714
12073
7164
11862
6692
11902
6352
12173
7204
11832
7003
11912
6953
12032
7173
12032
7084
11983
6762
12123
7294
11972
6362
12693
7554
11952
7133
12143
6562
7043
12474
6692
6963
12042
12113
12162
12434
11992
11973
12252
11943
12043
12013
12082
12173
12232
12103
15418
12704
12143
12053
12313
11873
12503
12624
12644
12474
12143
12634
12092
12023
12103
12002
12023
11993
12033
11952
12092
12083
12072
12043
12504
11983
12022
11962
12202
12063
12984
12744
12163
11872
12133
12142
14537
11832
12043
7213
12473
6512
12583
7084
11983
7073
12163
6473
11872
7334
11832
7234
12103
7154
12093
6482
12053
6983
12133
7073
12223
7113
12183
7084
12885
12744
12072
7394
12083
7174
11943
7153
12243
7284
12133
7013
12123
7143
12213
7123
11982
7113
12143
7334
12162
7144
11992
7224
12133
7414
12123
7244
12113
7123
12023
11832
9618
12794
9358
12102
7064
12023
7193
12293
7213
12053
7093
11912
12213
7113
12082
9518
12774
9328
12904
7273
11973
7264
12503
6974
12363
7053
12102
7083
12073
6612
12133
7114
12022
7274
14708
7014
11882
7153
12123
7143
12643
7063
11913
6983
12133
7023
11903
6942
11992
9317
12112
6622
12232
6662
12282
7274
12644
7033
12103
7124
12063
7163
14317
6433
11923
7434
12183
7094
12152
6983
11912
7164
11842
7144
12042
7334
11962
7213
12203
7324
12182
7163
11922
7043
12173
7103
12022
7023
11752
6482
11972
7123
12103
7114
12053
8566
12182
7263
12133
7043
25127
6913
11892
7254
11962
6662
7123
12082
8066
12453
7144
12303
7224
12052
7023
12193
7103
11922
7184
12253
7414
14828
7003
12272
6613
12193
11982
7173
12093
7033
11972
7373
11992
7333
12694
18775
11883
6683
7404
12183
7183
12062
6472
12263
7314
12032
6552
6882
11902
6472
12063
11832
6161
12724
9428
12794
9528
6883
6892
12203
6532
13095
12834
12794
12203
11872
12063
12152
6472
12073
12273
12864
12734
12704
13335
12984
12182
11982
6572
12022
6782
12202
12022
11902
7044
12303
12874
13465
12283
12113
11993
12213
13525
12052
12083
12122
6673
12694
12964
12804
12784
13214
12995
12132
11912
11973
12984
13095
12173
6252
12122
12834
12794
7204
12093
6532
7354
11922
6622
6993
12303
6752
7073
12343
6292
12905
12834
12944
9518
15058
7164
11992
7063
12073
7193
7194
12974
9317
12844
6573
12373
10520
6352
9417
12984
6292
13035
13425
12604
7334
11882
6802
7324
12253
7044
12042
9328
6983
9268
13024
6873
12774
9698
6833
9718
12694
6913
12784
12503
12683
12714
11992
12173
12133
11912
12032
11962
12093
12152
11932
14477
12022
6852
12062
12043
13054
12774
12072
11972
12072
6622
12293
12153
13095
12894
12002
12303
12143
12544
12273
14647
12644
13024
12243
12062
12033
12182
12022
12153
12092
12243
12223
12063
11942
12163
12073
12463
12213
12203
12784
12063
12664
6352
9117
13045
6482
9317
11772
6782
9177
12844
6472
9238
9158
12925
10229
11892
7104
13205
12724
6953
15920
13024
12553
7093
12153
6662
9207
12634
6492
12955
9368
12694
9338
12213
8376
12022
6473
7003
12172
6522
12012
7204
12203
7093
12203
6422
6903
15318
6362
11562
6482
9237
12814
6342
11682
11582
11742
12824
6843
13125
12203
12233
7043
11812
12814
7504
15910
12744
12714
11872
12052
12183
11882
11952
6873
12123
7013
11982
12744
13094
11973
12213
12083
12102
12052
12083
12033
12534
6973
12864
13074
12553
12734
12604
12102
11972
12032
12924
15048
12333
12062
12053
12143
7013
14908
11762
7544
11742
11722
11652
12133
12323
12003
35166
12574
11912
6923
11802
12784
6862
12623
12654
12884
12634
14817
12183
12103
11542
6933
11762
12974
13075
13204
12834
12925
12944
12995
11712
12713
12753
11832
12885
13125
12944
12804
12693
11893
13105
9217
11671
9147
12614
12574
12894
12974
12774
13024
6863
12033
12714
6983
12102
11933
6983
12013
12914
12814
13044
6953
9077
12364
7023
12703
11973
12874
12012
12803
12193
12012
12694
12313
11542
11532
11983
11602
11682
11582
12112
13616
12914
12112
12794
12053
14527
13976
11571
12804
11882
12824
12734
11963
12673
12994
15419
12945
13125
11892
11492
12613
11722
12323
11782
11732
11772
11561
11772
12864
12664
11592
12614
12754
12754
12874
11742
11953
11782
14868
13114
12133
11702
11752
12744
12824
12643
12704
11691
15098
11902
12714
12975
11521
11722
11601
11582
12754
11671
12624
12724
11893
15909
12824
11702
12113
13706
12613
12664
11802
11481
12824
12583
12884
11882
12984
12864
12784
11652
12774
12834
12002
12844
12804
12734
12954
11712
12783
12674
11732
11702
11532
12744
12644
13054
11682
11651
12764
12954
11882
11462
11522
12714
12974
12824
11551
13095
12012
12984
12684
11872
11681
12664
13094
13014
11722
12834
12714
12634
11662
11782
12834
16471
11572
12733
13055
11712
12513
12694
12142
11912
12404
11993
12794
12704
13014
12643
13625
12623
12764
12394
13034
11541
14357
12654
11782
12824
13365
12664
13906
11682
11542
12684
12935
12804
13355
12694
15579
12723
11632
11691
13465
18485
17613
12885
11661
11853
13014
11571
13495
12954
15579
11762
20869
12784
12764
12834
15910
12904
13575
11541
11502
19316
11442
13325
12613
13375
11973
13295
12864
13315
12674
16000
12102
12694
13055
15620
12133
13375
12904
11521
9278
12884
12584
12313
12674
12664
13065
12784
15218
12303
12704
12022
13405
11702
18264
11922
14908
12744
13595
12644
11882
12774
16932
12634
14397
11672
11602
13675
12994
11441
12544
13595
12854
18074
13325
13054
12764
15939
12213
12043
11622
13495
12643
13164
11712
13455
12643
14236
13274
12844
13315
12904
16501
12624
13274
11552
12904
12564
11632
12844
14067
12905
12653
11612
11581
11602
12824
12984
12513
12743
13024
12624
12714
13105
11512
9007
12724
12624
13044
12744
12564
12804
12955
12894
12854
12894
31098
12704
12895
12734
12644
12934
13004
13014
12874
12744
16501
13245
15459
11952
11992
12894
13165
12754
12734
12964
12814
9167
12703
13004
12664
12924
12593
12493
21840
11963
12353
12153
13706
13606
12583
12744
33563
12043
12644
12804
12293
12043
11762
12273
13916
11883
11702
12944
12854
12824
16490
12072
11782
12123
15860
12914
20048
12093
17954
11832
12493
12163
12774
12082
18204
12865
17352
11782
12854
12103
16661
11642
12193
12203
12754
12814
11682
12694
12894
13005
15860
17223
12824
12092
16010
12092
13916
12864
12844
12884
12794
12834
13616
12474
12764
12734
11792
13035
11652
16792
12623
14817
12213
13476
11581
13916
12804
11471
12714
12724
12914
13445
12714
15710
12764
13816
11641
12914
13004
11692
12924
13616
12854
36328
12784
13035
12944
12644
12754
15629
12774
12784
12704
12915
13625
12864
13264
12704
11721
12784
13104
12773
13305
15960
11702
13645
12683
12834
11462
11762
11762
15650
12674
13705
12634
18114
12073
11611
11822
12834
11722
13064
13155
12753
12554
12955
15018
12423
16831
12654
14948
12173
12022
12182
14687
12183
12093
12103
17242
12053
12113
12073
17463
11953
12854
10419
12373
10279
18224
9277
19176
12203
14277
13004
13996
12143
12774
11913
17213
12203
11972
12003
12042
15780
12003
16220
12093
12082
11922
13495
12855
18265
12784
12283
12193
15178
12774
10429
12423
10219
12193
12232
12002
13766
17583
13906
12253
12002
12053
11933
12854
19736
12053
12073
12153
14908
12113
15418
12003
17112
12003
12212
12183
12102
12062
17152
12333
17593
12293
12233
11963
12143
12222
12102
11963
12073
13075
13174
11942
11903
14056
12824
16120
12223
12023
12052
12112
11972
15689
12113
12022
12163
17593
12664
13886
12253
15599
12123
12103
12152
12263
11942
12924
12033
12042
12894
15659
12002
14266
12223
12113
12123
18184
12153
16100
12102
14086
11882
14788
12042
12634
12053
9518
12714
12213
12994
12403
11872
12693
12223
7073
12824
9147
12574
12173
12674
12133
12503
11963
12854
12123
12874
12103
12694
11972
12704
12183
12854
12163
12734
12183
12624
11992
12784
12113
13064
12133
12885
11571
14006
12864
11612
12093
12894
15108
12844
12133
11862
12504
12063
11562
12874
11872
12744
12754
12092
12704
12664
12664
13114
12774
11532
12864
13195
12854
12864
12634
12824
6101
13105
13165
12584
12844
12664
12654
12914
12874
12724
13145
12904
13375
13014
12754
11993
11612
12514
12954
11682
12373
12574
11481
12884
11963
13255
12273
14698
11662
14738
12212
12754
12744
12643
11732
12714
13365
13124
12914
12223
11702
12424
16351
13044
12173
11902
12774
12082
12433
11852
13315
12624
13084
14026
18405
11642
13425
12614
13064
12814
13265
12703
12233
17052
12644
11762
13525
12834
13165
13014
13946
12804
17733
12233
11612
13475
12103
11832
12754
13315
12744
13585
12674
13084
12684
14828
11802
12693
12684
12834
12794
12433
12163
11641
12744
12824
11642
12644
12783
12734
13385
12463
12794
11552
16641
12724
12594
13064
12654
12824
13054
12864
12834
13105
12524
12734
12553
12744
12875
12754
13014
12874
12674
12694
12764
15539
13064
12854
9288
12793
11601
13014
12594
12914
13125
13025
12544
6342
11572
6091
12213
11772
13035
13255
13215
9438
13386
12794
12794
12783
9217
12513
13686
12223
12644
11782
9228
13155
12633
12865
13405
11912
12704
13235
12684
12864
12874
12784
12694
9448
11852
9378
99456
11662
9388
11792
9438
13015
9197
9247
10570
9277
9478
6903
13405
9507
12654
6292
12985
9678
13004
9718
12784
12032
12734
12543
6913
12834
12723
13355
12313
13055
12554
13135
12734
13035
12383
12944
12543
13235
12383
7975
13185
12323
11922
6362
12603
12774
6172
9547
12804
9367
12904
6422
9548
13104
9217
13105
9558
12884
12413
13094
12383
12885
8506
13125
12734
6192
9638
11762
9147
12714
9407
12914
12674
12824
12884
12334
12864
13015
12644
12814
12854
12474
13184
12714
12613
12774
12714
12473
15879
12994
12884
11712
11602
12453
12714
9267
12965
9167
11621
12614
12794
12193
9317
12453
9367
12534
11652
12533
11752
12875
14477
12674
9257
12744
12273
11902
12444
9487
12884
9287
12383
11672
9468
12723
12082
12213
12674
12423
12093
11982
12623
12203
14137
13064
12013
11972
12774
12063
12283
13275
12063
13084
9347
12153
12634
12293
12674
12023
13195
12152
11993
13385
12383
12052
12954
9238
12303
12443
10780
12343
8997
12895
9157
12523
9167
12664
12113
12784
12463
9097
11972
12894
12163
12553
12804
12613
13295
12834
12313
12623
13385
12333
13064
12865
12433
12954
13024
12052
12974
12564
12022
12513
12714
12012
11793
12884
12082
11832
12824
12153
13305
12654
12083
11772
12844
11863
11702
12533
16110
12733
12634
12042
14627
12914
12173
11812
13846
12874
12534
12924
12574
12474
12984
12514
11582
12724
12223
13144
12353
12804
11692
12424
12895
12232
11953
13345
11952
12223
12874
16261
12513
12253
11992
11982
12593
12233
12614
11942
12894
12123
13035
12002
12614
12053
12794
12293
6963
12824
12143
6913
12874
12233
12894
12022
12914
12043
12684
6883
12303
13135
12113
12734
11862
7093
15529
10360
12824
10349
12874
10340
12844
10460
13014
10460
12925
10289
13165
10419
13114
10450
16611
10229
6943
12844
10419
12683
10470
12713
10510
12574
10720
12723
10459
12864
10600
12674
6983
10399
12614
12153
13065
12383
10530
12754
10360
12614
12924
12093
12824
7014
10270
13224
10219
12724
10289
12844
10380
12824
12814
10469
13064
12674
10269
12854
12663
10389
12974
12854
12744
12122
12353
12293
12283
10329
12894
13325
10600
13125
16641
10380
12885
12804
10519
12673
12674
12554
10400
12874
12974
10389
12684
12955
10259
12714
12824
13005
10219
12243
12623
12173
10600
12804
15900
12674
10310
11963
12053
10249
12764
12864
10319
11782
11602
10390
11892
13074
10480
12674
12563
10329
12704
13245
12874
10429
12824
13154
12824
10469
12142
12143
10259
12183
12784
10489
12774
12874
12804
10259
12343
12875
10389
12754
12855
10369
12624
10500
13325
12854
12553
17022
13194
9007
10479
12203
11682
10279
12153
12133
12092
10269
12202
12213
10269
12303
12162
10259
12063
12012
10519
15269
12594
10419
13024
12774
10289
12904
12613
10259
12754
12723
12693
12133
12153
10609
12904
12774
10460
12754
12884
10330
12774
12693
10209
12954
12864
10300
12653
10590
12894
15349
12623
10379
12874
12814
10230
12804
9217
10149
12744
6812
13054
12684
12774
12934
12022
12043
12103
11982
12072
11992
12102
12053
12042
12082
55513
12804
7093
12744
12814
9017
12703
7304
12043
10980
12183
7083
11882
7013
6852
12874
6953
12363
10720
12092
7284
12163
6963
6943
12173
6332
9187
12924
6973
12754
13034
12945
13295
11852
6953
9217
12874
7053
12945
12934
12804
7314
12343
6983
6833
11892
6923
6883
12303
7053
11942
6251
6893
6843
12012
6873
11993
12474
11902
11241
12504
7164
12073
6402
11983
6902
7174
12604
7194
12223
12253
12283
6422
11982
6792
6853
12132
7023
12463
12133
12814
9217
12604
13184
12954
12764
9348
12774
12693
16381
16241
9137
12894
12854
12183
14637
13035
9278
12964
11752
12634
12985
13025
12674
12723
12814
12643
12794
11692
11752
11752
12013
12453
9127
18134
12864
12153
10580
11662
9017
12784
11541
12914
12674
12604
12794
12574
12884
12564
12694
12714
12544
13375
11672
9277
12544
12714
27371
11662
12824
13315
11692
13125
13435
12844
9197
12984
11712
12834
12824
12884
13055
12534
12633
12714
11612
12794
12824
12614
12724
12984
12914
12904
12753
11882
12674
12824
12624
12925
12944
12774
12714
12894
11662
12684
12764
13345
12874
12623
12734
18424
12844
13736
13155
15630
13024
15900
11892
12513
12334
12804
12644
13225
12603
13505
12634
13034
37270
11652
12794
14087
11642
17924
12003
12744
12834
13104
11702
12794
13044
12884
12784
12814
12894
12834
12854
12894
12814
12914
11692
11561
11672
11612
12223
11882
11612
12794
12824
12634
12003
11592
11722
12704
12844
12864
13004
12944
11492
11551
11752
12654
11833
12984
13225
12614
12393
12984
11621
6873
13185
12454
12874
12753
13285
12855
13304
13125
12754
9036
13825
12844
13335
11652
13305
9217
12704
9287
12704
9037
12643
12724
12514
12784
12764
12794
12974
12794
11922
11952
12684
12924
12222
12193
12654
11992
11932
11752
12223
12043
12954
12102
12604
11472
15910
12724
11802
11611
12654
12754
12884
13024
12664
12033
12013
12744
12032
12333
12694
11903
12243
13496
12012
12053
12824
12112
12032
12704
12313
12153
12414
12664
11952
12653
12303
12754
12093
12103
12634
12123
15148
12754
11853
11902
12814
12223
12172
12724
12343
12053
12874
11963
12073
12584
12113
12093
12673
12614
12303
12934
12683
12173
12804
12774
12093
12553
12714
12654
12774
12744
11822
12504
12183
12824
12824
12092
13005
12544
12082
12784
13405
12202
12904
13966
12032
12644
12673
12253
12713
12844
12202
12673
12764
12062
12924
12804
12022
11732
11642
12092
12824
12774
12132
12864
12834
12022
12694
11982
12694
12714
12162
12674
12764
11923
12834
12784
11982
12704
12623
11942
11662
11772
12092
12773
13055
11943
12663
12604
11903
12063
12032
12063
12714
12754
11892
12573
12784
12043
9217
12593
12192
11982
10520
12193
9307
12884
12183
12252
12363
11953
9077
12704
12243
16421
12623
12974
12353
12784
12714
12122
12704
13355
12133
11953
13065
11972
12684
13585
11872
9178
12643
15740
12744
12022
12743
11611
12153
12012
12083
10349
12613
12113
11681
12002
11662
9568
12062
9238
12744
11983
9157
12634
12073
12654
9257
12373
9157
12724
12103
12674
13174
12053
9257
14386
11993
12003
12303
12032
9288
12614
12023
12904
12083
8966
12784
12052
12764
13094
12162
7013
12063
12083
12283
11983
7014
12022
12122
12202
11491
9448
12073
9427
12624
11922
10309
12172
12313
12584
12143
9238
12654
12163
12042
12253
9248
12794
12142
12684
12092
11992
12954
12273
12133
12764
17854
12714
12013
12283
12935
12082
12513
11943
11942
12683
12003
12643
12984
11992
12143
12734
12222
12123
12834
12343
12163
12233
12874
12003
12263
12703
12022
12664
11963
12774
12033
12053
12904
12152
11963
12914
11893
11883
12784
12263
12153
12694
12223
11993
12623
12173
12103
12844
12163
12123
12483
12103
12153
12734
12213
12864
12082
12002
12854
11952
12232
12804
12193
12273
12744
12163
12123
12694
11943
11843
12634
12022
12032
12834
12143
12643
6873
12584
12634
10359
7113
12894
12784
12693
14487
13034
12774
12754
12874
13175
17543
6963
12042
12313
12133
12744
11752
12043
11551
12754
12744
13105
11852
12052
11982
12062
12403
12032
11843
11923
11591
14727
12353
11792
11712
11622
12744
12794
12904
11522
7063
11983
11582
12654
12744
12964
12603
13275
12905
12754
12643
12704
11591
9027
12724
12683
12754
12693
12673
12804
12704
12634
12995
11612
8937
12784
9037
12844
12774
13015
12082
12513
13174
11562
7104
12694
6853
12714
14177
13094
11962
12884
11752
12884
12934
12894
13035
12764
13164
15038
12173
7023
6853
9167
12624
9127
11983
11872
12444
13155
9177
13065
12895
13125
9338
13295
13014
11672
12924
11532
12884
12924
12744
27231
12233
12734
12864
12734
12193
12524
13104
12103
18254
12092
12163
12944
12183
15959
12112
11863
13205
12163
16551
10370
12122
13204
12734
12193
12794
15329
12694
12714
12252
15539
12774
12193
12984
12734
11913
13135
13215
11972
13014
12693
11982
15740
13094
12012
16190
7053
12673
12042
13725
12754
12293
13125
12834
12093
13255
12754
15389
11962
13355
12613
12864
12143
15128
12273
12133
12654
12874
12013
7113
12173
31579
12062
12093
6933
11962
12323
12774
12153
12653
12774
12092
12994
9548
12053
9037
16470
12002
12634
12093
9107
12793
12223
12714
9448
12112
9097
11952
10580
12594
7053
9168
6892
12353
9157
11852
10911
12253
10710
11982
7104
8977
7123
12433
9327
11872
9047
7013
12373
9899
14617
15028
11922
7193
9198
6943
12323
9377
12824
12393
13856
12684
23765
12673
12243
12874
9307
12213
9257
12764
12273
9107
12904
12023
12583
11933
9257
12133
11652
12333
12022
9217
12884
12523
12954
12182
12604
13154
13005
9518
12253
7023
11982
12263
11742
13054
12043
6812
12102
12293
6973
14347
11992
12023
12123
7113
12003
12092
11842
11652
11973
12092
9208
12774
11902
11983
10600
12143
9137
12744
11973
12844
12323
9177
11922
11501
11902
12804
12694
12112
12714
12754
12043
12633
12654
12003
13014
12694
12573
12895
12854
12323
12793
10119
12163
9317
20117
12153
12033
12163
12233
9177
12654
14828
11973
11933
12153
12743
12964
11952
11762
12723
12353
13085
12924
12213
9237
13135
12072
12764
12013
12653
12403
9097
12804
12053
12844
12073
9287
12133
12854
11932
12924
9408
12203
9257
12694
12072
12964
9338
12142
9157
12844
12163
13135
10640
12964
10389
11862
12914
12093
12573
12643
11882
11993
12874
12203
12263
12794
10349
12012
12784
12123
12874
10891
12153
12694
11842
9227
12213
13005
12132
12834
12122
12634
12033
12804
12804
11832
12654
12854
12023
12704
12734
12203
12754
12904
12453
12753
12784
7053
12563
6913
12684
12824
12854
13084
11992
12053
12123
12283
12102
12233
11982
12032
12022
12002
12925
12754
12042
11972
12072
11992
12133
12123
11962
12062
11952
12323
12223
12153
12073
12163
12123
12062
12303
12544
12403
12093
12694
12143
12123
12734
12132
12133
12804
12013
12263
13054
12303
12794
11993
12143
12553
12253
12012
12723
12664
14046
12473
13656
12223
12093
13466
15109
12623
18424
12373
18355
11742
15348
12714
12914
12754
13785
12013
12834
12563
13245
12654
16611
12574
12834
12934
12984
13055
12744
12935
13234
12884
12974
15058
12694
12934
12664
12855
12834
24777
12353
12052
16872
12794
12864
12964
12724
12664
13205
12924
15228
12564
13545
12724
12975
12905
13275
12804
12172
12052
12924
12684
19226
12954
13666
12564
11642
12624
13826
12754
15319
11591
17031
12624
13515
12543
11682
12683
12814
12864
13775
12544
12814
12723
13775
12764
11612
13435
13245
11792
9158
11532
13085
12763
12724
11592
12754
12774
12734
12724
12874
12143
12483
12704
12864
12213
11822
11442
12754
12934
12764
13185
16110
6913
12093
11612
12644
12854
12634
12644
12794
12543
13175
11902
12814
12764
6923
12003
12824
11972
12814
12072
12673
11973
12654
12453
12484
12183
12543
11892
12553
12173
12834
12955
11872
12844
12644
12092
12002
11631
12754
12773
12784
12092
16020
12614
11992
12663
12874
12152
12233
12223
11962
12984
12925
11963
12994
13015
11922
12694
12894
14527
12744
12714
11892
12734
12784
11993
12814
12664
12213
12824
12734
12734
12744
14427
12072
12885
11903
12023
12243
11562
11892
12132
12764
11933
10300
12524
10500
11521
10329
13726
12995
18064
12814
13486
10509
12704
16921
10519
12834
10630
12483
12884
15569
10189
7013
11551
6833
10319
11652
10189
12614
10309
13455
12664
13024
11942
12935
12062
15369
12022
17041
11842
11772
12142
15930
12965
12804
12143
12564
12643
12002
12303
12183
12945
12643
13846
12043
11943
13515
14617
12814
12663
12754
12744
15549
12724
13115
12673
12593
12804
12664
12754
12624
12664
13035
7133
12714
12874
12804
11982
11932
12232
12183
11832
12243
11982
12714
15970
12223
11892
13876
12033
12293
23063
11993
12073
14187
14357
12213
11982
11942
12113
12113
12053
11872
11892
11892
6803
12273
12784
12794
12794
12253
12103
11972
12252
11862
11722
12023
12002
12003
15549
12644
12023
12073
12123
12163
12082
11932
11942
12033
12123
12393
12213
12103
12133
12132
12052
12122
11953
11852
11842
12012
13225
12353
12984
12714
12764
12614
12684
12644
11742
12914
29385
12163
12934
12904
12102
16130
12824
12033
12623
15219
11903
12874
12192
11772
11942
13075
12754
12132
15499
12934
12012
11621
11531
11833
12955
12753
13075
12182
9107
9036
10290
10609
11651
12263
12864
10530
12093
12544
12173
10280
12994
10279
12032
12122
12583
12874
12503
12724
12784
12794
12784
12523
12493
12844
12925
12844
12784
12664
12814
12653
12874
12703
12895
12634
13165
12894
12743
12513
12734
12774
9127
12914
12754
12944
11551
12784
9347
12824
12644
12834
12704
13125
15288
12754
12834
12653
13204
12874
12614
12824
12904
12844
13886
12784
13104
12574
9287
38672
13025
12623
12663
12904
11582
12814
11852
12042
12824
9398
12964
9148
12844
13025
11832
7153
12193
6512
6923
9367
6913
12393
9157
6843
12052
12464
11942
12944
18094
12694
13124
12753
12594
11932
12714
12984
13215
16751
13265
12784
13004
12083
12273
12754
12063
12023
12924
12714
13536
12042
12603
13565
12594
13505
12714
12784
12844
13124
12574
13445
12604
12613
12824
12734
12844
19507
12733
12904
12854
12093
15048
13105
13445
12604
17653
12803
12804
12053
11962
16090
12814
11692
12724
12954
13355
13375
12864
18735
12714
12924
13155
12754
12573
12182
12935
12764
18936
12944
12594
12643
12703
15219
12744
13315
13485
12834
12644
12935
12643
15429
11491
11732
13385
12063
12002
11802
12643
12674
12814
13054
12664
11632
12604
12553
11671
12664
12644
12874
12834
19767
11782
12794
11983
12683
11461
12703
12804
12714
11692
12744
12824
12824
11722
12874
12623
12764
12594
12744
12653
12794
12754
12844
12965
12864
12894
12083
11772
11952
12944
12974
12774
11942
12293
13025
12894
12924
12864
12674
12884
11582
12493
12874
13074
12574
12514
12683
12694
11531
13074
12974
12604
16871
12624
12754
12834
12613
11532
12052
11622
12143
15950
12123
12193
12153
12072
12163
12383
12123
12203
12333
12122
12063
12073
11972
12353
12303
12143
7023
12153
12504
12233
12223
12614
11932
12063
12143
12203
12192
12073
12112
12133
12053
12153
12093
11922
12062
11942
12062
6913
12052
12073
11972
12083
12182
11872
11982
12102
12002
11933
12052
12012
12142
11973
11962
11912
12022
6643
12413
7084
12183
6352
6863
11882
7203
11962
6442
12042
7544
12082
7203
12133
7123
12053
6432
7224
12042
6341
12213
6322
6462
7003
12013
6983
11802
7214
34094
7133
12203
8706
7013
12013
6572
7224
12052
7153
12052
7073
12744
7564
11923
12012
12654
11632
12733
12985
12704
12854
12663
12905
12814
12003
12002
11591
12895
12904
12704
11511
11592
12784
12523
12784
11792
12733
12944
12694
12102
11972
12293
11482
12824
12935
11692
12053
12423
12613
12834
12914
12754
12924
13024
12754
12133
11691
11852
12764
12643
12574
12032
12173
11913
12544
12944
13475
12603
12713
11752
12804
12874
12614
8957
12493
12714
11452
12663
9097
12954
12834
9057
12604
13125
12894
12964
12704
12874
13004
12844
13655
12744
12894
12664
12884
12233
12704
12714
12052
12994
11912
13796
13014
11762
12243
12954
12593
11972
12964
12934
12633
12083
13295
12965
11822
12804
11942
12754
12885
12704
12032
12854
12804
13635
11922
11912
12704
12042
12663
12845
12423
12573
12884
12053
15149
13615
12112
12503
13245
12092
12744
12864
12073
12864
12643
12053
12724
12634
12012
11972
12172
11962
12734
12703
12143
12824
12845
12052
12574
13095
12073
12884
12644
12173
12473
14978
12814
13405
12103
12674
12733
12223
12734
12774
12223
12794
11973
12824
11812
12112
12964
12814
12273
11542
11561
12122
12744
12854
12273
11872
12804
12193
11561
11591
12153
13085
12904
11963
11521
12303
11832
12884
12002
11642
11742
12132
12914
13034
12052
11942
12653
11542
11632
12032
12644
12153
12834
12683
11662
11441
11542
11732
12955
12784
11862
12583
12563
14017
12714
12804
12804
12824
13125
12683
12574
12654
12834
13024
12934
13024
12784
13055
12544
12583
11852
11641
12243
12734
11782
12804
13044
12743
12714
12603
12874
12884
12935
11622
12754
12764
12523
12944
13214
12674
11792
12854
13195
12954
11862
13014
12944
11842
12975
12724
12703
15369
11982
12614
12824
12633
11531
12714
12663
13295
11702
11501
12764
28864
11431
13014
12834
12934
12643
12904
11692
11602
11602
11842
12753
12493
12774
12624
12814
13034
12924
12583
11742
13465
12714
12724
12774
12774
12704
12894
12704
12914
13395
12834
12673
12784
12924
12754
11522
13145
12704
11722
12904
12603
12603
12904
11612
12984
12954
12554
12684
12944
11701
12804
12994
12714
12734
12754
12734
12894
12643
12774
13034
11732
12674
12574
13014
12584
12383
12123
12092
12924
12123
12133
12373
12153
12153
12543
12373
10250
12023
10540
11982
10500
11932
10339
12053
10309
12183
10299
13756
10289
12113
10370
14657
10350
11973
10379
12263
12523
13866
10440
13976
10430
14577
11913
12293
12153
12022
12183
12724
12754
9097
12192
6492
11913
6603
13275
7024
12133
6462
12263
7784
13506
7003
11983
6462
11972
7103
12003
7194
15359
8947
12032
7073
12694
11802
9407
13024
11832
12744
9247
12714
11512
12945
12804
12443
11742
10419
12694
12994
12463
11802
12283
11652
13065
12584
12623
12423
9578
11611
6362
11992
11812
11662
12854
12563
12634
12934
12203
12754
12714
12604
14988
14256
12543
11932
12724
18104
12504
12713
12894
12834
12643
12834
12003
12153
12033
12072
12604
12393
12022
12113
12052
12102
12403
11932
12093
12062
12072
11853
11973
11973
11903
12113
12273
13556
12033
12072
11923
12203
11872
11982
12222
12032
12253
12283
12884
12924
11932
12092
12123
12102
12072
24867
12153
12504
12113
11922
12163
12152
12032
12293
12083
12253
12102
12163
12032
13946
12163
12935
12754
12674
12023
12053
12233
11883
12073
15048
12414
12323
12052
11922
11982
12113
12774
12714
12854
11882
12092
11883
12032
11932
8306
11972
6241
12132
7084
12263
6392
12153
6402
12213
7023
11942
6402
12132
6402
12263
8416
12193
6422
11662
6292
12764
11712
12553
10620
12694
9508
12513
6342
12423
6523
13044
6372
12354
6442
12172
6322
33112
6382
12494
9017
12654
7494
12413
6482
12143
6502
12433
6692
6332
13065
6573
12172
6362
12313
7284
12483
6453
12283
6412
12343
9628
12934
6272
12242
6372
11963
6301
11862
7313
13716
6592
12263
6412
11812
7924
12454
7434
12082
6482
12093
7084
12122
6412
12233
6392
11962
6743
12243
6472
12182
7143
12102
6542
12353
6352
12133
6983
12183
6462
12182
6492
14336
6371
12023
6412
11962
6843
12333
6352
11922
7975
12123
6432
17683
6492
12043
6983
12062
6482
12002
6462
12152
6592
12002
8586
12163
12052
7043
14487
6372
12002
6382
12103
6362
11913
6522
11842
6532
12183
8596
12243
7294
11993
7083
12123
6542
13876
7054
11872
8496
13816
6372
13765
6472
12002
8526
12153
6352
12223
6482
12212
6743
12093
7134
12033
7124
12033
11963
11963
12003
11952
12774
12864
11943
12032
11982
11912
12053
13765
11942
12033
11952
12133
12012
12483
11962
11922
12163
11912
11883
11962
12093
11903
12183
12083
11992
11983
11922
12153
12023
12885
13184
14226
12173
11923
11943
12012
12002
12002
13375
11972
12133
12593
12233
12383
11962
11922
12033
12363
12523
12122
12684
12664
12102
12092
12133
11972
11902
12062
12133
14386
12403
12103
12042
12042
12163
12132
11973
12083
12123
12303
11953
12383
12032
11893
12023
18615
11993
11882
12063
11902
12042
12002
12072
12083
12023
12153
12243
11862
15469
12624
12433
11973
12093
12052
12624
12003
12042
12153
12033
12283
12132
11892
12063
12162
12834
12062
11982
11942
11883
12203
12032
12684
12663
11913
11912
12022
12333
11913
12082
12062
12072
13916
12052
11943
12152
11912
11993
11882
11982
12073
12052
11932
12123
12063
12663
12543
12704
12053
12122
12022
11993
12072
11963
12223
12153
12384
12243
12022
12073
11952
13526
12063
11952
12083
14467
16350
11852
11913
13455
11943
14477
12032
11922
12123
11993
12073
12093
15279
12173
12614
12724
12273
12193
11963
12323
20568
11882
12083
14517
12213
12153
16691
12053
12093
12293
12202
11843
11903
11932
12022
12223
12143
12163
12484
12153
12163
11852
11832
12073
12343
12013
12683
13035
12212
12202
11973
12003
12072
11993
12644
12263
11732
25027
12112
12213
12183
11792
12113
12073
12203
12043
12102
12353
12103
11782
12383
12173
11862
16470
12904
12303
12092
11892
12203
12083
11993
11992
11983
12012
12032
12123
12153
11923
12022
12123
13104
15499
13726
11882
12093
11882
12283
11963
12434
12092
12032
12193
12093
12042
11983
12233
11993
12092
16781
12022
11843
11902
12012
11872
11872
12343
12222
7544
12063
6472
12172
8285
12183
9939
12724
6462
12112
8566
12383
7073
12092
7203
12083
6852
12032
7374
11963
6332
12083
8646
12063
7444
12002
6623
12062
6533
11982
7154
12283
6392
12243
8095
12964
6462
12453
6342
11972
6322
11872
6342
11912
6392
12063
6342
19707
6482
12313
7353
12043
8326
12183
6522
12033
6372
12433
6432
11892
6392
12454
7154
12574
28113
12103
7264
12143
6532
12364
6392
12072
6623
12033
8105
12483
7304
11732
6602
14387
6452
13004
8255
12223
6512
12133
12013
6402
11952
6482
12103
7233
12894
6422
12183
7584
14547
7333
12273
7203
12424
8516
11952
7144
22823
6803
12603
6533
12002
6723
12112
6592
12022
7084
11933
6553
12153
6332
12093
7644
12383
6542
12132
6502
12273
6382
13775
7454
12032
6372
12183
7183
12443
8316
11983
6482
12243
6502
22202
6332
12113
7454
12393
6692
12463
6452
11942
6342
12163
6522
11953
6372
12053
6823
12353
6653
12503
6772
12023
7203
11993
6482
11822
6472
12183
7474
11792
7183
11992
6713
12073
6281
14347
6463
12543
7374
12043
6573
12143
6382
12343
7213
12193
6402
12013
12072
6833
12183
6432
11963
6502
12373
7154
12013
7403
12192
6632
12073
7444
11913
6292
12674
6402
12082
7193
12103
8405
12082
6532
12213
8316
12073
7123
12353
8616
12022
7173
12143
6402
12153
7203
12192
6553
12262
6382
12223
6863
12093
7183
12093
7253
12042
7263
10349
11862
8917
12473
6412
11972
6803
12002
7123
12143
6532
12003
8476
12183
6493
12112
7214
12614
6472
12143
6352
12093
7414
12173
12003
7714
11982
7153
13745
6473
13766
8436
11832
6512
12373
6522
12263
6503
12363
6513
12152
7303
12053
7414
12423
7354
12814
6492
11892
6692
12102
6292
12022
7373
12393
6532
12082
9167
12102
8526
11962
6372
12263
7454
26790
6693
11973
6472
12243
6402
12673
7344
12052
6392
12323
6623
12062
6472
11992
6402
11993
7223
12213
6562
12213
6593
11872
6392
12002
7433
12263
6732
12854
6412
12213
7434
12102
6462
12022
7133
11993
6483
12163
6432
12113
7234
12383
6432
12183
6332
12163
7314
12724
6362
12193
6512
12343
7434
11992
7444
11972
6352
12063
7093
12133
6502
12142
6492
12203
7043
12323
6402
11872
6462
12223
7464
12103
12163
12103
14568
12183
11923
12212
11962
12063
12102
12033
12714
11942
11772
12253
12112
12082
11953
12133
12122
12013
13085
12564
12664
12794
13865
12173
12203
12904
15449
12263
12093
12083
12413
12073
12133
12283
12013
12033
11952
11972
12193
12133
11912
11973
11913
11983
12053
12894
12794
12834
11972
12003
12002
12172
12233
11982
12323
12033
11952
12103
12163
12083
12032
12122
11962
12133
11992
24646
11922
11932
12002
12263
13986
13666
12023
13495
12043
12183
11962
18855
12944
12283
12353
12423
12914
12734
12062
14376
11983
12374
12323
15849
12143
14958
44654
12473
11943
12404
11882
12263
11993
11912
7334
11942
7033
12193
7284
12242
7023
12343
6993
12113
7094
12162
7134
12013
7223
13666
7173
12003
7193
13676
7344
12313
7114
12072
7003
12673
7274
11922
6612
13936
6623
12063
6302
12163
6342
12042
6322
14256
6432
12003
8897
12173
6472
12213
6532
12293
7194
11972
8095
12273
6592
6632
13776
8486
12093
6983
11802
7604
12263
8476
12203
7123
12053
8326
12123
7423
12133
6402
12073
7414
12143
7183
11982
7825
12153
6502
12413
6692
12012
6382
11943
7424
12123
7064
11962
7795
12163
9158
13716
6352
12133
6592
12013
6563
12123
6642
12113
6432
11962
6452
12824
6692
12063
6502
11822
6332
12173
6392
11932
6452
12453
6552
12353
7293
12614
10480
12453
6472
12493
7284
12413
6572
12683
6382
12393
6573
12373
6442
12614
6482
12323
6492
12504
6482
12443
9277
12473
6342
12383
7013
12263
8787
12053
6351
12634
6442
12273
6482
12554
6392
12172
6612
12564
6392
12734
9468
12834
6793
12163
6873
12603
7163
12723
6553
12374
6352
12373
6342
12333
6332
12694
9428
12935
6592
12183
6712
12433
6482
12814
6473
12484
6643
12373
6642
12403
6692
13315
6462
11912
6532
12584
6282
12253
6452
11913
6402
11932
7924
14056
6402
13786
6391
12694
7164
14317
6262
12042
6492
12363
7214
12072
6543
12323
8025
12143
7174
11933
6492
12343
7284
11952
6642
11852
7103
12203
6432
12534
6422
12253
6322
12424
7324
11862
6513
12414
7253
12433
6582
12072
6422
12614
7254
12293
6472
12173
6562
12333
6693
12613
6311
12163
8536
12704
6432
12563
6443
11932
6332
12674
6442
12563
6422
12383
6432
12624
6572
12383
8576
12804
6402
12393
6392
13015
6632
12513
6783
12854
6512
11882
6492
12703
6482
12563
6522
12263
9428
12824
6652
12374
6662
11992
6412
12504
7043
12484
6392
12093
8716
12133
12153
20999
11922
7033
12082
10429
12574
10219
12053
12844
15629
7013
12073
7163
12624
6462
12113
12242
7223
12112
7073
12453
7073
12093
7263
11922
7194
14848
7113
12232
6452
14036
7194
12443
6563
12113
6442
12424
7153
12493
6352
12063
6562
12323
7153
12193
6422
12043
6402
12012
7113
12684
6522
11943
10360
6553
12042
12042
6402
12092
7324
11762
7324
11972
6502
12062
11923
6612
11922
6432
12003
6452
12734
7114
11963
6342
12052
6422
12063
6492
12153
8846
13476
6382
12243
6463
12363
6402
12142
6372
11972
7183
12022
7003
16871
6282
15289
9648
12043
6342
12143
6342
25588
6392
12423
6563
11621
9046
12684
11872
12774
11752
11973
12924
12854
13045
13405
12895
12503
12684
12544
12864
12763
12784
12643
12904
12874
24656
12965
13014
12874
13054
12604
12793
12643
13114
11802
12994
13225
12884
12734
12704
12944
12854
12924
12654
11562
12122
12324
11822
12734
12864
12824
13015
12373
12283
12954
12123
12974
13194
12253
12023
12303
12213
18946
12313
12072
12063
12242
12033
12503
12383
19066
12092
12453
11952
12434
12273
12002
10440
39383
12133
12434
12964
11572
12674
12964
11642
12704
12694
11732
12794
13295
12965
9027
13265
20258
13145
12884
9177
12734
12634
13184
12734
13094
12654
12894
12824
12824
11581
12573
15719
13055
12784
13144
11782
13035
9608
12744
9137
15559
12714
13375
12714
13295
12764
13045
12653
13014
12573
13084
11582
12584
12864
11823
12834
13405
12674
12834
12654
12924
12653
9768
12753
9298
13064
11752
12744
13315
13175
9318
12884
11681
12904
12514
9157
12653
12704
19657
13275
11612
9218
13104
15780
12624
13114
12554
9277
12794
11863
12884
12994
13065
6272
20489
11812
12614
13065
12603
9137
12714
11482
12904
13155
11721
9348
15279
14598
12944
12935
16070
12754
12844
13135
13064
12964
13325
12634
6663
12363
6632
12082
12132
12603
15459
6272
11983
13375
12814
12874
12694
12934
12644
9027
12854
12934
16741
12643
9137
13194
12704
12894
13064
12664
6231
11541
6402
12453
11752
11762
12884
11822
12654
12664
12533
12854
12774
12604
12604
11231
12293
11131
11832
12303
13004
12012
11692
11481
11622
11501
8275
11422
11612
11321
11431
10319
7955
11001
9868
15990
8145
10560
7534
10750
13385
10310
10850
9778
7584
10199
9949
10008
9788
9848
8786
9748
10079
8706
8606
9818
8897
9287
7294
9238
6783
9077
9097
8786
8677
8746
13386
8806
8676
7734
8616
10089
8285
8195
8095
8025
7845
7644
7363
7855
8125
7635
7184
7474
7434
6833
7174
7054
7004
6993
10660
6922
6863
10780
6893
6692
6533
7173
6392
6231
5821
6052
5681
6082
6312
6071
5861
5660
5921
5570
5581
5691
5450
5570
5159
5200
5049
4588
5009
4558
4469
4849
7994
4498
5019
4389
4298
4669
4368
3777
4128
3988
4008
3516
3397
6973
3677
