7938
156636
40659
40345
37343
35937
30954
37988
33402
30791
36034
33927
34033
34882
33723
33145
37620
36278
32881
35028
34985
36805
36889
35576
32885
36488
34454
34491
35847
50013
46640
34959
34604
36805
33379
34628
41280
33783
33893
36665
34664
33536
36495
36034
33819
36518
35242
34384
36211
36742
33636
36972
36441
34718
35633
33465
35797
36688
34300
35356
35566
33886
36542
36287
34340
36999
34902
34330
36615
34728
35914
34938
33202
36235
35059
33085
35776
35410
33903
33783
34949
33592
36565
35256
32534
35763
34604
33406
34581
35727
32901
36905
36224
33703
36649
35530
33880
35362
35122
34257
35393
34160
36114
40847
32531
34528
33780
32667
35673
37099
33239
34264
34635
33656
34671
36775
33005
35630
36057
33088
33829
34831
33205
36221
35345
37099
35152
33632
36532
35099
33516
34828
35079
34722
35279
33309
37102
35937
33720
37059
35967
33739
36177
35002
33389
35910
36942
33305
34721
32778
37888
32828
33636
35399
35550
35543
35506
28870
35088
37420
35566
27398
35440
29174
34935
34073
35994
35105
34093
33259
34691
36464
34407
35520
35516
35616
34665
33455
31575
34491
33836
35189
33569
28533
34057
33483
29952
34097
32634
34147
35436
34939
32898
34554
33719
34391
35042
35155
33953
23086
33362
34211
36631
33810
36554
31612
33786
34237
33064
34751
27959
34491
33736
35366
36622
32651
27448
35219
34417
36789
27054
35626
35232
27414
33820
34544
34367
36191
38202
33472
34077
30684
35536
33830
36107
36280
35232
28763
34010
36147
36478
34982
23099
32925
34398
36849
34788
33729
28587
34578
34915
37376
35062
34514
27815
35085
33810
35637
33900
27975
47399
33492
46396
33963
35630
34534
36729
35466
35770
34591
34822
35717
34304
35035
35429
35246
34758
34828
35352
35282
35186
34370
35353
34237
34758
34020
34791
35543
33940
33729
33796
32998
34601
34998
34718
37229
34995
34157
36184
35553
34631
35807
35196
34414
34230
35800
36512
34040
34979
35827
34003
35162
34207
32667
34451
37039
43023
35914
35185
36147
34805
35359
36191
34879
35600
39710
38204
35182
35068
33516
35102
35513
35229
32741
31405
34401
34721
35807
34765
36154
35112
34250
35823
35349
33720
36070
34732
33873
36144
35059
35616
34661
34821
36081
42633
33573
33663
32951
35943
35730
35309
34795
36110
34855
33807
35797
34598
33799
39781
34621
34871
34368
35019
35049
34120
35479
34515
41210
37123
36094
36034
34514
34261
35744
35342
35042
35757
36926
35349
39460
31419
35339
35934
33679
35286
33820
33071
35419
37122
34404
35846
35139
33763
35433
35589
35098
35606
36846
34130
32934
33472
33455
35646
34280
35857
34511
33803
33863
34501
34050
35129
34875
35159
33479
36729
34755
35245
34000
35420
34965
34861
34167
35152
34928
34050
35353
34778
34791
35957
34942
34584
34428
34234
40255
36268
37086
36601
35243
37239
36518
34875
34978
37313
36391
35997
35626
35743
34902
35106
36010
34821
35149
34617
35025
34334
37530
35433
36301
35219
35823
34384
33091
38959
36308
35516
34838
36655
26847
34551
36257
34674
36418
34144
36074
35165
26950
34314
33209
21680
34988
34611
34154
35960
32153
32270
32457
33135
32514
32363
35369
33599
33693
33449
32323
33042
32771
33299
32805
32427
32514
33162
31909
32544
32590
32818
33179
33573
44156
35703
35833
35526
27698
33713
37036
36645
26983
34534
28493
34845
35179
35436
35329
38188
27471
35028
27274
35166
33469
36021
34261
36244
34047
28085
34615
34838
36268
34702
36675
34424
36551
34067
34163
36665
36014
35142
23778
32049
33936
36087
33409
35486
35296
28426
30968
32724
36552
34381
33032
31124
32363
35586
34932
35897
35329
32630
36214
37564
33700
33946
30483
33352
37095
35392
43925
35880
38204
36665
36054
34528
36565
37319
35062
34988
37777
34401
34805
35346
34294
36428
34254
34447
34681
37199
33656
33739
37152
36979
35109
36224
33896
33078
35743
34394
34451
35189
35803
36334
34651
33559
35560
34318
34615
36141
36645
33289
33462
33536
34387
41798
32190
33753
36061
34234
34214
35409
34307
34233
36815
36839
34461
37193
34835
34177
34855
33957
32791
35309
35987
34685
35319
35068
35884
37015
34808
35746
36274
35206
35526
34664
35209
34855
36514
34424
34825
35433
35696
34331
33749
36147
34588
34367
33790
32614
32464
34468
37290
35002
37957
36027
37690
35446
35770
35045
37062
36201
35900
36307
35947
34417
34577
35346
40980
43150
34848
35867
42947
37446
36718
33960
34163
36110
34654
34584
36805
34775
34237
36511
34387
33606
36024
34855
35322
35453
35316
35640
37046
34046
35138
36548
34694
36378
33382
46707
35419
44656
35486
35723
33817
35730
33592
36398
36602
34504
32671
35623
34484
33218
34290
33786
32935
34177
33041
34581
36044
33586
33302
34137
34922
33051
33619
35469
33646
39520
34073
33409
35916
33529
41050
36498
37186
32681
33893
33175
33893
36114
34965
39020
35476
35026
33760
34451
34661
34999
34664
35529
34180
35199
35489
34611
35306
35493
34765
36638
34420
34120
36197
34291
35460
35957
34441
34154
34471
35877
34538
35299
36481
33786
37757
32965
32087
34507
35573
34120
34027
34852
34995
33783
35456
34134
33820
35209
33713
34340
36395
35172
32741
36291
34718
35333
35102
34708
34270
35767
34227
33339
27879
42455
34147
38592
36037
34621
37262
35613
33606
35977
34818
34207
33683
34347
34949
35874
34848
42940
35235
34481
40966
34752
33338
33031
32871
34514
34411
36792
34053
34170
35720
34895
34638
34521
33746
35566
36094
36134
36201
35069
35720
34781
37777
36043
37290
35263
34417
23924
34588
34094
35439
34765
34528
32791
34862
36728
41861
34477
31882
33542
31869
34654
33816
38248
32945
29168
32844
34240
34080
35526
32534
41408
31993
44961
33409
38662
33632
37493
32674
39794
31926
36321
33245
34975
34748
35944
32023
35586
32417
35459
32681
34785
32497
34925
32430
36565
31746
36662
27825
36671
33813
34704
32811
34658
34658
37343
32437
34498
32180
35923
34401
39240
34912
36201
33219
35863
36472
38235
21577
37770
34540
22041
28867
24205
39260
26606
38178
21172
38288
21474
38325
21413
36484
21062
38762
21553
35329
21680
58813
36231
57330
40158
45782
41103
35740
41097
34030
38432
62006
38295
33977
38051
41801
43545
41023
26816
44066
54131
38084
40849
37597
45034
37954
29732
40375
34832
29001
33278
36324
34254
40389
34724
39296
34371
33823
20833
35099
31806
22853
33155
37340
20154
36401
32664
33613
21143
36157
20234
38147
20164
37710
20692
36808
21256
39667
21901
36107
40238
22305
32901
32467
38318
20685
36421
31916
20288
32109
34842
23089
36815
21557
36171
20281
37016
21229
38689
19773
41497
20722
36101
20518
35236
21583
36965
32397
45896
34561
34928
27424
34471
34795
35222
35035
35603
34193
32711
35312
34043
33626
42172
33946
32881
33953
35854
34174
34731
33853
32437
33656
33516
34451
33482
35252
34324
34200
32504
33072
36107
35837
34771
36134
40031
32230
36154
35874
33917
36662
35042
33359
36374
33930
34631
34988
35306
31809
32801
35249
34037
37821
36181
34504
32414
36672
35009
33512
36047
35065
34695
29568
39921
33589
46664
33789
32938
38091
33342
32507
38458
33235
32307
34361
32871
37500
34501
35169
38809
35372
37466
36355
32694
38592
37242
35603
37623
35997
33763
38672
35356
39119
35186
38188
35132
33419
37791
35266
39337
33629
32731
38268
34988
39597
34374
34688
38749
33669
35493
38915
35700
38405
33970
35911
41427
33466
39250
34117
34708
38108
33890
34177
38275
34214
33870
38025
33723
33730
39333
35923
39029
33853
37310
34161
33465
38221
33579
32861
38144
34327
33229
37460
34778
33879
37924
36869
37984
33816
31936
35283
39042
34624
33409
38365
34010
34581
39160
34271
34220
43702
35854
35409
38058
35947
39123
36381
38014
35065
35096
38054
34878
34674
38281
36294
38465
34815
37650
34234
34354
35453
35202
34528
35670
34845
33690
36441
34962
32464
36261
35379
34764
35292
33723
33486
35366
33572
33889
33158
34621
35690
34173
34214
36822
34027
34063
32374
45568
34541
32895
35693
34855
34541
34150
34414
35075
37042
35500
34013
35496
34404
37049
34855
34862
33716
34257
34203
36177
33853
34765
38138
33696
31592
34902
37396
35089
34564
40168
35777
39651
36307
35483
38876
34918
33225
39404
35546
35176
37210
35974
39236
27718
38338
19873
36361
21924
35442
21099
34965
21022
32257
21140
32080
21029
32374
21172
22101
31585
21162
34017
22264
32233
21430
32420
32296
21627
32187
21130
32020
26158
33639
22061
32945
20909
32190
21136
32711
21797
31929
21781
31662
22295
32958
21376
32420
21440
33592
21366
32106
22151
31712
20969
32788
21971
32357
26636
31419
21684
32103
31806
21664
32764
21112
33152
22321
35720
21874
32587
21677
32787
22402
32674
21864
31803
21260
31572
21633
32905
21824
34230
20462
33111
21911
32086
22064
32327
21910
31752
31672
21747
37747
22087
31903
19917
21273
31846
20234
31576
21339
32076
21467
33666
21677
32924
19442
21423
32334
21166
32941
20551
32891
33282
21473
31575
31625
21540
32688
21984
32103
22071
32340
22144
32835
21293
33151
22235
32150
21513
33015
21667
31729
21911
32704
21991
32243
21630
32093
22425
32220
21710
32217
20171
32561
20869
33195
22081
32871
19930
32571
21216
31789
37583
22568
31739
32447
35209
34401
35566
35449
39393
35106
38118
35272
35389
23423
36708
34858
37921
34935
38238
33786
36121
28205
37122
35373
36488
33669
35466
28106
36625
35673
37550
38635
28262
37306
34775
35049
38111
34838
40121
34481
38926
32019
21407
32814
21326
37082
21109
34097
21263
35847
21854
34855
20909
34838
21707
36261
20852
35302
21787
37316
22786
37049
24372
34628
22375
37139
22398
35606
25143
34240
21226
35957
21280
35874
32167
21407
34755
27094
36164
21346
37430
21139
34234
22776
34745
21640
35707
21143
36240
20662
36174
30864
21547
32624
21103
32183
21333
33372
21647
32344
21543
32510
21219
32995
21797
33035
21560
32267
21794
32414
32100
20872
32557
21827
31665
21811
32604
21654
32514
21306
32163
22021
32537
22288
31485
22011
32688
21607
32377
21737
31933
33640
33790
33021
32270
42759
33609
34474
39447
32771
37867
33847
37513
33048
35773
39413
35383
32256
36108
34057
34361
32654
32400
32217
32206
32327
34187
35069
32451
32814
32053
31783
32784
32895
32310
33532
33729
33456
32210
32193
34705
34581
32991
33376
32708
33142
32844
44503
35927
35616
37159
35820
35092
36989
35803
34685
35279
36134
35372
37303
34712
34768
36090
34682
33602
35022
32154
34651
34524
33398
34020
33927
33836
34431
33526
34461
33756
35015
34154
34103
33453
31869
34544
36348
33492
36077
27465
34825
32914
32173
34170
35152
35129
34070
35950
27167
35095
28059
35102
34531
36010
34354
38839
36505
35215
34304
36181
33873
33996
37360
34294
27952
34577
34544
32898
33131
34835
27377
33943
34130
28506
34614
33292
34755
32788
27287
34798
36995
35937
38118
35118
39700
35165
34000
34585
26773
33939
26963
34094
34083
34658
33913
34945
35913
33582
28166
35439
34651
35092
27421
33947
34651
26963
33669
27815
35837
33062
37436
32688
34321
35122
35566
34731
36114
33469
35539
35216
27401
40398
33933
37784
29645
32714
40702
33696
38228
26359
33683
39958
38736
38525
26032
34240
40442
39069
36992
25804
36748
33953
27621
37437
34207
35730
33469
39584
26933
32454
38662
26787
37747
36341
40272
36848
39233
26269
35356
38418
29351
35924
27281
36739
34671
27715
33993
36478
33659
27094
34494
33929
33696
33315
33980
34741
35252
34571
34905
34244
42179
33813
20819
34725
22628
32907
33713
34147
33636
28720
34097
35162
36027
33192
35252
31626
34624
32791
33669
43758
27832
34371
35306
35780
28837
33228
28660
34828
38929
35513
26743
33576
32667
33429
35072
34374
34330
22752
32200
34444
35620
34718
34898
27885
34107
34608
34398
36745
34300
35363
37109
34374
35296
35082
34036
36965
37356
34584
39206
35590
35015
34143
44456
34024
37553
27538
34464
27678
39757
34033
39397
34961
34725
27080
38094
34868
36745
31288
38198
26192
35560
20915
34461
21336
35503
20869
36992
21219
34751
21002
32290
22024
32801
21627
32575
21106
32263
21390
32127
20862
32394
21603
33021
32985
31789
21831
32550
21807
32561
21624
21323
21142
32798
21357
35022
20989
32577
21603
32821
21941
31682
20966
31903
21033
32741
21367
31950
21159
32060
21620
32129
22522
31662
21109
22174
22295
32968
21152
21179
21416
32153
21326
31996
31612
21383
32017
32387
31826
35112
31652
32681
32147
32651
32234
32470
31899
32364
32461
32073
32934
31929
31933
32270
31649
31729
31819
34675
31425
31378
33058
31401
33509
33492
34277
33546
31706
32116
35597
33258
32587
32019
32337
32247
32000
32584
40976
31629
32173
31359
33793
36087
32043
31946
32063
32557
31983
36281
31362
32928
37940
32127
32574
32020
32564
31869
32687
31923
31759
32801
42266
33155
33900
33165
34010
33355
31776
34989
31836
31706
31532
31602
31462
31956
33987
34053
34151
35422
32697
36147
32103
31806
32791
31906
34875
33185
32747
36318
32791
32056
32464
36074
36037
38161
32590
32704
31796
37490
35766
34267
35409
35302
32831
35172
34274
35055
35646
34771
35266
34781
36808
34711
36060
33362
38913
34577
34751
34478
33947
33960
36174
35108
33740
35008
34688
36341
34467
37450
34825
34230
34367
35766
33983
33339
36434
33596
35052
35008
34741
35279
35496
38321
33111
35169
34448
44162
33473
37126
35259
34511
35319
35580
35406
34912
36030
34668
35740
34845
33876
35259
35717
35436
35353
34908
34425
34284
32660
32267
39871
34762
35483
35232
34471
35005
32931
32658
32277
34968
33736
34691
34288
34113
35179
34484
34511
34882
32908
32487
33212
34871
33633
34547
34377
35135
38241
35042
35309
35255
33810
35279
35529
41678
34617
35149
37991
35707
35476
32584
36278
34938
33719
35366
34127
33372
33713
33115
34123
32264
34160
35603
34778
35269
35824
34978
34842
27274
34247
26840
33068
27321
37366
27371
33900
34671
34090
32033
26763
34648
34307
34584
34153
26650
38535
34357
42285
27338
34331
36084
27505
33770
33399
27471
33335
35917
34935
35620
40178
42743
45842
34698
38455
35887
37610
34220
34501
34314
26492
31956
33068
28543
34254
35610
35229
34698
35395
34828
25725
35673
34087
35152
35266
36171
35099
34741
34046
35533
34695
34831
34791
32824
34034
35439
36097
34782
34972
37159
35179
26512
34538
30006
32520
32160
33743
38502
26940
35840
38044
34821
37744
26472
34935
37166
26145
34214
38729
34761
39837
25708
26923
38094
33786
37938
25942
34821
37654
35289
27812
37817
35422
38829
34164
37583
35717
37413
34755
39096
25811
34053
37443
33813
36521
25892
39083
36013
37363
31893
28750
33542
27177
33452
21493
32433
21430
31849
34567
32109
23143
34334
21630
33606
21393
36962
22000
36331
22942
35760
21707
35179
39196
21767
35637
33609
27378
34454
37476
31956
35209
31662
34578
33252
35102
32260
33415
31472
34247
31883
34381
31953
34875
22094
36211
21780
34514
28059
35456
21340
36561
21139
36535
21971
33656
22014
34591
21857
35259
21450
34284
22182
35142
21319
36772
21770
32948
21767
32597
21096
33239
21944
32734
20922
33876
21266
32223
23477
32755
21560
32401
21640
32137
22258
32023
21336
32888
22282
33442
22669
32107
21784
32981
21697
32246
21844
32367
22301
32667
33208
21103
33776
31585
34688
32190
33205
33485
37179
31980
34367
32901
34414
33082
34063
32511
34090
32133
36618
31959
35376
34257
37850
32768
33890
31595
34197
32067
33990
33613
35513
32183
41507
32063
34027
32314
36087
32430
35640
31579
36802
32180
34528
32073
34237
32447
38078
32951
35556
31963
34424
32701
33806
32504
34274
33726
33055
31766
35109
32036
35222
32214
35032
32179
38495
32767
33589
32006
21937
32971
32040
22128
31702
21343
32490
25604
33816
21317
31726
20872
33345
21126
32053
32210
21877
32086
21029
32350
21910
32474
22275
33055
20882
32738
21400
32427
21206
32581
32370
21179
32410
21711
32594
32193
22424
31538
21216
31943
21203
32433
21296
31321
21891
32450
21436
33476
21009
33406
21677
33182
21436
32344
21440
33542
21323
33252
33132
22145
32374
21203
32898
22175
32824
21794
39330
21246
32904
21106
32868
32791
31362
34685
32888
32654
32213
34208
32210
33543
31876
35359
33619
35463
32855
33245
32039
34237
30878
36264
32453
34227
31706
33980
32317
33289
32785
34103
32801
33326
32471
33656
33866
34237
31512
32383
32507
32110
32253
33312
32928
34979
32347
32624
31612
33235
22078
32494
21784
33626
32003
22205
33025
33015
21737
35830
21627
35256
22031
35794
32343
22371
33139
40195
21270
34855
21219
35710
21176
34261
32027
21907
31996
21507
31893
22255
32410
22482
32781
21259
32076
20124
32641
33335
22101
34033
30844
21697
32934
27598
31672
21593
32654
20124
36174
21670
35884
19921
33425
21687
39209
20945
36034
21593
34932
21907
31926
21623
32804
20789
39257
21881
35863
20952
35757
21243
40642
21253
37306
21770
32457
21016
33165
22051
31495
20144
37958
20191
36294
21907
35116
20218
36641
21504
35085
20067
39032
21440
35934
20668
34785
21386
31909
21259
33235
20414
20024
31956
33502
21673
34648
26175
40262
20719
35433
21437
36949
20237
34174
21356
37536
21403
42953
21553
35543
20862
36321
21954
36899
21233
34735
22331
34557
37006
19783
21600
21510
22512
44082
21119
33346
20969
21773
21123
31161
21390
31635
20812
31676
22736
21557
19980
31769
36501
32227
20809
32317
31993
22508
32764
31782
19319
31799
32504
32420
31308
32561
33739
32574
32437
32935
20037
32928
32701
33098
21584
35799
21974
31916
21340
31716
22472
33499
21580
32326
21697
32016
21430
32657
21266
31803
20088
31058
20899
34524
20645
21029
31749
21988
32871
20140
32347
31361
21029
33199
20782
33052
22205
31789
19870
32026
21390
32043
21122
32260
21874
31341
19944
31599
21143
31766
31435
21253
32073
21840
32717
21714
31542
21377
31849
22422
31926
20308
32527
21590
31165
21647
32257
21263
31950
22695
32838
21774
31993
21737
32541
19927
32040
21600
36735
21336
31953
20665
34073
21840
33422
21356
31812
21326
32895
19222
35530
20949
31866
21546
31956
21410
32213
21637
32337
21303
32363
22071
32808
21053
33823
20081
32691
21132
32751
21964
31251
19894
31922
21343
32627
20548
20956
32110
21460
32330
20401
32270
21350
31141
21316
33936
21286
31662
21329
32153
21921
32333
33887
21971
31428
22308
32538
21346
31933
20765
32837
21637
31909
21570
31789
20581
31723
22134
31746
22575
33486
21180
35489
21807
32925
20004
32230
20057
33970
21410
32334
20852
32768
21403
32878
21895
31729
21420
32708
21176
33015
25164
32527
31745
22007
32644
21803
33105
22202
33358
19857
32016
21333
31839
20825
32504
20701
35292
21480
32060
22181
33352
31913
22138
31879
20198
20869
32244
32006
21787
32717
21259
32871
21613
32507
21928
33830
20772
32727
20852
32150
21280
32851
21263
32958
20936
32066
31579
22702
33189
21349
32194
21597
34648
21390
32474
21410
32310
20291
22609
33809
21470
33169
19813
32353
21330
34036
21039
33332
22742
32180
21714
32317
21276
33439
23347
33639
20705
20558
21787
32016
20645
32360
22973
32824
20838
32824
21657
32177
19570
22452
32047
19683
31939
19513
33179
22645
32434
21483
32370
32921
20030
32200
21523
31956
21446
32390
22472
32123
22799
35867
22469
31916
22071
35456
22502
32817
21810
32768
20935
31522
20394
32453
23464
33759
20354
26466
32213
20331
22001
31515
25080
32634
20675
32417
19763
32347
21166
32748
22281
32163
21984
31539
21514
32544
20598
32537
22038
32754
22014
32691
20848
32648
19847
31976
20254
32146
21213
32360
22512
32490
21820
32116
22983
31525
22362
40492
20935
31178
21230
33927
20107
32387
32093
21597
32514
21754
31783
21213
32410
22021
31832
21650
32902
22118
32056
22271
33098
31796
20228
31783
21096
32113
19496
33271
21607
31966
21500
32187
20111
32587
21316
31775
19997
32363
21517
33075
27247
34250
23230
32200
20358
32110
19894
23019
31899
19760
32220
21483
34197
22338
31676
21343
32367
21894
32791
22695
32390
21263
32440
20394
32537
32417
21243
33846
21536
32477
23908
35353
22141
33686
19954
31859
19703
32995
21223
32477
21236
32010
21767
31889
21563
31990
21911
32277
21410
31743
21159
31615
20802
32948
22225
33940
20735
22285
31979
19740
32778
22332
35085
19249
32561
21830
32487
22772
31776
22145
32323
21437
32200
22094
34514
20672
22141
31278
19663
21440
32380
19857
31225
20305
32210
21186
22916
31588
20782
32036
21410
32393
20748
21426
33843
20084
31392
21624
31746
21636
31625
21440
32955
21440
32404
21052
35984
21593
32727
25781
31696
19910
32450
22135
32150
21550
34100
20996
32140
21246
31829
23006
32751
22051
32093
21423
32270
22017
32377
21917
32383
21954
32003
21520
31702
21864
31329
21967
31729
19890
32280
22251
32364
21370
32030
21380
32794
23493
33168
21727
32290
21233
31282
20651
32219
19847
33138
23050
35720
22044
32270
20171
32126
22175
31793
21256
31832
21076
34106
21620
32113
21901
32076
20712
31375
21202
32133
20144
21383
31949
19750
31325
20401
32020
21540
32624
21206
33409
24753
32360
22552
32153
21828
31940
21119
32928
21326
31996
19292
32711
24459
31933
22636
31886
19864
35012
21179
32417
19329
32239
21484
32654
21410
31856
21937
32400
21263
32243
20328
32567
21139
32471
20642
32270
21687
32280
20973
32277
20926
32791
20662
32734
22432
31712
21310
31238
20825
33242
22388
31706
21226
39380
20902
31819
21961
31128
20865
32644
22388
31922
20214
31833
21497
32350
22482
32020
21524
32460
20217
32053
21316
32110
20221
32076
21724
35436
19890
31459
22736
33015
31742
22412
32013
20472
31642
19603
32974
20054
33165
31128
22632
33439
32765
32170
21216
32170
32073
20424
32664
32213
34324
32104
31782
32016
33702
32136
21627
31963
31883
33208
31960
31849
32381
32089
31946
33189
33168
32558
32955
33406
33196
32350
21223
31920
21323
31599
31966
32407
32841
21173
32387
32106
32290
31919
32377
32163
33806
31946
32170
31993
34838
32617
21577
32116
31772
33849
33375
33375
32824
22632
40308
34334
31628
32213
31806
31819
32156
31772
31852
32684
31459
31185
31682
31873
31468
32404
31679
32370
32911
32881
32507
35229
31438
32594
32123
31545
32390
31592
40044
31943
31288
31245
31732
32697
31355
31986
33262
32444
32087
31399
32103
33272
31815
31966
32243
31415
32237
33546
31509
32694
40756
31271
32046
31699
36080
31943
31853
31449
31412
33696
33860
31556
32527
33719
31465
32962
32297
31311
31395
31369
31502
32013
32323
32788
31796
32377
31860
31946
32551
34868
34307
32504
31602
31044
32738
32287
32637
32668
35787
31395
35312
31398
32217
32988
32127
32006
31739
32554
31525
32073
32798
31803
32427
32363
32557
31512
32808
31692
32654
32016
32550
32357
31582
32050
31796
32684
32547
33693
32173
32203
31902
32197
32474
32607
32350
32300
31542
32080
38341
31308
31930
32006
32414
31759
32527
31575
32684
31789
32591
33255
33609
33452
33606
31742
32227
31669
32297
34070
40085
31539
34527
32965
33352
34054
35620
31879
32868
33392
33683
35139
32631
33663
33319
33529
35262
32581
32290
32878
32768
35530
34828
32009
31839
31782
37176
34020
36368
33035
31345
32728
34367
33168
36458
31923
31302
38999
32590
33001
34160
33593
32834
34100
33295
31997
34421
33495
32945
31776
32641
32254
33255
32664
33192
32667
32150
34945
31375
31722
32581
31786
35009
31886
32648
32778
33155
34067
32310
32233
32374
37280
34324
34124
34130
32791
27958
32588
29188
32397
29465
31485
31966
31796
35206
31820
33896
33829
33102
34244
32223
28627
33933
29358
31582
28062
32083
32490
31910
32841
34151
32360
32336
31702
31472
31809
31459
34494
31976
32544
32080
32000
33042
32093
32734
33426
33813
31990
34975
32026
32474
32791
31953
32958
35045
33903
32851
35332
33839
33813
33529
33807
32137
32213
39711
31475
31983
31729
31672
32444
34320
32427
33255
34775
32992
33396
34477
22382
40809
21690
33526
22809
35977
23123
34832
20167
35997
22031
32507
21697
35466
21457
32547
21430
32761
24442
32764
20267
31599
20265
34511
22271
23564
32744
19507
34274
23413
33309
21433
21406
33188
23016
23878
33446
23487
33479
21691
34825
23541
35152
23791
32872
28063
34311
19951
33622
22211
32250
22806
34471
20421
20933
32908
21453
31779
22802
32511
22776
32016
20825
34935
20829
23951
31422
23396
33462
22972
33502
33596
24622
34281
22635
33702
23213
34368
35049
23611
34097
22215
33800
23217
33141
20772
32818
21363
34575
23033
33489
23377
32681
20638
32497
21780
32453
21266
34274
20074
32517
23844
35479
21326
31826
21400
31455
21644
32514
21516
37624
21172
32337
21734
32417
31963
21266
33088
21417
32708
21493
32056
20010
34007
21403
33529
20495
31963
19897
22749
31843
21069
34070
22328
39237
21036
31274
21230
32744
19807
32538
21146
31926
20795
32611
22245
32584
32087
19406
31926
31402
22482
33041
21319
33245
22555
31479
21223
32514
22538
31853
21199
35723
20391
33188
21948
31813
19453
32420
22876
31786
21299
31809
20491
32059
19750
21309
32557
19256
21316
33275
19807
22401
32764
38983
21200
31936
22061
33416
21968
32016
31642
24325
32133
32170
20174
33271
21807
31946
20435
32955
32180
21944
31689
21420
32156
21984
33743
21623
31896
20759
31532
21085
32257
20211
31559
21103
31812
22024
32123
21377
31992
26035
31696
19479
31746
21069
31629
21921
33622
22485
32070
21790
31976
22532
32073
20708
31859
27505
32801
19930
31822
20993
32480
21129
33830
21153
21280
31983
20020
21810
31422
31549
31712
31375
31829
32451
31956
31756
32317
32591
31876
32056
32343
31909
34584
41691
31806
32013
33629
31873
31719
33633
33806
32738
32340
31859
31966
32558
34551
32090
31716
31519
31752
32397
36811
33499
31672
32280
33589
32233
32120
31569
32888
32137
35569
33846
31963
31418
33936
32467
33105
32531
32785
22311
33161
20034
32631
20562
32468
21543
31879
19567
31422
21239
32878
21440
32447
22168
31769
19553
31693
20581
33709
21330
33122
21336
32587
23020
34107
33249
32193
22432
32447
21544
32818
22051
32664
21707
32180
21203
32601
21146
32013
21283
32156
21967
32818
21627
32330
22151
33352
21403
32140
21540
33589
21747
33179
22087
31903
32280
30787
33125
27298
31822
22625
32341
21824
32000
21610
32447
22051
34458
31910
21723
32737
26717
34083
27087
35489
22682
31876
22285
33058
21467
32587
20328
34277
20671
33299
21550
40292
21263
33850
23213
34220
22696
32561
21620
32541
21443
32814
22515
32577
21523
32718
24512
32377
21556
32163
20852
31014
20344
31508
19573
32317
21537
33756
21303
31465
21380
31950
21483
32234
19132
32287
22418
32297
21487
35132
21813
31325
20769
32741
21356
31746
20602
31736
21439
31816
22395
33479
21991
31969
21971
33940
21720
31906
20925
31525
20064
31979
21376
31318
21370
31993
20535
31946
23714
33449
21162
36862
20932
32250
21827
31445
21497
23377
32196
20355
31846
21550
31852
22295
32778
20428
32334
21249
33289
22288
31869
22378
33897
20902
33889
20271
32510
31752
21804
32006
21934
32340
20979
31779
20801
31772
25370
32234
19383
29852
31054
21213
31889
19910
32547
21306
31201
33987
22849
32694
23277
32988
32811
22525
35757
27815
34357
28142
21964
21944
32264
22408
35383
33893
35924
31582
31145
34889
31986
22231
34237
32861
33339
34812
33626
34321
33943
32143
31842
22128
32961
22064
33389
32080
31742
23370
34317
33867
36722
33432
32494
31475
31976
32196
31745
31368
31679
22248
34401
33703
33669
33232
33756
34768
32507
31792
31586
33609
33316
32461
21727
33639
34852
35990
21520
32003
19984
21310
30900
19847
21353
31879
23470
23500
32193
21149
36074
36441
34310
27421
34929
21123
31435
22338
31649
21857
22262
36828
26720
34277
23698
34264
29726
22071
27537
34618
21887
35142
36151
34364
21640
32457
23871
22919
33433
23527
33111
29916
24078
28226
34511
22949
34705
28336
23507
27541
34571
23531
35987
34531
33225
33770
31014
31579
32687
31479
31478
31141
31529
32176
32016
31692
36080
25390
33258
31539
34077
33292
31378
31482
31933
22375
33476
32387
33806
32891
31953
31776
31188
35921
31044
32160
33055
33262
33068
31308
31358
31462
31966
32888
31128
32641
32560
32761
31255
33212
31769
30944
32260
32771
34378
31576
34835
23133
28587
35299
21476
27111
27528
23173
27588
36481
21263
27739
26453
33877
28363
31722
24342
36405
35363
98424
36264
35953
34223
22024
32083
22608
27367
33195
22091
38372
27084
33229
26049
32177
20976
31809
22375
23120
31595
22445
34735
21102
30988
22000
31225
22545
22208
33960
24712
33616
22104
27718
34264
21784
32912
31676
36688
33907
22943
41104
31913
32911
23494
33739
33402
23023
36351
33516
33683
32367
32257
32724
31725
31094
22989
33426
23590
33165
33105
33325
31228
33833
31913
31578
32821
32384
32754
33873
23016
34641
34457
33101
34498
32935
31698
32116
31538
33793
34304
31175
38732
30607
31589
23313
33599
33108
24025
32787
31355
30941
32754
32764
32273
39123
32077
31231
22756
32788
34501
23049
34661
34004
34818
33833
32761
32354
33803
43034
21867
35860
36488
36181
35426
35763
36568
35049
35783
33309
34417
34577
34360
34702
35332
35185
35112
34280
35436
35276
28780
34621
27294
34094
35573
34578
35155
35473
35479
24803
32741
35282
22117
32867
32758
22913
32931
34618
36418
34925
22609
27270
36372
22278
35536
32961
36111
34200
35292
34334
33936
35897
34858
33195
34471
33185
32621
38007
34040
33108
35122
35239
33111
35950
35650
34194
35917
32784
34321
34464
35526
34795
34291
35125
36177
35990
35383
36679
33930
33195
34908
33269
37674
35446
33018
33743
33823
37193
35276
35403
32390
35703
35854
35295
36662
35530
33349
34708
35857
35699
33853
34300
34548
34875
34761
35773
35600
33993
36972
33789
34388
35637
32687
33168
33462
33229
34401
33298
35236
35960
35062
34701
38522
33423
33285
36822
35208
34625
33719
33506
38776
35222
37653
35573
36775
37503
35490
33840
46837
37730
34664
39019
35039
34731
34958
33559
35686
34187
33125
33499
32463
34658
35236
35763
33532
32657
34838
35426
33659
32921
33048
35059
35723
35089
34638
35313
34480
36538
35436
33900
34120
35987
36434
35760
32998
35583
36177
35750
34624
33099
34307
37757
33235
35095
36502
32798
34708
34534
33886
32013
32905
35727
35516
35269
35232
33903
37887
35536
36458
31876
38822
34564
37053
33573
32768
34250
38729
35516
38822
31041
32748
33847
34461
34180
38869
37273
37283
33402
33600
33205
34795
37774
38729
34939
33696
33977
37149
32974
39146
33198
36268
32601
38482
34194
35255
34241
37650
35472
39326
32944
32978
38675
33793
40215
33879
37674
32898
40255
33910
39180
37016
36428
34106
35706
35617
37283
35253
41267
34461
33335
26646
33596
34919
33058
36358
34989
40462
36297
36441
32614
34685
33125
35072
33489
37223
32213
42973
36181
39143
33826
34481
35332
38398
35219
36545
32945
35169
38936
35753
33619
34477
37253
35807
38181
35005
40078
34100
36912
31442
33887
32851
38375
33689
38859
37053
36955
33592
34818
37977
33836
37991
36748
38876
33476
37660
34210
36701
34481
33700
34037
36732
35079
35088
31946
32320
32932
34083
35088
34761
33823
35510
35045
34317
34381
32350
26924
34725
35356
35459
34655
33128
35165
34367
36053
34561
33923
41554
36879
34194
34404
34634
34364
34791
35129
34076
37951
36264
34948
36725
33261
32140
34681
35436
42756
34949
35516
34097
27050
34461
34270
34367
34310
35903
45972
51482
32795
40378
32761
34995
38151
38976
33215
42820
32841
37409
34922
33863
32758
33599
33052
38275
32234
32464
32981
36207
34371
36518
32330
32584
33112
35974
34955
37563
36261
36334
33008
38375
32901
34788
33141
37930
34875
38091
31592
34959
33018
37300
36047
34030
32735
36151
35376
33546
35680
35055
37483
36168
38869
35486
32771
35306
32905
38836
33796
35115
46567
43985
35930
39066
33262
33816
34671
32931
38689
31265
36331
34117
36628
39026
36919
34020
41444
33439
32738
34875
34965
35513
38171
34394
38111
37854
36695
32363
38301
35012
33469
34762
39514
39664
45976
33823
34952
35105
34711
34872
37416
34979
37360
34451
34996
38007
34765
38538
33779
32721
34454
37339
34293
35556
37406
32454
37523
34688
34434
33112
33940
34421
37079
33957
39460
34367
37877
33105
33542
32768
35456
33135
34267
36541
34564
38649
36231
38248
33673
38448
33609
35523
31986
34978
32119
37944
31879
33713
32153
39233
31946
33800
32607
36558
32030
36655
28519
34845
28987
37563
25865
37426
32013
34511
34037
36338
32374
34448
31856
35870
33048
32066
33649
32036
35703
32587
36348
32057
33485
31452
35249
34047
37534
33556
35600
33008
36601
34308
28376
32757
28693
32174
35603
31485
35676
34607
34494
32988
34313
31930
33640
33933
38001
34939
33493
33128
35980
32754
37463
35760
36017
31726
33028
33449
34885
32624
35930
32093
37687
32257
33606
32604
32517
32400
34534
32514
33005
38038
33305
35924
32454
37750
33282
37399
31913
33543
32587
33750
31906
36588
33215
33322
32424
37122
33419
34648
32190
35943
32023
34264
31646
34317
32123
34321
32033
34240
35002
36735
32427
35880
32130
33987
31539
36371
34344
40636
31756
35649
32761
35707
33148
36094
36194
26940
34494
33953
34494
33472
32337
34170
44607
33429
34374
23073
34515
33850
33589
33663
34277
33603
34841
33743
34484
33626
33980
32998
33950
33586
34120
32681
35099
34458
35035
33048
33930
33125
34470
33098
34738
41033
35068
34210
34287
33649
34093
37453
35479
34207
32847
34651
34444
33015
36725
33318
36882
35556
33609
34344
34929
35129
36097
35740
33052
35589
35239
35663
35095
34928
35359
21253
35319
34581
35573
35336
34481
35787
34975
34968
34524
34675
35643
37142
34588
35302
35046
36835
36872
34958
32678
37336
35122
32724
38759
34030
35510
34300
38331
33950
36712
33045
35462
35623
41580
34584
35346
37974
35362
38164
34641
32945
34835
36147
35129
37503
32607
36254
33887
36955
34725
39357
34027
35987
33960
38853
33219
39430
34568
35249
34755
38639
34985
34651
37366
34882
33228
37660
33876
36097
35195
37019
33783
38669
33235
33880
38528
32173
33552
35005
39874
35697
38568
33910
38017
33713
37677
34978
39694
34003
37272
34891
39032
32875
37189
35894
30256
33946
35990
34724
33927
35453
34481
34498
33349
37226
29983
36295
34638
33796
35640
36404
34123
39250
35793
30103
37443
35953
33349
35703
35850
34313
36334
35536
33690
36311
37416
35640
36728
28810
34257
36431
35312
34344
36117
35009
34474
34197
21013
33600
20839
33599
33292
35229
34698
35496
27231
42640
35242
36150
35292
28259
33148
35483
34735
34989
33325
29081
34838
34387
35804
35316
33719
35600
36354
34922
35305
33469
36040
34685
30263
35833
27742
196761
32717
37897
34401
28650
35005
28927
27444
30644
27832
28470
27291
34678
28743
34875
21687
35780
27227
34711
27618
36158
34464
35339
34882
20989
35122
34674
36465
34594
35196
33893
34681
34144
35272
34367
34244
34303
35510
34277
20287
35493
34374
34184
21176
34213
35165
21824
27360
34868
27404
35373
21637
26275
34811
28236
35961
27201
35259
35275
35746
33769
34938
22558
33860
34608
21717
26830
32531
27411
34651
27644
35616
34634
35122
33933
35055
34989
34150
35817
34691
33736
34368
35489
33055
34701
35499
33683
35643
36364
35780
34845
33856
32083
36091
35623
27728
35423
27438
43314
34631
39323
34137
27671
34137
28817
34464
33833
38645
32838
35763
36909
34992
27801
34932
34177
34036
34458
27905
34685
27331
34715
32785
27902
35085
34504
34414
36311
35239
32988
32818
36865
33369
33262
34768
33633
33115
35606
33032
31405
35336
33152
35920
26302
33369
35019
33556
35850
34221
36134
33542
33736
35242
34538
32760
34554
25628
33947
34882
28246
34237
26129
33012
28062
33913
27200
35376
34601
35035
33038
27905
33873
34360
33760
34568
33810
34160
35914
34204
39867
36114
35189
34314
35603
34618
34618
35209
33723
32577
35025
34437
33749
34544
37951
33275
35329
35887
34371
33623
36174
33769
36651
35967
34761
32644
35646
34752
32931
35743
38001
35399
35890
35022
35102
35316
34841
33442
36151
35269
35536
35700
34705
34511
36554
36154
34501
35847
33326
35890
34704
35189
35580
34097
35790
33392
32133
37009
32868
37016
35626
41554
45281
45128
32387
32751
34698
34177
34050
32677
34440
32507
34231
33252
34788
33496
34858
35370
21884
34762
32921
22071
34504
32430
35025
32534
34631
32604
34995
22265
33038
34618
32718
34851
32717
21754
35750
29522
35266
30006
39337
30216
34244
28941
34721
29568
35296
30126
34204
29424
35399
29558
36151
29542
22151
34080
29334
34180
30657
33880
29522
33890
31255
35202
30109
34107
30266
33786
22715
28513
33746
30096
34798
33870
28920
33846
30360
34835
35496
33492
35426
23050
29525
35262
29922
34501
29298
34454
29298
34027
34037
29364
34808
34421
29341
36024
33813
30573
35686
35523
35199
31886
32891
32884
32353
29769
34254
34925
29405
35279
36050
31152
35490
34167
29468
35462
35296
33242
30994
34738
34855
30787
34184
33803
29144
34127
35005
33960
30136
33696
32714
31976
29101
34391
36101
33666
29765
33903
33713
29381
34347
35636
29688
31979
32340
29618
33038
35366
29588
35025
34341
30353
34584
34371
38595
29301
35673
34073
33950
30213
33338
32741
29388
33312
34484
29181
35550
34317
34254
29525
34287
34050
30046
34624
34354
29251
35329
33342
40876
40612
29855
29932
34744
26292
30603
32818
31793
29525
32861
32604
32006
29354
32664
32110
29515
32300
32089
30143
32544
33055
30270
33760
34598
29828
34380
34748
30463
35720
34865
30557
34855
34036
33926
32140
32294
31111
33936
34414
29729
34561
33362
30093
33753
33970
29735
34410
34551
33592
34551
29522
34304
34731
33322
30714
34774
37604
29736
33893
27057
29592
35376
23981
36040
33930
35590
34798
32353
32030
32347
33870
31789
32514
32363
32484
32821
32240
143815
37470
33773
34975
34715
26883
33906
23754
34364
29742
32280
21446
31482
21891
22411
50594
23784
33122
29632
32320
21824
36401
23667
21553
33115
20752
26913
33926
22909
35433
35062
33609
34755
32697
23377
27404
35376
23160
34918
34290
33816
21494
32497
22645
22128
32030
23059
22055
33830
23400
32764
20334
22625
21597
32517
22776
32561
34277
31509
29368
32180
21711
32227
19596
31649
22301
21941
41003
21584
32381
33549
31849
20097
31832
22629
22873
34320
22555
34087
32738
35399
27544
33556
35158
34575
34484
27144
34494
36378
37487
35640
27558
35142
34835
34231
35018
35082
27742
33793
34427
35496
35473
34665
33830
35940
35336
36063
34428
31692
37132
33239
33900
34595
27157
36618
36094
36238
29819
33913
27107
34645
33516
34618
33546
35019
37309
34548
35590
35129
35396
35867
34624
35826
33800
27742
35643
35710
39747
33609
34968
34304
33048
34675
35052
35399
27741
34324
34020
36194
35065
35606
37406
35029
35953
35970
33088
35937
34762
34525
34805
34921
35633
35102
39574
33502
34955
34063
35403
36278
33809
35977
34772
35533
33362
35583
34594
35363
35032
34661
34554
38802
35670
37917
35506
37797
34721
37560
34451
36611
32852
38462
34758
39557
34186
39424
34350
38418
43344
33078
35413
38191
32547
37717
32170
34771
36247
37406
32708
35773
36411
35927
34822
33325
35309
34921
36355
36114
34093
37506
33569
32794
32794
34945
33442
33018
34230
35089
35005
36071
33369
32838
32734
34695
36224
35920
35312
36528
33516
32864
33295
36107
33209
35670
35463
36385
42740
57207
33402
23527
35366
37604
34704
35082
39170
35186
38511
35970
34902
27995
38976
34541
39624
34110
38866
27888
34505
27401
34959
27932
34738
35620
35009
34885
39901
35022
38692
33696
34577
33749
36963
35082
34504
33710
34905
32988
33135
32674
34220
33052
35844
33505
34411
33249
35727
35560
34100
32854
33913
35045
34491
34497
34675
32547
32497
35439
34056
33810
35176
32785
33159
35900
32961
31719
35152
32934
32220
35182
35490
32981
32941
35426
34030
35162
33345
35102
35483
32881
34915
33753
33472
34538
33319
32921
35690
38245
32380
34735
35055
33826
38448
34100
33840
35710
36281
32347
35135
34097
33452
34815
36588
33840
35616
36094
33469
34617
34678
36952
38027
34197
33452
35920
38685
34915
37490
33459
35633
34655
33085
36184
34244
33485
35793
41878
33108
35550
34491
33095
34751
35426
34120
34764
35122
32948
35807
36217
32620
34023
33025
33696
35152
35793
34207
36201
34952
33565
36144
33001
35008
33980
33559
34655
34554
33369
36207
34578
32965
35643
35917
34264
34037
33135
33826
35909
35222
33850
35666
35620
34841
33706
32841
33920
35643
34888
32982
34738
35827
33055
27334
41994
34290
33292
30353
33609
27528
34992
34855
33719
34387
33092
29615
34644
34881
37122
34097
34888
36969
34918
34822
33252
35142
35597
34929
32945
35823
35379
35049
36401
33699
32962
35252
35997
34959
37947
35693
32373
33817
33389
32767
31372
34351
34918
33212
33145
32086
27231
35299
27591
35112
33583
27187
34548
33780
34975
27124
34063
27835
34221
33950
34758
34948
33977
36328
47227
33312
44116
35907
34537
27912
34257
34140
34554
33199
28179
34464
34701
35469
36034
33719
22675
32537
32591
33917
32377
22562
33733
34066
34143
33616
27755
33376
27123
34645
33252
29719
33165
32804
35066
32537
28527
34678
37660
34000
32858
26860
35499
34424
38839
32781
32437
36488
33809
32430
35390
35944
34721
33820
34170
35673
33315
34304
33516
32701
34841
33393
32721
34494
33619
32447
35640
37239
34501
34591
34020
33586
36384
35012
33633
33536
34701
33382
36341
34935
35663
33256
32604
35142
33646
32604
35469
32511
33449
35162
32547
32267
35132
33335
33476
35202
33222
32307
35105
33893
32424
35707
32721
33152
35539
33983
37293
32764
32016
36385
32988
33519
35410
32765
33409
36277
34264
32875
36147
33085
32848
35249
33552
32694
35526
35830
34608
22234
33766
35449
30794
21453
35583
46617
35125
40836
41077
34635
37056
35726
35904
37246
22946
33422
33566
33155
34822
31896
34084
32333
35236
33238
34922
32557
32033
34006
33739
34184
33722
32838
32541
33863
34905
33977
33900
33255
35983
35486
35770
34598
33202
22792
32107
32063
35189
34090
35389
35476
37680
35550
33686
34424
36054
31969
28136
34611
36511
35152
34434
35746
35463
34581
34878
34608
33960
27641
34250
26005
40746
35710
33546
40362
35092
34875
31876
22148
43902
22084
45265
34441
46387
33662
44824
34424
42793
34795
33699
47162
34728
36181
53356
33749
26906
30791
27334
34197
27214
38218
35880
33740
38098
26803
38568
36712
38605
27528
34584
38144
33529
39390
32451
38438
36241
34811
39133
37410
35670
47162
37106
43715
34254
38004
34948
36879
33873
33362
39123
33365
36221
34598
32438
40843
34998
36415
29719
32601
39333
34287
34013
34788
45225
34605
36421
33839
37012
34554
33763
37513
33663
33443
35560
39207
32787
38044
34547
33345
35874
39580
34046
36982
21650
38605
33115
38885
33582
32804
38101
33429
33229
38047
33987
37126
33038
38645
33619
36942
33279
36615
33045
33172
34805
36021
34661
24195
33409
41107
33462
33449
22792
33269
33062
35112
35446
39470
34010
33616
36401
28880
33433
27077
35509
34815
34995
33065
27541
35095
36324
35055
33900
33595
27558
32841
30186
32945
21683
28567
22608
32627
27214
33205
30267
32314
34214
31850
21661
28423
22558
33926
28068
32774
27127
22725
33345
31222
34274
35730
32871
22749
27074
22328
32985
28339
34791
33726
35499
36845
39090
34150
33439
35676
27708
33245
27057
34073
33379
27912
34691
33459
35419
34675
29007
33970
32925
34801
33235
27858
33736
34354
34778
32847
35536
36274
35840
27692
33058
23487
32180
33386
34060
35306
33609
23410
39076
36338
22625
33669
32708
33710
34060
22552
34137
34741
33519
33215
33840
33576
27111
34608
34190
32891
29498
33168
27508
35012
33372
34925
38141
27371
33392
32454
33028
36661
38976
33930
35416
34965
32891
35272
35176
33242
35452
35409
36407
35456
34194
32874
34664
28059
32938
27618
44493
33122
35276
34084
34251
27170
34784
34200
35443
35927
34167
36080
36221
33485
34117
35683
36838
35580
35212
34261
27528
33776
32961
36054
34244
35509
34918
26874
33232
45047
35212
44282
27291
33175
35453
33883
38632
27327
33559
27057
33469
33091
34998
27615
33906
27508
33432
33235
35667
29405
35283
30486
33446
40208
32928
34507
35780
33539
32300
34614
34200
33519
35185
29815
33789
35126
33379
34541
29719
33399
35543
32837
27698
33840
34885
34073
35850
33101
35125
32804
35009
34180
34094
34391
34404
33095
34367
33462
36581
34240
34808
33910
35282
34731
22628
34214
22265
34912
33967
34758
33699
32330
32040
31833
31976
31856
32938
31926
33425
31662
31776
33185
33526
32253
31462
33299
33188
34234
32150
32711
32146
31829
32016
33122
32080
31830
32717
33229
33783
33659
34211
37085
32664
35219
33509
35259
35480
33152
32771
35506
36562
34454
38017
35299
34965
33680
32854
34377
33656
32804
36137
33669
37176
35245
36291
33699
33776
39317
36782
34557
39206
38354
37173
32463
35235
34441
36999
34962
36284
34487
36822
34661
39326
34969
37891
35032
34243
37062
36391
37757
35296
35360
38344
36598
36805
36501
35282
37129
35082
35116
35914
38960
34407
32533
36511
36257
41050
34982
33853
34665
38842
36020
35820
34334
39316
34508
35830
34541
38161
34247
35442
32964
35396
34588
38238
34491
38392
33612
32701
34915
36795
35710
37594
33689
37349
35196
40051
33756
32888
34664
37022
36591
38668
33890
38147
35923
38305
35019
32691
38725
35733
33753
27669
32531
34835
35249
34645
33759
34912
33940
36431
35723
34147
33085
35249
34234
39544
33973
33823
33589
34047
35222
34611
35910
37310
23076
33299
33659
35877
34431
34491
35039
33793
34711
36405
33228
46807
34775
32834
34210
36431
34925
35797
34187
35670
32705
34087
34210
34131
33593
35760
33362
34751
33038
34845
34344
32647
34912
34227
33259
32951
31755
32941
34103
33653
33011
36053
32935
32597
34725
34244
32831
34337
34264
32654
35529
34311
32594
39453
34628
36348
35202
35356
34875
35246
43284
33920
35216
34418
33289
35503
34912
34030
34711
33793
37940
35119
36207
33202
35216
32558
31929
32791
33078
33562
32654
34548
32848
28583
35556
30641
32454
31151
35897
35246
37543
35416
35884
29481
35830
37737
30046
36305
29659
36625
36000
37884
28940
20785
33041
21971
28543
32627
29819
34648
29752
32103
34595
38051
31649
34558
33619
35730
34370
36879
32083
32387
33996
36044
34648
37871
32851
35236
38418
32366
35937
38155
36899
34217
35763
32134
33539
33295
35469
33502
33552
38134
34765
34858
37103
34518
33893
38134
34808
38161
35506
39317
35246
33215
22044
34447
35339
32875
31635
31074
42332
32694
32424
31910
31669
33429
35259
34367
31395
32210
32350
32200
35366
31278
31559
32354
32818
32324
32964
32888
32938
31495
35225
31519
31979
31656
22802
33272
33553
33653
33406
31799
32257
31969
32076
31963
39019
32507
32697
32100
34942
34097
32260
33188
33115
32357
31953
31465
31803
31793
32481
31515
33279
32798
31482
31004
31582
32316
32431
32167
33225
34598
34825
34568
35546
34330
37053
35065
34428
35135
34007
34604
41036
32784
34484
35847
34157
37580
33950
32935
34107
35954
35410
35289
34193
33622
33292
36665
34354
33398
35830
33756
33031
33175
35446
31495
33189
34838
34307
33462
27161
25841
29822
29007
32844
35076
38071
30627
32143
35119
33853
28570
34975
29518
32086
45832
34938
35716
34337
35720
34558
34474
35787
34654
34217
33749
34381
35035
35810
37613
35255
34167
34020
33849
34434
34281
34812
34070
34227
34882
34040
34391
28126
33486
36047
34655
32450
35443
28610
34471
38378
35543
35166
34628
35640
34378
35546
34748
35649
34845
35453
35884
36544
34501
35633
34782
37163
34878
28202
43361
34594
34647
35018
37373
34357
35399
32574
33092
35790
28006
36268
28503
34911
35479
31569
21096
31455
20368
21216
28202
21544
32971
31999
22422
32364
36806
33041
35226
40198
33880
38271
35329
38615
32010
35656
35559
38455
38091
38285
32904
34504
33276
36104
35807
42523
32387
36668
35837
35066
48741
35035
37937
34070
40152
34053
34998
35362
37810
35720
38435
33499
35573
34875
34715
35262
38602
33823
37323
37910
33710
39052
35169
40235
34334
37596
33940
34347
33229
34938
37269
37517
31933
34922
34695
37954
35676
35005
37627
35019
34778
37640
34855
33993
37119
35006
34157
36622
34929
36645
34133
34407
36141
37066
36869
38545
38759
35182
37042
35389
36562
33546
32590
40425
33409
32504
33766
36585
34601
36314
34427
34955
33195
34090
34528
33412
34608
34160
35322
34324
38535
33632
35349
32721
35629
33145
34694
36037
34538
33449
36024
33696
34471
33760
34137
33833
35075
35105
34067
35372
36224
34975
35262
34281
34768
36204
33455
33285
32724
34478
35429
36097
32851
32701
35750
35055
34781
35920
34731
34781
33152
34918
35302
34878
34000
35283
34861
38578
33342
34380
35242
35446
41016
33750
35419
35169
34364
33439
33392
45291
43381
35179
34331
33192
33820
32621
31899
33977
32417
33746
34401
32487
33392
34060
32150
33051
34935
33108
21467
32678
33580
34334
34120
34604
33339
34314
32998
33830
33338
32708
32871
32794
33336
32908
33316
33128
34494
32918
32100
20745
33158
32113
32464
32464
32734
31569
32139
32293
31806
31693
31786
32217
31625
32921
32227
32230
32276
21076
32270
22008
31940
20087
20745
32323
21343
32270
21196
32117
20628
32170
20264
32721
21019
32628
25631
21664
31582
19770
32337
23714
21854
19800
31362
20344
31589
23508
39096
20404
31458
19920
20745
31004
19700
20344
31622
19917
32080
21076
37473
22492
31713
70882
35366
36224
35496
35262
35529
36067
34514
34061
35286
33519
33018
32347
35563
34728
34414
33495
31215
34641
36151
34888
33442
35105
33843
34507
34888
32260
32848
32511
35045
34327
32026
35052
32925
35312
35840
33906
34418
35770
35289
34948
35940
32861
34945
33876
34300
34571
34651
34320
33770
35012
34818
35316
35196
35032
33853
35713
35609
35299
26286
34758
35225
32307
35930
26051
34548
35289
26109
38298
38636
35556
36144
34541
36478
34848
36097
35529
34317
36311
35840
34688
37049
36061
34875
34057
35666
32988
35526
34401
34087
34250
34541
34911
34377
34230
35038
34400
33693
35980
35283
34047
34504
33389
34892
35567
33830
33856
35229
33646
35362
33682
32514
34264
33412
34133
34561
33569
41557
33836
34211
34698
39517
34220
34030
34955
33906
34234
34648
33476
35132
33542
33065
33566
33583
33866
32998
32380
33258
34087
34354
33600
34093
34688
34317
33956
34104
34191
35182
33866
33015
35563
35165
41164
35967
34167
41511
33926
34324
34548
35002
45314
34484
43144
35035
32117
35910
41995
34117
33051
33436
32350
34524
35439
37182
34628
35613
35950
33265
33566
37059
33335
37022
35175
33619
33205
36184
34471
35266
36398
34164
34340
33759
35135
35382
33602
32460
35690
32861
32958
34410
34381
38004
35663
35138
33246
33122
32360
34855
36301
33843
33579
35586
33442
35513
34858
33873
34815
35536
34271
34374
35643
33426
35696
36428
35860
34918
33499
35830
35503
34862
33923
34220
35596
43401
33482
35640
35937
38431
35012
34290
35793
35496
34925
32424
35049
32985
35362
35997
38625
38933
31322
35850
35633
34928
33011
35800
33866
36518
36461
34407
34948
36010
33830
34801
35309
34474
34658
35680
32868
35256
33846
32464
36638
40001
33278
39633
33913
35713
35299
34611
33603
33626
32250
33946
35846
33766
35990
34658
34277
34658
35349
35289
33475
35763
34448
37911
35413
34023
35894
35689
34614
34751
35329
34965
36488
36134
33746
34287
33763
35243
34361
33482
35519
35686
35893
34491
33342
35109
35015
36832
35049
34217
33412
34391
35409
35002
34802
37106
36084
36912
35242
35770
33532
33512
35256
35019
42763
33977
33636
35817
31592
35793
33479
36247
32888
36622
33513
36845
36671
28523
34421
28469
34287
29151
33412
28960
34578
27982
33503
27665
33833
27902
32988
28373
32657
27842
33336
29601
32497
29218
33342
27885
34317
28246
35125
32401
33532
32520
33753
33222
34451
34294
26569
34147
20498
33266
20852
34497
22058
39410
20735
32640
20875
33332
21577
33429
20351
31776
26209
33773
21584
35229
21767
32183
21343
33743
34918
28693
35359
34177
35302
27608
35793
28907
38428
35282
34584
32334
30918
33452
35539
35175
31859
34855
31245
36812
35045
34841
33165
27277
32524
21366
34097
31959
32961
34531
35129
35306
33907
32874
35182
34037
33693
34734
36621
37350
32911
41010
35236
34431
36958
34879
34671
33866
34878
33262
32848
32611
34821
33987
33198
33265
32848
33158
34070
32992
32831
33446
34635
34561
33853
33352
32905
33680
34468
41080
33759
34501
32233
32972
34007
33472
32674
33529
32534
32050
32594
34852
34915
33088
31578
34130
32307
33251
36602
33643
33316
31399
32671
33636
34307
32931
33409
32664
31976
34697
34120
31271
33339
33789
34468
33696
33052
33683
33008
31809
32344
32721
33632
33386
32714
32724
37213
32891
33990
34848
34077
37159
32637
32928
32801
33766
33212
21667
33596
18755
32030
23958
33840
19954
33583
20464
33776
21013
33726
19686
34224
19740
33997
20351
31866
20207
34735
21850
35303
33412
36054
28533
33436
26857
34080
20598
32524
20522
34524
20191
32611
19997
31946
20799
39266
20395
32835
20799
33783
21456
32103
20761
32177
19897
34040
20445
20254
33196
20826
32848
20104
36688
23490
32961
19837
33345
19155
33739
26717
33606
19653
32136
19843
32821
19476
33198
20762
33586
20241
34141
20548
33055
20782
32274
21246
33148
20047
34675
21897
33653
20007
33052
19857
32510
20455
32998
20174
33151
20792
39734
20585
32026
19636
32894
20187
33940
20107
32574
20241
33786
20291
33930
20548
33776
19767
33503
20164
32643
21263
32911
19934
34334
19533
32798
20097
31652
20238
33171
19787
33058
19917
31849
20932
35142
32821
21233
33288
20031
32183
19373
34404
20104
33927
20007
32167
19633
32938
20906
33830
21871
32824
19870
32167
20585
33316
21350
33078
21259
33506
19209
33455
20308
33860
21200
32267
19266
34411
20117
33739
20401
33576
21677
33526
21947
33403
32971
34164
31492
31629
34164
33880
33610
32594
32734
33228
32127
34684
33352
33650
31455
35723
37156
31649
32394
33509
31840
32056
32537
32237
32754
33142
33168
32434
32714
33179
32901
31672
32501
34351
34334
34578
32891
33312
33616
32480
41186
32831
33058
32080
34517
32717
36103
33309
33693
32451
32521
33068
32380
32283
33519
34237
33142
34350
33572
41183
33142
32060
31816
34921
36679
33553
32340
34534
33496
32848
33202
33756
31960
36535
31910
34821
31702
35450
32137
35376
32818
33108
31606
32210
33395
32263
33833
33095
33629
32711
33883
32908
34811
34037
32884
32634
33048
34214
36368
32801
34394
34718
32798
33499
33679
32066
33953
34584
38502
32080
33185
33499
31943
33589
33732
34341
33428
34314
33125
34063
34064
31666
31759
32817
32888
38415
36311
34207
31549
33850
33930
31622
36845
33970
32895
33278
33863
32184
34741
32304
34371
33422
33472
33195
33740
33843
31666
32106
33225
32110
31960
32353
33175
31535
33993
33753
32370
31402
34264
35533
31812
32811
33946
31525
33492
32961
31906
31666
31392
34915
34197
35179
32791
33329
33750
32447
34795
32828
34230
35112
33442
33446
32868
32714
33105
35686
33185
33483
33332
41076
32124
32861
32517
32601
32674
33486
32059
32821
32901
33325
32373
33425
33272
34651
32901
34501
35673
33098
42312
32387
33489
32554
34575
32731
32387
31839
37757
33663
33432
32721
32644
32140
33038
33238
31806
32377
33456
34568
31185
34351
33569
31856
35135
33232
32413
33001
32784
33579
33726
32754
32497
32948
33435
33011
33836
33706
33419
33098
33853
34464
35189
33980
33008
33449
33335
33976
32741
33476
33232
33322
33025
32818
34968
32374
33592
32607
32483
35733
33125
33489
33736
41367
32928
31980
31936
32724
21370
31699
20097
33332
20798
34377
27301
33626
19820
32347
20438
32527
21931
33532
20635
31552
20324
33676
20999
35012
19951
31889
20675
34815
20982
33943
20278
33228
20088
33459
22098
34928
20171
41480
24469
34401
20638
32650
19663
33405
19790
34427
20214
32925
20946
31722
19723
35269
19656
33011
21005
32333
22245
34020
19633
34455
19790
33352
20151
32480
21403
31963
23457
34595
29575
34505
20742
32357
20317
32578
19797
34751
20849
33085
20688
33873
21213
33559
19917
33883
19663
34177
20952
33716
20324
32541
32347
19997
32848
20605
34341
20655
33505
19910
33035
21206
34311
24599
33496
21039
32200
23136
32838
22188
36114
20211
32841
23093
33061
21737
34447
20458
33072
21801
32364
20314
32898
19833
33974
22318
33258
20291
37219
20328
34508
20161
34360
21226
32267
20171
31876
21870
39113
24008
33152
20090
35797
20084
36455
19780
31392
20611
34047
19536
33529
20157
33422
20962
34103
20999
34294
20351
33255
20358
33215
20906
35847
19763
32314
20748
34364
20498
31773
19914
33462
21276
33332
22468
33375
20508
34952
20100
34130
23754
33011
21270
31666
20258
33075
21673
33118
20855
33569
20051
32193
32470
19813
33763
20064
34080
19974
34377
21660
32728
20715
32911
20682
33138
21440
33660
19894
34327
19676
33973
21781
33776
20491
32737
19990
34508
21947
34120
21399
32273
22068
33506
22815
33803
20107
32504
20334
33439
20041
32116
20254
32610
20211
34251
30673
35670
23370
33021
20939
28483
33382
21844
33412
20712
33245
20495
33876
21336
36525
20027
33426
21507
32561
21390
32384
21727
33933
20605
34351
19997
32825
21179
33242
33730
21890
33051
20969
34110
20164
35376
22037
33135
19954
33121
19807
33522
20495
33299
20575
35032
22181
33766
22188
34104
21504
36849
26600
33339
20448
32684
19706
33526
23296
33813
20381
33055
20912
33726
21486
34374
20458
34220
21122
38872
20238
33382
21139
34094
19152
34050
25431
33659
19997
34087
20214
34999
20338
33933
20471
32227
20959
33359
20484
32390
19947
32390
20214
33105
21560
42282
19703
32724
20064
32497
20448
34464
20298
34287
21316
33483
19844
33806
20411
34384
22873
32848
19723
33012
19887
34053
20548
37310
19934
34377
20171
33980
20695
33222
21347
33502
20100
32851
20668
33419
20051
32447
20642
34167
21767
32998
19279
32240
20592
35396
22158
32377
35710
34300
33870
34244
32304
32971
32995
33857
32831
33876
36191
33385
33439
35122
34978
32995
33807
33660
33890
33312
35493
34571
33800
34427
34297
32885
33319
34641
34634
35499
32534
33763
33990
34631
33576
32985
33349
32036
33672
33075
32504
33095
33542
32480
33546
33189
35850
36494
33980
34925
32891
33920
33382
34544
34591
33940
32294
33262
33876
32494
33616
33339
32383
33569
32921
33135
32534
36925
32310
32598
33833
34388
33796
34361
33539
33636
32537
36805
34327
36878
34110
33746
34304
34935
33967
33289
33639
32530
34017
35887
32611
34354
34507
33008
43785
35757
32634
32694
32357
36628
31646
31348
22008
32650
21637
34334
22128
32330
21560
32598
20582
34802
20939
32370
20421
32795
20645
33052
21704
31993
22004
33953
22722
32347
21954
33192
20117
33412
21112
32894
19927
34564
20221
33028
19950
33389
20234
32657
19914
33863
20034
33165
21036
41103
19770
36715
22432
33275
22204
32487
20585
33796
20735
21530
34177
20926
33843
21607
36080
20711
32440
24465
33977
22448
32654
20872
32096
22244
33349
20508
32618
20758
32998
21820
33429
20735
32330
20321
34755
20782
33285
20331
31248
21082
33937
21680
33228
22412
35296
21921
34615
20208
33636
20721
34584
20311
33479
20190
33683
19530
31866
19179
33943
20261
33653
20070
33897
19967
33860
20211
32216
19566
35867
20204
33652
21263
33242
21703
32988
19824
33699
22198
33502
20334
34123
19774
36544
20158
33269
20842
32818
20555
38559
20731
32738
20705
32728
21460
33709
19790
33376
21333
33045
21186
33396
20057
33666
20434
32657
20130
33125
19783
32096
21510
33486
20398
33666
26559
34193
20515
36681
20448
34377
21460
33599
19840
33743
20060
32841
20281
36531
19924
33990
26502
34468
20147
34705
20254
33292
25634
34033
20786
32574
20164
32988
20054
33629
19707
36441
20351
36565
19256
33245
20040
33686
19730
32972
20011
33702
20768
33288
20030
34451
19670
33877
22345
33639
20244
32270
20354
32544
23601
33552
21096
32170
20919
32878
21276
34137
20391
33249
21620
34110
19643
33736
21099
32417
21169
32871
20130
32531
20227
32875
21119
32898
20415
33867
21874
32213
20314
32123
19075
33092
22025
32667
19326
32450
23520
33041
20568
33762
20448
33158
20969
41177
19299
33916
20111
32173
20528
32915
20241
33472
20214
33887
19907
32868
20468
33185
20949
33957
20441
32985
20418
34548
20789
33602
19964
34197
20571
34765
20378
32814
20251
33555
20071
32487
27184
33906
20879
32685
21353
32337
20134
33212
21780
37507
20976
34438
21507
36839
38418
66604
39681
30603
39376
35289
37740
34371
38041
38963
39617
30554
37824
27457
38899
21760
38799
37333
26856
38308
27912
38208
27938
38481
23927
41995
26727
38388
27087
38067
22145
34821
22532
33729
21002
32410
20368
33095
21901
33886
20424
32931
22863
33793
21519
32854
21179
33416
20745
32531
21754
33974
20588
32587
28517
21256
32410
33028
20688
32477
21450
34651
21567
33205
19533
31618
32277
20905
32250
20151
34671
20144
32778
20642
32210
19613
33018
20709
34598
19656
33406
20611
33422
20324
34131
20144
33542
19773
34174
21032
32961
22071
32430
21784
35369
20318
33927
26777
33873
20047
33453
19887
37817
23183
34364
20298
45007
28192
33743
35406
35774
35095
32073
35924
34073
36318
36157
33773
35409
35794
34458
36000
35352
34658
36398
36842
34551
39353
36067
34234
36425
35419
34077
36261
35048
35586
33860
37450
35162
34411
37206
35663
33870
36525
35673
34772
33793
37954
34909
34117
36237
36060
38759
34735
32701
37099
37269
32945
34164
34781
32975
33396
32721
33937
36318
33021
32223
33729
36047
32243
39670
32734
36792
37249
34705
33399
34134
34461
32437
28293
41608
35002
32905
32975
34564
35860
33686
34194
35286
34370
33893
35286
35633
38886
28052
34618
48286
36612
35439
28306
34274
35470
35032
35239
36708
33873
35626
35142
33816
34310
34644
36414
36842
35770
38585
33539
35924
27067
35807
27772
35079
35900
35329
33051
35560
35496
35379
34557
36034
32878
33779
34394
35647
34451
33923
37917
36498
39654
41554
33208
35606
35452
30804
35893
28136
33806
33098
35603
34818
35770
28917
33923
32988
35349
33937
28065
33923
35730
36091
34581
34304
27521
34240
37817
35243
34531
36037
28202
34113
33145
35136
36331
34668
22007
37012
33275
35750
35296
36044
28259
34171
33533
35469
35533
34037
27785
34073
40659
36672
34327
36598
35680
36365
33827
36157
35673
36171
33937
20241
34217
23119
34264
33943
34811
36377
21864
34291
36484
35243
36555
36404
41297
34848
28543
34020
35392
37640
34868
28169
38318
35673
36361
34961
33533
21540
32791
21413
33980
34608
33796
34761
33776
35666
35002
34164
35580
34802
33723
36658
31448
34952
33085
32781
43084
28937
32427
33125
33235
31953
33589
26329
31185
33589
32901
33786
32824
25564
30721
30233
34221
24876
32093
24799
31154
31796
31318
32070
29802
24462
30210
28026
30874
29839
30707
28700
31539
30493
28313
28309
30186
27945
29638
22291
29075
22893
28286
29164
28823
27141
28460
31218
28640
30817
26699
28176
29438
20101
20080
19052
20127
18477
20308
18424
19466
25404
19543
18167
19593
17669
18104
19967
16491
18111
17302
20926
19091
17987
17980
17359
16955
17129
17532
17519
16193
15435
17205
14467
18291
19469
15993
15098
15669
17198
16404
17102
14981
17065
15198
15458
14333
14357
8141
9107
7961
8289
8683
8893
7767
9113
7417
7597
8429
7654
11611
7013
7471
7310
6418
6492
7250
7621
