22475
40409
51406
63939
50080
50888
39791
55380
47582
46807
36441
44824
38645
73167
33956
32246
39767
46363
42215
38435
36368
33122
40669
27541
41200
49382
54284
38298
57567
39841
53310
30316
34497
48130
43234
39951
62116
32617
27935
50077
34170
42626
25030
38284
31930
45020
50447
41995
37700
38312
39370
96303
45735
62614
39707
37797
54061
28553
37954
39206
39043
34444
57424
47158
39617
36558
42459
45281
43571
37850
36585
40031
44530
52742
32901
53577
37012
50347
33906
37543
45789
35917
40545
45745
40028
44196
37333
49729
43564
44252
38732
36745
31395
32841
27825
39266
37396
48991
47862
32948
47719
38495
44096
27718
44269
39998
41217
26616
44079
53256
39159
32934
48347
25885
44396
39437
15352
35363
36057
46363
49947
54158
12981
47702
50147
31609
36528
37530
55507
66193
39417
30944
32350
42723
41534
31706
34360
48904
41654
43458
59698
39470
39811
33423
61535
59361
27542
43501
44606
32935
32451
44343
32961
48126
36164
30339
50822
39927
39590
49449
38341
31238
26813
22699
50304
49809
53496
65779
38375
43077
32517
50507
30260
44202
27428
30487
37336
31466
41077
37864
44386
44527
30674
36541
42289
44209
37817
44269
38255
37490
45224
36474
40706
42042
61037
27284
40773
46416
13395
24629
39520
47949
45074
45071
42346
43100
44002
39971
45892
38435
37086
51860
39888
39313
41815
53506
43919
43661
46072
41805
40278
43782
51025
52328
43648
43067
36078
41855
30984
53857
38271
45608
47702
36949
48140
48093
36191
33659
33700
48557
43194
38077
30967
44717
58796
46881
41170
42980
22488
46597
56920
55200
41601
34340
31862
37673
28376
42165
46039
40409
72896
42579
53703
40856
42566
45067
36405
33145
43030
30637
38381
42573
43705
38185
32571
56602
40409
38932
35987
28349
53303
40288
43544
45231
52425
37236
38508
39757
37613
39397
44079
43267
49135
27725
52912
32801
46507
39944
42696
32574
47856
47225
31231
36491
45054
36381
37850
37560
32791
42720
41457
37881
42292
30323
35703
42362
42532
45632
43311
33449
48794
42646
23741
26943
24799
37196
38772
56489
53076
30393
27314
45464
56806
40295
40078
35987
50010
41648
43107
39654
44550
25444
32137
39477
36779
36985
57224
48741
38685
38939
47128
44440
39631
48597
37991
43748
44092
22859
35256
37807
46303
32951
42482
41103
40819
43454
41461
34765
41738
37430
50230
38782
49295
40051
42603
43397
38872
50755
35957
41166
45315
42713
46854
42172
45525
51897
41026
56456
48460
40058
31679
40516
39631
33191
29909
54392
35603
28032
43120
36064
40626
48681
43020
45127
37072
37096
43237
40065
35670
39687
27895
55784
45499
47288
46921
47803
37437
42432
51509
40432
39961
55326
41180
49466
27504
49819
38642
43287
41323
43458
39483
41320
48363
29077
43989
35309
28676
37409
34855
41855
42152
47863
37577
48754
39403
52444
45886
45197
43634
38221
41834
43257
54237
43812
38742
38699
43498
41377
34705
41267
38799
37079
70305
43645
51923
45468
42873
37059
47298
40412
33409
37029
44723
31342
38836
40435
42018
33823
32284
47986
29378
32995
44964
39961
48196
36715
41093
39540
32968
48297
46310
37209
42616
26776
37450
34397
39861
32056
15956
38792
45521
39784
41364
35326
38565
38145
38852
48670
39761
40535
33111
43367
39781
30867
28189
36719
44363
52815
46189
45034
42242
38815
40970
43825
41333
44890
34765
33105
58492
47228
43722
35693
41561
35509
39250
34859
46346
38108
39878
41367
35339
54191
34474
28627
47602
45191
27184
34401
63819
47138
69036
43134
40966
43564
40221
29008
37864
39640
58476
37720
38479
40926
38084
39664
31128
43371
63665
16884
13271
33546
36371
44787
32828
39818
46594
45438
46580
39163
30110
34668
34868
47622
38462
50805
37096
39383
41120
42279
40786
42539
41912
43605
37974
35102
53477
43444
41815
34321
44279
38261
29715
26853
46808
53677
38826
40152
41928
36167
44249
37994
44703
39193
37821
32814
33419
47565
41217
31372
36444
38455
36859
46900
39293
57441
34037
30997
38775
41384
41597
36852
40766
35690
44583
37774
55897
53266
43752
40212
49155
38088
37049
36631
44329
32634
41430
49275
43467
37834
42893
43247
35379
47192
45411
43174
27965
33382
51920
55263
40048
52588
37814
34474
39377
36551
44496
55864
40271
40362
42569
45992
35005
38458
33906
38896
41083
41417
50153
48407
38401
40345
39620
44279
33887
38315
40983
33476
43528
38391
37770
41885
30590
47579
35195
42589
48357
41801
32006
54034
38458
33807
28653
47712
41838
45374
38328
65933
43351
39928
44426
47999
64421
15839
36828
26817
39467
39807
46975
43712
46256
41113
43999
41287
69897
35820
61632
40726
33379
49866
42179
35399
30206
44563
42045
44934
40081
41377
56345
40970
30530
38348
41083
43367
12924
30403
36899
29602
24859
40743
36719
45662
46049
40202
41467
53961
47241
39460
33146
48210
41601
37099
47472
30600
47789
39961
45508
37821
40616
36118
54114
40455
41200
35015
31842
39744
28503
29949
35276
34444
37015
57724
38208
38371
37220
43414
35022
36174
40990
46183
32287
15906
49258
45375
44747
39921
43308
47528
29965
41484
26867
56292
38765
25420
37981
38301
55924
40161
34715
43558
42426
37008
44523
31652
45208
38832
34388
44546
47268
40609
28396
44813
53136
26930
36124
47485
37069
36144
31522
37173
43731
35533
46136
31011
35606
51582
40672
39113
41594
36074
44012
43334
50651
48888
40265
42903
41751
42419
40686
58680
46894
40582
44950
53082
37847
33499
39176
41624
46273
39393
40482
45141
32077
45071
37206
43939
34227
38391
33756
44750
44229
46750
42128
40322
39039
40545
46477
38271
59434
32477
39714
43431
48003
43120
40035
26810
41915
50948
46149
43929
46530
36768
44433
45301
46707
43822
35653
34127
33099
36718
45057
27127
40452
21794
58012
32534
44863
26472
60974
30484
31736
32340
41795
41293
40722
39717
32264
31739
38548
37767
39837
32985
52458
39437
50464
30714
41598
59020
45739
38388
40896
45034
31455
30757
39717
42773
37263
46800
43388
36668
51135
33803
44593
38078
35583
30544
33866
44476
20371
27872
38097
47999
42990
28413
37119
23257
28874
38402
26910
46834
29445
42108
26125
36548
27057
78557
38392
65620
46707
38598
45261
38922
58786
32775
40836
40573
48033
47892
43989
43157
61301
44319
48113
49686
53737
42823
34314
50140
33759
32748
37357
35069
32440
41143
45976
44723
27464
38061
32016
67733
33586
42442
29502
40896
43528
29101
35990
31789
23640
35967
38482
34922
28767
48290
38692
39754
20154
48507
31061
42032
31933
39590
29358
45652
42526
23146
40448
37814
44663
23787
50728
52869
23971
36779
42262
27808
39794
30340
46025
31929
39587
25647
46854
25073
41314
26683
42419
16878
46139
35867
37229
37964
47098
36191
46032
36452
39293
28029
33352
25758
31589
42189
32941
46860
38047
13525
40472
30717
40796
35359
43779
51222
36445
27180
37286
42973
41478
45495
34417
41941
40869
46710
46637
43328
49936
40873
56990
44804
45211
36288
57213
37139
27484
31899
43398
27808
42165
34969
38886
40151
44373
36812
28827
48434
43197
42623
40058
32147
37834
45828
45257
58780
39907
42185
38010
33482
39226
37112
47038
38521
42857
46888
40355
35807
43458
36862
37556
51319
30770
46647
33693
39978
36595
39173
55357
41972
38719
45619
39878
36836
48497
45348
42626
54178
37634
46310
40238
53399
43507
40425
41106
27545
46527
36431
38568
42970
46537
40302
36207
36575
49112
34728
41411
30971
40665
52034
36344
39196
49075
31919
77324
62059
35539
45805
42680
41835
47382
36491
36264
43942
38275
35152
51873
30189
42583
29204
46256
27732
55413
44957
41250
27144
45558
42790
39734
43461
50855
44319
42623
32671
17663
44290
25888
38482
47425
40238
40973
45682
28917
41600
45965
34527
40856
33973
36147
43501
41370
39443
31355
36077
48317
29926
36248
45127
32280
38899
34297
40108
41818
29889
45732
46136
37523
47475
42069
46687
45485
32120
39998
28930
44118
40950
39888
40305
41200
36041
36124
36578
38124
28630
38488
42352
37640
41594
37076
36578
54295
47923
38859
33433
49432
43872
40613
32364
34187
26412
40275
36391
35596
42930
31602
45451
38779
37854
41928
39230
35216
32821
38031
51089
37677
40516
41527
33720
35335
39093
38886
18741
36588
37650
42850
36765
56422
35380
41604
49412
41892
31312
48767
44062
45735
44269
34902
63576
38368
61865
29151
55871
21947
41350
28105
39828
26329
41548
23878
33252
31572
47676
21079
24606
36698
25167
31058
26379
38916
26319
33976
45538
29672
37677
28353
41440
33439
39981
27250
62516
32664
42329
38087
36141
29795
54725
25030
50481
26482
43000
24639
28787
26366
38118
28843
40823
24184
32097
31168
42386
28423
33128
29505
34100
24462
35126
39490
26907
26606
28183
41143
27217
34517
22963
40676
35035
37079
30393
39450
24519
35139
19189
49379
27090
43675
28443
34758
34173
38936
31322
25096
21166
41197
28396
45375
46313
23681
35449
25841
35409
30039
23854
40876
11471
41474
34181
35737
24856
44463
31128
34811
28910
24783
40001
35285
36257
23160
41795
36645
23985
42449
39203
22929
41197
19036
34805
24672
43070
31993
42346
24926
28539
30774
34695
23002
39383
25594
49609
35055
34220
26727
50043
23701
44643
28764
41587
28626
27561
37516
38735
25287
37350
27297
30714
42579
49348
27391
26696
46977
35596
39156
31028
45541
37190
32591
37426
39507
38134
31268
41804
30567
29008
21406
39647
51659
44563
44603
30213
39994
36081
47201
30253
41441
36398
39480
33202
32213
40866
49786
43788
35887
46564
34241
39196
42673
37309
46003
44439
45859
50528
27341
41411
24939
44867
25170
44693
19309
35386
31018
39297
23848
48734
29137
39600
23891
39207
32911
39701
34474
42843
31649
41200
19035
52702
30533
42389
27511
52872
30613
40018
28677
50507
32968
21527
37770
28293
40192
28550
45769
30139
40583
32534
31419
26292
34311
20258
29715
29087
38525
40933
27608
28530
29341
35442
27227
39083
26392
49559
26002
40569
29611
37640
36285
43985
32130
39259
30580
23029
42917
26823
42289
26960
41437
27334
42409
17903
36103
23690
34367
35092
49910
35119
46894
19319
38271
25624
34000
28580
42372
44914
40265
45355
38558
41537
44957
31762
42085
34841
45889
36485
40098
31812
33142
39246
43060
40623
41691
48825
26703
35539
38815
28727
48667
43100
37980
37640
33699
40315
39466
40278
36148
40456
38982
39570
41985
46974
37990
33339
43224
38873
38999
39220
42866
45608
37670
47836
36124
44509
49032
40886
41534
52685
39761
32213
44199
48931
35807
55373
47943
47879
58710
41734
45097
45144
31422
41751
36832
45682
47205
45604
52264
39564
40679
40599
36695
56866
59200
34638
44299
41618
31132
40753
42639
60499
29635
39881
30223
39921
32981
43090
42789
43531
52518
33452
41741
40439
37212
34371
52374
43424
42012
35773
37490
37103
41340
41828
41363
41564
29165
40061
40155
29017
36465
30323
44065
25644
33278
39066
40048
38929
37076
38882
51700
57631
42833
42513
48313
40469
45057
61091
41270
41380
40709
34728
33455
20952
31001
44920
38879
39647
37326
36184
33920
35329
40496
43788
37744
14787
36932
38812
36906
39607
31038
29271
42269
33966
30988
39220
37433
64147
38178
46230
42546
48668
46377
42102
56636
44249
42249
35673
26109
50544
32998
66521
26900
31826
37289
45348
26983
43742
39640
15168
44923
61414
32661
45545
36989
33135
45699
49088
45528
32864
57665
43414
36929
37443
35332
37523
28022
42255
38442
52515
28797
39477
51656
36625
42820
36064
48156
24766
33008
42165
41978
34450
25738
42553
43427
38081
38011
40682
41784
42606
32073
41701
49162
41778
37881
25899
33633
25567
41354
46213
41013
36471
35526
28443
38205
58947
40920
45374
34477
37894
27909
39951
43140
36064
31946
37390
41083
34925
64817
30293
45782
35423
49292
48781
44092
34478
42255
27909
41868
47272
24879
58516
38108
38475
26900
29368
27621
35823
32367
46230
32367
45622
39337
55202
27214
40292
35115
37410
41895
38101
36782
66631
60119
37633
40499
37597
33445
40045
36318
41895
36368
43584
39577
36838
52354
39467
33683
34033
39524
44723
33683
37934
32010
35276
31148
36384
27955
27131
26583
52788
20274
35673
23100
27338
30664
40215
30173
24519
25114
41230
28159
34558
26128
41772
24702
43675
56135
25174
17913
40889
34361
49813
37296
26489
24048
39039
29936
39103
26910
47913
30316
38305
29078
33476
21988
36221
28603
44724
19469
43585
20912
36621
31121
31933
9795
44319
31635
22532
32013
34467
27314
24522
25177
34277
26944
39297
32944
28172
29792
33198
39170
34875
50217
37970
53256
35753
31365
42192
33442
42960
42683
35583
39066
43514
41658
22362
41227
36571
24479
38732
30256
36027
61278
42286
42876
48180
70424
33395
40986
44793
38588
44419
38705
39002
54010
36311
68778
41177
42797
42767
33860
35065
42088
29104
39861
44717
49953
39711
26479
28416
49235
44353
36681
35840
39998
36197
42609
46583
51967
53193
33833
33191
42105
45602
37783
44055
49956
46280
31419
38178
38361
25761
38582
30200
45979
23533
49596
36261
35760
43103
30089
25978
37046
39273
38983
41320
34303
39881
31829
46533
30544
50351
39741
51413
36204
37660
35222
37640
42763
50160
49906
37119
45184
40662
41264
39136
35479
37346
43865
45682
40976
47328
35609
38692
51810
39523
41354
29251
54024
33004
45147
41143
45676
46316
33856
42653
37510
38725
41671
27454
44763
34147
40803
32888
36562
38255
45785
40382
37643
35376
43361
44316
41678
37984
35479
13265
26439
50584
47595
46937
40385
30289
41176
47682
37570
48811
41461
35092
35746
40612
40509
48828
55978
44473
15970
36862
39620
29836
38068
39113
37306
23697
32828
42900
18721
28920
56986
37663
34918
35479
41207
35690
53276
35837
36297
42035
29719
37610
40525
31626
32410
38679
41668
41441
45458
37887
34317
37393
46657
39858
37684
40145
42072
27575
36094
40850
39764
43040
44396
42306
44389
32885
34725
49556
48394
51396
31415
41848
45491
41377
52575
38381
36374
38011
34384
54352
39417
32387
44313
34638
36508
23611
40569
35933
29004
54244
42626
38448
32267
22582
39370
24015
42997
33870
51693
40161
44717
36064
28092
53086
33776
47559
34557
30086
37155
39524
35158
42008
38254
36491
40559
28025
50227
43481
40161
46193
24131
45982
28780
40799
28493
40709
42069
27251
41146
42041
34785
35837
31385
31549
37072
45692
38752
44426
43204
33091
27180
29465
44587
34404
50350
33138
44426
39657
37266
39971
40151
56121
42138
24776
45889
36728
40479
29258
31465
37470
32096
38946
51546
35597
40930
23246
34497
53944
33422
28600
37530
39434
63134
32517
32484
35536
34301
58533
33713
39671
43391
39020
40191
59871
43795
43377
38602
51820
38672
39193
30777
44847
29108
38732
47235
38168
32384
30490
58305
35282
30914
33960
38282
41538
38011
36836
33792
36562
26917
38902
30430
38632
25494
39100
24358
37840
27141
46460
35746
38451
29047
45478
19636
26890
25868
27171
44339
49128
41748
51943
32334
38835
42349
36598
43374
52374
54191
36224
29962
36371
42042
48988
33883
36431
30507
28309
44583
23453
47178
27504
38655
25390
42442
28727
35670
26386
45328
28149
36929
28657
31408
37497
31188
23891
43401
9998
43518
29311
42512
29074
37914
29809
42449
27518
40512
24222
34447
31946
35673
28076
52865
27341
36104
25684
55430
26740
42268
32718
30043
27975
41311
29198
39724
18968
35887
22979
49191
43751
28109
30667
14824
35196
29382
46363
32955
41918
33212
38910
39711
45966
39163
33459
43297
48760
35893
43748
31993
40903
38415
39414
44847
43337
41087
16858
31064
40716
26536
42663
32748
44309
34958
41427
35680
34301
29214
52611
29361
49940
38325
36128
37807
37770
32427
31168
40562
39080
38545
32467
30737
38041
35266
39524
39400
51466
33883
25821
26957
44476
25995
39307
41120
37062
46179
41360
41023
46680
40248
32864
26627
22652
39617
38639
28506
28663
26229
57654
25277
42092
20315
32450
24282
39273
26779
37637
38285
27658
35663
30029
51840
25026
37039
24272
35386
29505
36995
34277
51830
29478
37322
38615
36718
38862
30754
37329
43468
27848
32287
23787
36628
21440
43835
25651
35336
18902
37587
28764
46189
29622
36228
18812
38234
19409
34598
24182
24859
30209
38621
39991
25478
49443
26305
39577
32180
24545
28249
42997
25567
34504
32254
39494
37784
36959
43788
26556
45799
34591
21740
46453
33269
26379
55687
35553
55647
45361
43825
39938
36858
40275
38375
26146
41397
48133
39744
32407
26386
36053
15532
50150
37920
37022
36000
36535
41357
36161
39831
33072
40957
40232
39296
34207
31188
36331
30634
33776
25607
24980
34016
29268
32738
62396
31659
41557
40305
30761
49071
24616
34815
25397
53754
57017
28499
38461
41164
17522
44223
26903
50080
27080
34865
38589
29168
52805
22929
45602
26536
40332
29221
41123
20174
35803
26866
23962
52501
28373
42686
50284
22155
44132
29278
23855
23223
35129
28944
27137
32197
35780
27274
39460
22879
49860
24663
45692
26215
38141
27441
35873
19253
35780
25347
53867
26098
32975
30734
26943
24425
43384
26396
41367
39938
34144
28520
41076
26713
37079
26349
37837
31990
27137
24222
44967
32310
45715
28660
44587
32434
35693
30764
38187
28213
33606
27558
45669
26232
40475
16210
25972
42078
42693
24863
37437
26516
64147
22692
35550
26593
37290
25895
36682
33205
32050
29805
32614
24452
38695
23968
42572
33629
47381
24783
37824
26095
29378
45718
25224
28840
30787
37086
55704
17770
56222
28456
17960
30704
28964
36178
36184
25000
37420
24623
30971
23941
33072
36461
45358
20285
46928
41394
19870
29388
47311
24639
42560
45652
37730
31031
39447
52124
30547
41714
40940
26389
46002
53717
38205
25391
27037
26940
36481
22598
44730
46022
29304
22358
42239
27495
34928
25053
40085
23660
35106
30507
48000
30517
39100
24980
35463
20481
31395
40789
24005
41163
42102
19713
34447
34100
29475
27601
39951
24606
33305
26195
38468
31385
41834
24639
17890
32641
32617
29144
42622
29869
23517
40305
26406
44527
24292
38081
25921
34064
31946
35607
28690
37429
22976
43368
19797
38371
26693
32213
16470
28162
23089
24342
26826
37917
26082
40896
22552
36131
17646
38455
25300
35974
25514
54802
20902
29034
31796
41180
27481
38218
22689
42335
25360
25718
23340
21697
20598
36702
26352
44700
27611
31966
32841
32988
20040
51459
24138
34300
23240
38091
31545
40936
26092
33907
9972
34461
41150
20718
37794
23194
42296
22281
47766
35817
30510
22816
33713
22692
45184
28316
38595
42723
21112
40549
39226
35696
23791
33933
27561
27137
29448
32511
33513
28967
27344
41878
23036
40028
27762
13117
26719
51563
19499
39073
28209
35823
31225
26843
31231
27952
30663
29385
40712
49499
28964
37015
26215
33713
36962
36388
20515
32781
37583
34785
36224
19763
35537
27825
30807
37393
36124
29766
33372
29662
39156
27999
30176
26111
26459
34718
43164
50006
35025
32637
7934
19126
41644
36462
33753
44329
27909
40111
30183
40970
33726
49215
19800
37052
19082
53720
25878
32912
48106
42072
23774
33970
50785
38809
33192
28196
31265
39109
37433
31115
33686
33005
39611
27641
28349
20224
29331
34197
24345
35032
36234
38552
24335
37493
23166
56001
21046
42172
26816
39043
30627
32624
17953
25330
26927
36438
29689
38094
29528
23023
27298
40138
28807
40682
26740
32367
34604
30921
37664
30029
42326
25788
22098
27087
33276
32424
31515
45425
25040
35877
31465
43221
24375
50641
33052
38872
26786
42522
31519
28483
30329
29799
20308
27411
27301
49352
29612
30991
15552
39406
28703
25504
38395
24332
28660
35830
20351
48086
26379
41537
28606
31338
27054
40309
23050
39290
23941
27371
26819
36344
39905
34294
33926
35800
25360
43444
40094
48701
28098
33994
31569
37577
37927
42315
33582
35015
23771
43661
18594
36298
33132
45956
19102
45248
30263
34905
28874
33492
34618
19579
39984
31608
47685
21142
52531
27985
35736
32494
45582
25611
29665
30801
40939
39120
29318
19763
17646
50878
38765
42376
31535
36899
29996
29047
21790
44372
27191
37851
41845
35609
36445
32795
32140
36154
33148
35266
28987
36221
31001
31766
25972
27087
33025
28213
34942
24863
40860
27191
40078
25344
37346
36661
32450
25638
37239
25037
41755
37536
46593
37684
28192
33011
32527
37513
38251
35513
24034
38929
28560
42789
27682
32674
35125
35830
29832
34190
26225
35549
28005
42305
31168
39955
32728
32003
25948
59815
27968
25781
21416
24626
38676
26990
39330
26869
43174
19743
34497
10463
47154
29902
41995
30523
41317
31194
50317
31458
34615
21734
19256
41831
25494
31378
39413
21493
39807
27167
40388
22275
30350
39470
37467
31565
33502
26703
27154
27955
37680
24696
39250
27651
33122
13478
31763
28981
38846
27835
38565
20675
48203
24786
42145
27120
48594
27127
37360
26883
32994
27277
42212
27400
40726
26185
36171
28266
36725
29679
34187
26770
40522
32871
45134
28523
37062
26766
38602
27651
50354
29271
36221
29832
38482
32387
43344
25818
44216
24963
39537
25364
37853
29067
46891
27397
24940
27050
28850
23660
24649
34471
37170
30457
42633
27494
34455
26700
28416
29395
32070
36969
46871
31722
36341
27347
39059
18047
39360
24813
36288
26028
40152
26142
28807
39891
17849
27147
26783
27858
29628
27134
18841
34487
33038
38542
30493
45832
24946
45906
30821
41344
25704
32136
27779
26366
28008
23697
32107
33325
26686
30818
34124
37927
14981
38018
26773
40068
14226
42709
29351
35606
39016
33536
24432
38849
36110
41498
29592
27461
23243
37590
37577
32116
25441
38876
16484
38675
25013
31205
20735
39988
27318
62597
28470
35873
22669
35703
9808
37921
26820
40495
26305
36498
24623
40846
29188
29933
34444
62246
28099
33876
27464
37573
22064
39216
43748
30717
29966
32798
26793
35513
21587
31094
28085
40476
37947
19840
40593
34841
33693
33776
28146
33412
28817
37403
28590
37637
36989
50962
22889
49309
41484
25500
32767
44693
48430
61010
36020
51800
35613
38184
30684
37399
34427
36121
35840
34507
39864
37463
37907
41597
35319
39126
35770
38368
25570
36635
18688
41080
41384
30330
38571
38843
47863
26767
38562
32751
39597
37697
30817
39827
34197
35101
34267
36294
42426
30346
32714
37994
36117
38802
41587
50490
31599
30019
34100
35008
42269
36257
34137
40211
40249
41841
39146
21296
37881
32400
40265
38772
31318
30357
46861
33522
43875
34605
34578
41754
41718
27882
41711
34481
39694
25945
36180
31048
32995
49034
42496
47809
30103
35136
42199
49195
27975
33062
36077
43688
30487
34869
28072
36685
36919
49112
51503
39390
35963
48183
42362
43808
25701
38779
34290
42085
48010
45895
35794
37236
35797
38001
36197
42927
36779
28016
33843
40251
30270
45338
37403
25955
40278
46279
28563
27725
32647
42349
38165
38879
38191
26302
53403
13615
40508
36702
42663
37373
27859
40763
56372
36014
30266
30490
41357
29795
34521
37122
36341
49285
51179
39013
38819
37603
36531
36952
31212
38100
50177
34481
37122
22823
42696
34678
49993
27211
30212
37003
37470
39230
36588
47188
23784
41915
50718
41714
35439
37637
37353
31689
58753
30347
28843
36428
36631
61478
34775
45291
39043
22201
33856
36254
39898
34287
25034
36180
39133
51483
26613
37136
40806
41634
39874
34257
49172
40873
39800
33476
30430
35146
42593
49288
35450
41607
38983
31993
35423
25972
12697
40429
38545
46951
33889
42412
42669
26089
42609
35095
34831
37794
35289
29041
34541
39520
38408
35837
41474
33960
63712
36174
33646
35456
61208
44459
42873
39176
35249
39835
49639
34307
34367
41607
30440
37276
28239
42786
41424
29398
28704
33469
40042
39977
28259
38802
42496
24860
38789
42329
35453
53777
35809
32724
20812
35246
43818
35363
22368
37279
29071
37513
34784
23213
36441
42917
32791
33118
41488
30654
35122
32651
39346
36692
35991
39230
43845
52675
37400
30326
27121
39737
30276
37523
42466
43621
28596
45134
42306
27678
36935
39818
40562
42059
35780
28102
42897
50217
36330
27859
40926
35583
52912
44139
46086
26166
51827
38418
42165
25504
34371
34170
34320
41745
48153
39383
38809
43314
40716
39925
37406
31368
41434
38933
35039
31716
36391
31559
40018
24943
40959
26473
56866
29458
14770
25808
52661
33986
35222
25163
25815
24345
49008
24305
34127
27525
41351
27992
34411
18113
29708
39353
29709
32310
24308
24953
32407
25193
34775
26092
25941
39220
28700
34050
21486
40926
25738
41287
22342
33242
26272
41461
24907
43912
21970
40249
27668
36799
13501
25090
39520
20725
39958
12146
47859
37152
36307
27615
44550
25310
28386
32069
25804
42008
20337
46600
35696
27097
24412
30924
40381
28951
25618
36348
25320
49986
32260
44186
31114
38682
30116
21296
31285
35509
30413
32768
33402
34902
37416
39667
24763
36318
28209
42238
29234
37085
30190
29001
25567
42376
25715
32087
25755
27831
40372
35169
39320
32914
28172
41017
36311
26109
44553
25501
33669
27080
38455
38445
51122
28109
42316
30440
47312
27047
33151
37256
31712
32715
35770
38452
25834
34638
30534
41327
33095
38519
25491
37086
28760
26336
28142
37804
35215
23831
26599
32651
21987
36865
27755
33359
25397
43093
25631
48670
22635
36598
18898
38509
41130
40188
33516
34444
28954
36886
30353
41714
22936
36201
27444
60590
25701
24646
29054
18327
35539
35647
22362
32715
43795
37710
33081
32728
32460
37283
26065
39938
34171
23944
36368
36542
35710
32671
40579
35934
28630
36525
32888
18781
23467
24947
26977
28503
35169
28359
40302
30497
21904
27932
33616
28009
39410
20307
36735
27815
41811
27020
34370
29923
37684
30583
34107
26993
29451
20752
42819
29501
26479
28095
39367
27037
36555
23687
40652
28015
37687
18427
42599
29248
45675
29746
40963
25714
25671
40919
27628
24829
43438
39794
24873
59324
25107
35353
44062
37189
37613
37747
38799
44106
33853
39494
32240
31288
36792
41554
38198
40653
40338
36220
42600
36000
47191
39186
25818
33866
52094
36014
26496
34888
35933
41457
31926
35556
27671
40846
55520
25350
40756
38114
40562
38258
38812
36584
22128
52738
37263
33880
37884
31262
47803
32233
38555
25711
38585
26322
36826
28113
31088
30079
40696
28743
34982
25170
36371
31225
39023
24539
38946
26339
23253
32831
44586
31061
46794
28349
27745
33422
35439
25461
34647
26606
39814
23967
27598
29929
44102
25728
39337
10576
42446
35553
33285
25788
33105
23734
42786
29899
28052
40910
45776
25868
33626
26923
31395
25440
36658
36090
41925
41811
33696
30212
25544
31813
31879
35426
23263
39297
26823
53326
43444
28657
37356
38442
41013
35543
33713
29822
50731
27775
28640
26526
31993
23818
30751
30076
27317
27845
32624
32717
41661
37012
41464
23123
29979
29338
40762
28192
31739
19009
38999
23995
35393
32230
36585
27087
37236
20404
40479
25701
58602
22462
26052
26352
39711
19626
40863
21403
39904
28182
27772
32127
37085
32487
38822
22840
39100
30464
36398
27544
42395
27928
39724
26232
47959
25675
30904
27788
36367
26480
44606
23862
37670
39927
31656
26840
28219
28994
24980
22568
39804
18694
39831
16293
31188
26626
51736
30991
48056
20645
42098
28400
35293
20915
20809
37630
26466
36237
36698
51490
33409
37296
28092
37924
27254
36134
32918
27785
32681
32835
28516
47234
28059
51623
38345
30597
41510
29902
35807
25995
41333
8018
45434
20555
41507
22489
20582
28062
32497
35373
27314
41785
24419
38472
36424
31191
38291
36886
41073
20622
27421
46607
34611
37677
14076
30173
30170
42169
28012
46009
40826
34574
37467
40135
44683
24806
25430
50745
34080
30580
46033
33659
42372
58993
20318
40285
31545
39287
17910
32628
32851
28790
27555
44737
49509
43160
39019
40710
35019
32891
38491
39941
30420
47161
25341
36328
43114
47241
31291
37122
37911
37877
22792
51322
35032
39046
41731
36495
27604
42950
37617
30283
35075
17480
26246
40004
19343
24990
35199
25908
27468
32972
29695
38308
44052
35369
24505
38659
31912
42406
30838
38432
32016
31445
15952
33826
42933
29625
43020
36448
29735
32273
32294
28106
38458
38869
40352
25845
37573
28055
34037
24158
25350
34845
19306
29732
50985
42576
30256
29174
39166
31442
46657
40876
26703
36545
39924
52361
43227
32324
34801
33806
22685
40539
33266
36641
25701
37594
33352
43284
29528
27932
43568
40532
37149
26359
37837
36922
35556
46764
30029
36365
47923
32932
31198
21760
13398
43561
47518
36107
40886
35029
12954
40092
41417
37333
39727
38512
36074
33366
48347
35035
38575
29358
24910
42566
38719
29535
45217
33402
32384
33048
15045
24081
32868
27588
31849
30286
40188
29949
34832
31128
56509
33309
35259
18180
38208
35426
37703
33005
49479
35586
26229
40015
27708
52087
37570
32454
44196
35576
37199
29281
46009
26249
40222
30657
26132
35906
33786
31075
29295
43621
29728
43681
25324
27972
46363
25908
39477
26529
37009
48938
28890
31946
26092
50047
42940
31165
43531
27237
32227
34992
25547
37306
31529
32376
36167
35894
36230
36064
42883
20131
33806
30116
39724
31492
39176
36284
30477
47248
46343
51910
36311
37383
47532
36064
35289
28797
42379
44423
40255
33763
37536
51002
36645
30260
24873
40525
38438
29301
46667
25491
21807
36485
42873
31282
32323
37777
38445
48093
36007
41353
39269
23888
39306
41067
38241
43404
32905
52408
46290
47632
42927
35062
37707
38926
68826
31832
31339
30523
45251
37877
33960
38472
53706
32654
33429
37994
42302
47929
46667
32564
35456
44914
34754
41374
40903
26552
36338
32527
43935
17516
28891
39183
44663
46994
30587
34575
40603
25364
34053
26175
31255
35857
38261
41634
44957
32631
30376
39570
24823
48597
53446
45298
43010
45675
51245
45345
43975
27004
43985
26192
36424
41117
39450
49653
46479
39136
24882
50494
45067
46457
41520
42125
42092
36268
44680
43094
34468
42796
41781
37520
52942
38301
55216
37172
40338
49906
37279
53270
48417
41477
48631
42613
50568
39774
37981
45622
37580
38839
56111
42409
38993
43518
45171
45158
37303
59578
37019
35182
44500
34147
37406
43491
31919
27928
45111
52782
41327
31332
38184
36494
36150
38876
37680
41133
43087
41691
42101
42790
30647
12493
28359
39577
45238
40582
26128
29308
39343
41370
42750
38625
45532
63495
37974
40632
41664
23848
50524
34791
42212
45284
41708
41795
40058
39623
53139
26275
43461
31685
42486
40676
36832
28146
29742
43324
38755
42757
40602
37357
40428
54381
42353
52251
35309
40081
35009
37744
34768
50304
40275
36689
39039
45712
36695
36177
41924
40528
64854
36361
27197
41928
31833
28717
42202
39066
47963
38435
44610
44479
38435
43808
36271
51152
42660
57070
26820
46136
41411
42255
33272
34077
33496
37724
38522
40712
22355
51586
48510
41598
46447
41574
47331
41424
46139
34988
42413
35403
62159
36521
50190
35523
38829
35857
40208
41114
44032
43217
38098
44232
29151
42122
42723
37266
43461
36835
45756
36852
56572
37600
55871
44703
36665
43137
33573
60864
36421
29933
46366
39513
39213
29772
55086
42359
62537
39390
38783
32033
38996
39240
48881
32370
48581
46220
37016
36598
49369
53383
41203
27688
50097
28927
33733
56295
39023
37910
37493
40813
39497
42452
45709
40920
35245
38652
44997
41665
36661
49385
46590
40042
30901
38699
31225
38849
43728
39119
39176
36775
40516
35356
44166
36705
47018
44750
47632
41220
35062
39030
28329
43711
41954
36034
51977
51346
44189
42199
40683
39260
41120
55103
35002
32293
35977
39279
26312
38475
27551
40916
22629
44537
37810
48060
31331
42225
41300
35646
36658
30169
36845
35790
56425
43508
27661
38034
43785
43351
30584
26513
41564
42032
27438
42907
40018
49853
43748
30473
34130
40198
30019
39884
39984
50241
56452
45922
40806
15084
48704
38241
51062
55577
56802
56539
36819
44335
43618
31966
47893
39537
44556
45057
46183
46085
46700
39273
39794
37066
34935
53099
41434
41624
29531
42860
42800
39417
34364
37723
47972
50234
43705
40866
37530
33666
38515
40285
48701
36474
38034
43718
41611
39617
39227
64387
38649
64106
41698
34197
38849
37687
43565
42125
55694
32924
38762
42295
57805
31679
38024
33022
29054
35473
44162
43615
49526
50641
39023
37453
35687
37363
26997
30123
40138
37914
43936
49743
47706
31903
45288
33612
29979
50454
31706
38318
32106
36541
46082
31388
44446
43164
45608
39326
39804
40082
44045
43655
45147
47959
25287
40315
45745
38395
40759
30139
50791
41100
35239
32283
36024
33259
40529
37149
43765
41668
59124
43457
24289
42947
57561
40786
33549
38739
47792
30874
39454
39150
51172
40766
41604
38441
23697
38145
37614
41962
38569
35366
44797
36151
39387
42035
36000
43144
43341
41818
39046
48670
37670
33312
37075
35415
34909
41391
40566
27581
42142
30129
34137
26238
31118
50224
29876
41862
25865
39290
28690
40786
43027
41574
36445
48120
26032
35783
29695
36057
35426
31341
33913
27582
46199
33576
40432
34901
39413
39336
45037
38756
33065
34487
50511
28814
45829
39397
34277
49513
29902
23554
40151
46470
36896
38715
33772
47942
40342
39537
46206
43104
43110
39727
40409
38973
42289
39811
47391
52154
45268
15689
41791
34444
39974
31772
37049
37600
32026
33365
39350
45618
39210
42272
39086
44967
38712
46470
29498
40191
38475
35462
44623
33479
35790
30316
20712
37073
41945
53928
35185
27921
30864
44663
43652
46423
30309
41734
32811
45298
32370
38990
32076
31752
44540
34858
44126
47348
38535
32928
24866
16106
38271
49185
39056
42937
38030
54304
28116
42566
38111
36184
36097
33910
47472
44967
48210
43297
35987
29375
37844
29682
39056
30316
36301
46413
42856
31385
41474
41548
34417
47275
38462
40542
32918
40872
55590
36635
39600
28844
49175
39954
39200
38422
48991
38074
42272
42058
55961
48327
34000
48621
30691
42001
23363
57775
40579
41307
13599
48834
32995
37707
46710
42763
36525
47976
33181
27478
28674
55854
45919
40576
39874
36835
39170
41130
39323
41471
42840
30524
41444
43805
29585
59191
35550
46874
39654
36211
52147
42676
45334
41190
46473
30967
56889
36912
41401
44894
39347
56549
38011
36381
40238
42148
40355
37760
45077
41430
44316
37116
42359
44032
50374
32835
40923
33459
39277
42886
45264
38084
43424
49963
35489
43541
41507
42419
37700
35409
46503
46614
44162
59755
43210
54188
37049
43167
30122
44252
50284
29074
29659
39764
41023
36869
33125
41952
46216
61211
36378
18207
38408
40509
40198
31522
44399
40018
36722
40268
57871
49716
49235
27408
45281
31766
40472
37730
39240
35352
45207
42516
49896
28941
43217
55106
35356
35516
64470
48841
32824
64934
52865
33743
43601
44880
41047
41551
42085
37771
41070
31131
44453
39861
39176
41628
39985
37376
41324
40108
59287
39560
47970
40776
40743
33696
35166
45215
50117
35072
49893
39156
47031
38869
46604
40399
34938
38899
34812
28059
25157
31665
28910
37123
31118
39146
38078
31920
44376
45902
43802
32093
39593
37196
46884
46056
45528
34688
38412
42446
48033
26185
46414
40773
43601
45325
36705
32240
44229
45147
29498
45472
30540
91300
30714
37132
35723
31442
44072
41701
38836
26967
34778
27137
38255
40218
35743
34474
27541
34034
39584
43705
32821
60573
37346
30601
50187
31746
43605
36691
34401
37176
41377
38351
45525
41581
30423
49743
42319
39330
35516
35656
27805
36742
47522
34514
23707
48003
33683
32280
15195
26954
13235
40185
31445
35049
42780
38382
32223
32558
32908
39347
40719
57447
39417
31515
24773
35603
25447
35423
38926
26008
40806
32480
46907
50014
45191
31648
43294
41470
49946
52034
39317
35793
48016
48100
45174
39390
51646
37413
43264
42209
48110
45081
38822
36367
46867
30457
37717
41521
26309
34200
41474
44316
45752
39330
38552
36034
42152
39938
52558
38659
36177
47776
40088
33800
50407
38001
43577
44156
29549
38986
38706
41677
38479
46797
46527
35165
33002
41855
39113
36381
40325
40068
39894
32437
46460
34164
60272
39634
40819
40435
46904
46046
49232
36053
46597
45110
38919
39387
39864
24676
41420
41107
39397
53209
41311
27638
25233
28222
42061
32443
38151
34721
42716
40419
40439
23323
57657
33659
40145
37934
31863
41915
44794
31248
43301
38101
37460
38118
41781
23330
38806
37477
44543
31248
40548
38802
39393
39681
38401
40138
42443
34992
50370
39103
35433
62263
36561
40469
38472
39791
37476
44716
44616
48858
32931
33008
27715
37740
40869
33846
35472
32998
33215
36942
40455
33650
47402
43297
44035
38562
40532
35596
39955
26903
35710
40916
33199
23433
45201
53550
45424
44376
39634
35235
30133
36798
45635
32784
35724
53109
43755
29449
43982
33386
63258
39023
44336
42232
37153
43097
27454
41537
35396
38622
40966
38351
51273
35115
45532
38565
29702
39941
35640
41905
35847
49315
34935
37576
23481
36388
29929
41277
36945
28503
28153
39357
34714
38365
35930
44880
33445
40191
48668
47636
32464
56342
32454
32461
39440
41958
33225
36558
30951
16858
46553
37750
42673
41207
36929
31636
44994
41160
36835
37012
47766
39073
46533
29338
35406
31956
26276
45071
43467
34103
26025
31041
36301
57701
33709
32554
30540
36782
41253
48651
44306
32136
41978
29939
39199
42663
42339
44940
41457
32487
26466
34675
29151
55480
39116
48548
39293
54184
41177
37994
30119
40174
30931
34177
42228
27167
34511
31301
50641
40128
43694
36952
42415
36725
49058
41360
41117
38839
44265
40823
40071
40439
36665
31933
47118
38739
34892
34922
43324
37390
40459
31114
41451
43013
34591
15509
42559
36217
32230
34905
37904
33145
44814
26272
40809
29601
30610
42847
42061
41023
40305
34244
36211
17022
33913
46734
37677
37921
28156
35840
37183
48551
33125
46046
34698
37920
36321
35215
48400
40549
33843
35770
29424
31636
47469
49936
32764
51042
36681
49322
40606
38642
36799
31956
42032
34251
33906
29198
31766
36578
50150
35049
31031
33956
43725
37674
34998
41721
33455
39834
42543
37022
34447
45651
42533
27848
41898
44115
36201
37182
51846
47822
29482
32173
52101
26469
32223
32667
32724
37102
42342
30410
36845
44964
33736
38682
40225
38772
41838
43595
36869
56849
30620
33646
29909
23884
27919
32287
36070
41748
39978
39664
50270
40104
13294
36200
42285
61581
38144
41417
36568
90866
40509
35640
49947
40469
42252
52591
24448
40939
32925
34902
23958
40272
22662
28603
45926
26667
14937
39784
38431
30697
22926
23874
34788
35503
27050
32387
41527
27037
38198
45956
55180
38225
34952
27561
31064
41407
32453
39814
47950
37991
33739
33131
22716
22031
42135
41167
29902
39931
31301
39454
22071
22074
27915
37397
30904
37620
41083
37186
36321
34845
21300
38235
23581
38265
23317
30066
42877
28289
33579
38258
33512
34975
33612
20862
27347
38876
47098
41267
44216
41253
34331
38054
36448
36435
39593
35359
52027
33793
31475
44680
23463
38999
34221
28680
39093
37162
43080
40405
37857
37991
55574
41203
42660
50865
43785
36785
32083
22008
45522
30731
39477
37002
45058
50431
26937
40098
30109
41273
35813
45828
37477
40021
39320
44429
45168
36421
39704
43829
26876
36688
42242
39440
47221
35823
33152
42923
37343
44256
40428
56849
46837
25938
28873
52287
31412
37937
37807
49455
26259
47295
50708
34337
55444
47335
37677
39106
31799
37022
42466
41681
40412
33516
34942
32350
40546
37389
37663
35820
34488
46153
37473
45207
33592
34077
34848
41186
48414
40856
41594
39918
44653
26369
41878
31709
41123
54695
41027
52227
31422
40122
40239
45916
42292
39670
47589
39881
33990
27267
43735
53379
37667
48523
34611
39647
34561
39770
44520
36364
37954
46263
39848
44753
46967
35346
32263
35373
41210
42874
44300
39667
34247
35426
13983
27087
37123
45805
31145
34835
39894
37132
41935
37930
53670
33616
37276
36899
44142
35753
48013
43337
47058
44520
42877
39173
52367
52635
30654
23290
39086
41931
41911
59194
28176
43788
28857
39009
40699
26322
48737
41778
37630
40148
37777
36264
37760
36394
49626
21260
32738
53791
51005
49188
36705
46436
34474
32915
35533
38428
41905
46453
36307
31469
41761
37587
56235
38134
42609
39287
25995
44493
27645
37410
27939
42633
37580
37784
53536
44964
44239
37229
39106
38949
42743
43768
42783
24770
34614
26943
30841
46590
40649
41290
29385
35546
45572
42081
38979
26205
45615
42062
41267
46063
13919
23550
33943
36314
36555
50397
41511
33873
35964
32604
45121
38422
38729
33509
37179
29021
30754
37400
37035
44206
46647
47442
46129
42703
41541
34571
48454
26823
44039
27908
37507
31452
36408
36071
42105
42706
35777
43321
36595
35717
35353
41590
49275
39112
39988
38027
37223
34858
33796
44619
48173
38802
37236
32845
42242
45231
24910
33819
45137
37119
39380
49593
32680
41033
47619
44673
49572
33088
36314
54769
30056
42025
28196
36348
40131
43828
38765
46019
43321
70191
33873
36846
28119
41090
37283
42983
27388
33208
31682
37880
35877
57724
47211
45455
31418
36628
40733
44610
35165
41177
44188
38919
53643
37830
33839
31408
35249
43938
29128
39026
25531
39150
36298
33512
43084
39867
32480
44446
37596
31462
39975
35937
41637
37520
23497
41805
41514
40405
29525
45485
45334
37112
33986
32898
44787
51473
46049
43521
45001
46273
35245
34545
33572
40335
51743
38014
45098
64310
40910
31779
26399
40692
48657
31548
45812
41821
31899
51900
39139
48975
32423
33602
43899
38592
40392
55671
33359
36271
36234
52832
31325
52137
49492
39200
36825
42803
38899
46513
32190
37266
39798
37664
38682
32608
43110
30133
36748
36732
44186
42649
30510
42455
40673
38191
48244
29458
45190
37253
54131
41718
37717
38097
32978
47506
44316
33582
36385
45782
40118
36331
38325
39012
36441
31526
31676
46477
37630
41791
40245
46393
45238
48527
34939
31999
38679
41751
36388
38512
36842
29662
38288
42042
37640
35085
35442
40275
46106
29999
39350
42015
31689
40271
30557
35616
32020
30647
37577
41477
37429
45378
38435
43277
56646
42603
33973
40308
42322
39323
50765
34925
56953
40662
43197
33542
32878
42937
38558
53800
39841
27568
38361
28507
38538
46877
29261
27595
21677
35246
42382
41828
31152
44306
43845
38595
53937
41253
37276
44062
34077
38599
50013
50745
59618
40101
36802
38171
29605
38522
39691
26780
29198
43247
42092
45722
34461
40195
41731
37934
17533
48123
45749
20257
39310
38094
33118
42325
37834
40191
43120
49061
32621
38488
34257
40986
35416
40529
26963
32961
40081
56629
35907
37694
37209
23187
43896
43752
48060
37870
42061
44817
14266
37436
35806
45144
42296
48333
65946
45959
40392
32384
41755
43077
39416
33052
42700
32374
43267
35346
40917
36655
40021
37450
41240
41230
36979
39794
29935
50431
41818
42523
43481
40960
56298
48621
28052
49325
32059
43538
37353
49579
38468
54976
41080
19346
16123
47268
45381
37734
43187
45732
41354
32400
34595
27464
40155
28172
41106
50030
38686
39607
32013
36371
43852
41734
43341
39941
50621
38385
40101
39346
53259
39731
41667
38492
41187
40038
44212
43040
45452
42269
40325
46383
33325
42589
45812
63168
41247
47783
41825
42335
48560
43170
40960
30306
38435
37066
36705
35499
44857
27171
35877
37296
41628
50915
40746
40809
49779
27438
38241
32153
41474
27164
32230
37567
57664
40125
31829
52752
35433
32651
38332
41377
54057
36204
34310
39003
27094
26536
37567
16531
45020
42129
39336
34300
43341
40382
37466
36916
26590
41193
34571
40231
27845
44887
32500
45835
37713
27298
33976
32657
35816
31435
28406
44787
39340
40546
27357
37797
29134
37837
33275
47254
36328
34054
46229
38328
36405
32087
40672
32841
38522
28306
31328
31536
31121
30894
39300
35907
32437
41160
40989
33880
58907
37557
27598
26603
37697
31973
45902
32497
19305
41124
38525
42666
49121
33569
31742
32778
26399
33045
31759
38809
42603
14166
33095
46473
49749
42913
29508
34180
37837
42512
43644
34634
37062
50297
57140
55040
49082
39383
28984
45385
33025
37627
35222
42943
36418
52782
45595
41731
42873
45902
39196
37373
33202
40729
41103
47592
42068
37069
28220
36588
39206
29722
44046
66481
39564
38879
32755
48721
39216
35292
42102
54752
42769
34304
37252
47689
31445
32714
28874
39604
38284
38999
44005
22919
31405
31652
35743
33769
25588
41644
42369
37821
35690
38425
29164
46099
30323
30246
37022
41848
38749
37814
41898
37947
35609
38919
37440
33686
35857
35930
17536
37026
35897
38699
52438
47666
41010
29765
53166
36929
45111
37333
41931
28340
33926
40850
37620
29658
39510
44924
39554
43541
36208
46436
37637
56472
56128
40803
31429
25571
45288
32724
51413
42452
35606
40742
38435
51934
37022
37062
21861
51018
24269
39243
32230
38725
34792
44560
35055
43935
40499
43097
38234
42750
43027
39701
32731
28089
52438
41911
33810
37633
36618
35406
47609
33793
37483
48584
28242
42002
38348
40245
32948
44199
35506
40188
28977
38144
39120
31959
39287
47699
37744
27982
41921
55560
47779
45218
38802
39627
28590
29348
32771
38134
44313
43431
44657
29615
34738
36795
30183
38625
28310
36261
37173
38345
32431
35887
41958
40515
39664
41040
35526
33730
44673
41935
32157
34244
44376
49980
33549
31703
41935
36001
39711
38542
33613
49883
54849
33843
32581
24970
37584
44169
44293
30337
41618
40893
34668
37259
38294
52057
42025
29431
41264
41026
42513
36231
44980
46386
40826
43822
39062
30910
36588
45862
34010
44386
31822
41097
36902
42937
28690
42920
46299
38739
37570
33980
48998
37446
59972
38178
33796
46710
41190
31562
30196
43491
36889
38104
47515
42653
38565
55791
44429
66193
46079
35353
41076
26125
40535
37878
34040
50715
43675
34043
37727
41193
52598
32898
41557
38181
31739
34207
37136
44316
29014
27227
24289
37843
47495
32958
44760
37496
36147
40990
40015
32544
33459
38151
37877
33946
36855
30574
22014
46066
37673
36982
39564
43828
30661
37710
42235
39213
22001
35680
32457
39394
42836
37213
30620
27865
28092
32908
35226
30397
33265
40572
32440
24850
33936
41962
27020
39296
39500
37596
32133
43465
42960
34644
37877
39086
28159
29127
41598
43391
35884
54011
37864
32627
33436
32581
42616
63649
39934
32781
33192
43387
37306
36474
29779
39911
29766
40683
35420
39353
40262
27317
32587
39637
33232
40736
21273
26800
37450
21858
36394
32731
24345
36014
40375
33359
39867
32757
28276
38779
29602
40359
33105
31883
37790
31799
44446
37720
38188
35597
32420
25481
37794
41003
37890
47689
49312
29976
31479
35206
34585
32538
32767
30326
20986
27892
40422
40308
30687
40068
40342
35890
38589
35256
36475
37146
44303
38078
36518
33425
45214
36317
38902
24228
42850
33018
50718
23323
37817
27435
51293
41451
23517
26178
41454
26209
22816
37005
31472
26342
27778
19069
41153
41321
34164
25220
35309
40886
38011
39567
39637
53714
36575
39855
25888
38568
35766
38455
43458
33596
41344
45327
42702
28306
33763
30614
26843
26863
41687
33636
33449
24886
36147
44493
33265
40622
26559
35456
19172
36077
40365
26873
34561
38415
36234
46928
27541
26262
40973
29922
29091
33656
28016
37793
26984
32624
19633
41006
32584
35025
31475
23320
35025
31388
33742
40806
37603
29251
29381
30977
31616
24492
25013
41798
35967
33359
20973
26129
27832
22244
18350
34561
19790
38057
38635
18711
38712
38184
38194
33860
30316
39831
34885
36765
35563
30744
27254
28530
30500
35182
23133
25267
29966
32504
36608
39233
29729
26646
35523
30961
30794
33906
30283
33987
13275
33045
34831
38078
23249
38849
40455
36040
27781
37400
33208
55320
36571
33375
41491
31689
33118
32781
42543
28900
35961
38726
31686
35195
20578
35483
33793
27007
50040
19720
32811
32824
33960
42483
33696
32934
50454
33098
33022
32921
27551
29769
27417
28092
33653
22539
28012
32077
39603
44920
36651
41257
31742
37743
38966
29255
36361
32160
35703
43231
30353
41300
37440
19309
29381
27150
20882
32394
35513
36815
23567
49172
41036
35877
31298
30667
32173
35366
36735
35963
36174
39487
28022
36492
26269
26934
31265
29355
35576
31065
20468
26011
35940
15101
28887
53513
34007
27164
41226
37740
31342
48136
27942
23998
47555
43875
43721
34044
35440
34932
28806
45294
34781
39447
34407
34157
31138
39821
31956
29091
22381
28119
27568
22866
40937
44907
29057
26870
27224
19660
23230
31018
21480
42526
25867
23868
22462
40008
49419
37917
37096
38058
45859
33225
26443
31736
44440
30784
38111
37022
35189
37941
33395
32621
32280
35887
36434
34441
38271
32761
33262
31606
32918
35877
36685
26703
28005
29331
33058
33302
41317
22425
24809
38358
33476
35884
33960
29091
41026
40396
43097
33369
27044
38742
35780
34257
38201
39160
37911
36561
39143
38512
40576
31118
38365
40775
31311
34638
48400
30089
33238
25240
44854
34818
32611
38903
39584
39921
43575
20454
38017
33308
33045
40462
32470
45495
33312
53370
36855
39484
34347
51128
24158
44707
37764
26453
33826
31810
25828
30086
33556
36128
27775
44633
34284
35480
34310
34488
33035
38431
45799
33739
35807
28433
19807
33600
39400
35259
32490
34047
37677
28667
33209
36368
28603
25277
32330
35653
43531
33225
27858
39420
47101
30603
27354
32978
24993
29812
43922
39691
39648
39417
27314
29385
33997
36505
33612
35366
32290
37607
42786
27718
39437
20064
26456
30854
32611
28116
36451
31419
29425
37430
28881
34932
19906
32968
19947
24689
24238
37136
41902
34090
41761
37533
22522
41103
33028
31692
38952
34578
26372
42493
32975
36478
31368
31355
29081
39220
43725
27431
37930
30974
24826
34832
23757
21560
34691
31478
32250
37443
39864
44814
41204
33045
31285
26359
40041
28493
37013
31522
24669
32354
39296
31298
31091
27010
34487
26556
14717
23848
30316
25003
26286
34668
28463
42683
42085
30477
21831
19062
38545
34855
24299
22481
31345
25317
29448
17997
29943
17640
25922
22308
23824
18781
31702
23494
18765
44951
19380
22077
19620
22291
21370
27287
18240
42262
23607
28670
27024
31585
23307
14473
43561
21717
21226
28035
20321
28723
22839
33466
25357
32220
55524
22078
35787
38776
46363
28075
29802
25210
35756
28984
34581
30974
40265
33986
33763
42840
30630
34491
39069
28426
32230
27431
37767
38248
30056
46937
40232
32056
30397
38348
34647
33499
32236
29351
27775
32443
36281
39226
28747
34631
21470
28563
39313
30834
39450
28600
35650
29855
32945
39207
37179
25291
46316
32581
33526
22328
30604
34898
40659
24435
39477
32307
13779
22261
22970
17810
32738
24462
23901
33960
37493
33766
34107
48621
30590
32861
30744
37944
28740
34200
33288
35766
46741
28403
34017
21440
28650
28119
31332
46654
32738
34685
26626
27648
44436
43735
20728
35520
36444
30143
31816
42125
50617
29852
32063
33295
31652
40612
28413
33923
32524
27769
27508
39440
40566
41657
30894
28029
32861
39207
30920
27805
34838
51837
36985
33272
32614
34477
42061
35763
26950
30827
33035
29808
38609
27575
21517
37677
40422
34124
36758
32471
40362
28086
39484
30386
32945
29311
28443
27277
31141
27668
31659
23654
34718
27585
28830
29081
32567
16607
33288
36331
37143
31779
33245
30674
47482
43999
22976
33616
28900
41371
27545
50698
33642
39537
20919
36431
36672
32560
37627
26346
33011
35122
44092
33399
32100
36431
32360
31676
24799
46797
40011
33469
31588
26202
25497
34284
32754
39320
26736
31582
34183
39791
26719
31498
36131
22429
40131
38785
13865
33135
42396
46994
34654
32848
41768
24515
45608
34825
36435
47592
34668
30153
36642
33676
33122
47259
33352
30520
17165
30934
42599
26710
34557
55377
55707
36204
39787
31946
33759
38067
30881
31585
33753
42208
41370
38275
42446
34845
37203
29181
35626
33392
49075
31766
36191
40763
32534
36692
35663
33984
40966
34745
37390
27792
29782
37209
36238
37724
33619
26159
38338
37035
41284
32741
37042
40409
40352
44195
32296
32240
49272
31496
31469
18254
40833
40913
36478
35549
31940
26733
22622
34728
26493
39340
40819
39049
47429
34958
31539
31325
36685
28904
44132
34160
37369
46607
37119
35730
33215
49229
36247
37133
38117
43979
22892
31906
35703
26222
48140
39149
43565
20832
35937
32864
42630
38969
31335
35079
28590
26910
41815
39127
40920
32651
32764
32140
25250
30651
34965
41604
35970
33392
31168
31606
31786
29472
28937
28941
38468
26816
32570
33800
21653
31539
30106
31879
29555
44169
30965
15766
34982
28807
35199
30503
27147
35670
29071
28159
20318
34407
32678
32070
40626
24930
35132
40743
35449
38164
29668
33472
31976
36351
26473
39066
23814
30777
24629
35012
22282
43932
21309
47636
22518
29455
24522
36799
24706
22010
22311
31772
25768
23941
29662
35292
54578
34771
45314
36238
29067
25811
39270
32197
27852
34905
32193
49242
35226
35984
38719
30413
27417
32895
23267
53854
36401
42429
43100
27444
28002
29248
29882
30627
30794
33098
26886
35533
39344
31682
34270
34367
20739
44923
41738
26245
20381
33569
37269
28944
34838
38298
34651
32775
23444
34588
19770
24993
27658
36832
32715
20749
27498
38031
26449
22054
33282
29752
25985
34511
27341
31552
31121
43441
37530
37440
19516
35326
23945
30831
25781
26663
42756
38074
36642
26065
25765
33299
34608
31676
35653
28603
19196
26302
28386
37193
19503
29231
36428
30473
32324
24890
31776
27825
32691
35867
31188
14076
36859
32304
31238
24973
35877
28212
31174
30884
27822
29348
37463
29124
32567
37206
30770
26229
37016
23885
21527
26222
35089
27545
22729
21684
31034
30884
17199
17075
28443
24242
31335
19710
40833
22365
33319
20558
20267
20531
28025
22011
38071
21650
24579
21814
33008
21617
36859
41955
36745
42102
39484
27895
34982
32263
41484
20678
36043
13081
25049
22642
37706
22752
27678
24893
27194
24068
32620
21947
31315
20071
37042
18882
39176
20599
20425
45474
16644
39373
24034
24182
21332
31926
25340
30727
34564
29608
30015
36828
16253
34137
19276
27798
20425
31923
22458
29542
22051
35275
19148
28687
19680
34036
23454
29919
15015
33833
22926
31889
19373
31702
23140
36621
19716
42045
18802
30624
28573
36003
24896
30724
21019
35500
26122
16811
31088
38449
16410
29158
25133
40031
34945
39884
28737
35148
19116
25244
29582
35399
13849
32440
23250
38272
17839
29558
29575
31489
15051
29311
27408
18213
22482
25047
32507
19466
30727
25540
29215
24796
19229
19022
32874
24215
30320
23533
33769
27631
29862
16550
25955
16871
27073
31098
33836
22896
37944
23187
26345
27324
27996
21871
45825
19566
30884
23621
33175
21891
31295
22756
24746
25915
34705
25714
31085
33990
31071
33713
36198
38822
43945
29579
27851
26319
31408
29185
30954
34985
29445
34491
36548
12029
37380
35399
42967
33763
26570
15836
26666
36455
34461
36765
26840
52508
28413
31202
27645
20221
28576
23738
30844
26593
30764
36488
24559
34781
21236
29465
33690
36996
23440
25674
42259
32474
22572
37109
24576
32274
40863
38879
15395
26633
31391
34297
28313
25197
31829
40695
30867
26597
35032
32684
25945
26052
29625
35997
23246
38011
26636
24740
18267
32383
30320
44696
25374
24122
27912
25481
25320
31442
35336
29966
27344
26981
40475
36364
34561
25197
24626
34404
27254
26977
29539
30918
38168
31175
31302
30390
25775
38224
19266
31926
24709
31094
31408
27014
31165
41745
26957
32327
32520
31932
46944
28322
20087
24285
29518
28750
38762
38050
32116
30981
30242
26730
25454
25420
27007
39343
25103
35727
36705
29271
31124
19620
28156
39210
28139
38442
32233
36024
30099
35001
26155
29395
35797
28476
35146
34628
29187
29688
36187
27922
31495
27281
37046
25130
26269
27885
26252
32755
31278
18882
19543
20438
35490
28306
27180
36321
33028
33298
36438
32447
34815
25611
38956
33850
31536
24171
27004
28821
25317
26763
30520
25444
26172
32420
31646
25581
37356
34461
31953
26746
28330
26299
37126
33749
30363
42209
33636
31392
27477
33332
27067
36268
31004
28516
30196
13184
32126
28289
27378
27174
35867
35853
22238
30674
26546
32828
20007
30229
32457
34330
37212
30069
21513
25838
32557
20224
33135
35342
21787
28934
37109
26536
35196
41517
29050
30901
40539
26913
28343
27167
29451
28152
25571
29244
26376
30069
31231
32050
30918
31623
29124
29084
31532
26783
30229
18931
19977
26306
27848
33773
25084
29782
36932
26804
31582
27835
36408
29498
27494
25754
26950
17101
35533
31418
37550
27822
28303
23837
32764
16818
26419
24660
35663
20578
42205
23981
42850
27665
33258
27364
28002
17924
25036
22668
25177
28162
31241
17723
33299
26299
37009
23096
19423
19553
30550
13081
27632
15842
34461
38258
30734
30387
28069
21363
30583
23908
30266
24810
29642
25394
33028
19183
28132
22896
27168
21153
37012
19657
38208
17910
49589
26603
30867
31358
37206
19757
30527
27999
28476
23216
30814
19516
26563
19553
25183
21904
28446
20775
26602
17479
32353
23090
20528
20568
30591
17916
26907
32393
15890
27942
23741
45715
22665
33409
22258
28266
24779
33085
25821
30257
22405
31962
25240
27354
23895
32157
19159
19042
26667
33896
22635
20021
23697
33222
23473
39808
33068
25270
23396
25501
21426
36504
36314
24298
26105
28303
27982
30901
23931
34531
17790
37046
17389
31562
18544
28173
26028
22952
19242
30049
32247
12510
27505
38495
18451
35466
18417
32250
23670
53533
14317
34841
17392
38528
19914
37333
26015
28948
26727
35105
11264
35933
23440
39994
25053
32033
25788
29735
23163
33943
18254
35492
23721
41360
12183
34985
23911
37470
23196
32524
20338
30149
25918
19920
18340
21443
34100
18634
44370
27180
27485
23901
34945
19807
31201
18905
30136
18150
26970
20194
32187
26155
30567
19259
21714
26396
25134
23600
35282
24809
36458
27444
28249
25434
37095
26616
17285
26419
32861
24759
39530
18815
47014
18635
40813
20271
34210
29348
35463
14761
35422
24128
27778
41858
19921
30450
19015
28567
24977
28373
21226
27527
24619
39574
17890
18634
25918
28002
21684
30824
19429
26827
23594
28376
26142
27905
28256
25818
29582
14731
31181
28066
27902
9468
32521
32086
35700
19857
34280
34130
36722
28954
29562
23437
39827
28430
46547
18819
26163
29585
27157
24800
19821
20899
44931
19973
33138
22532
34785
30664
28764
22509
34571
27715
31859
23147
26172
30323
37506
22676
28506
24372
38408
23547
20257
18471
29001
18424
33722
22636
27297
23183
47963
20495
28603
13469
30721
20331
33369
35763
23370
22302
23814
26439
39049
34792
32818
26476
39601
25424
25708
17222
40435
21170
26924
24973
31943
27474
30153
20111
26563
32584
31595
14026
36361
19256
31539
21704
44439
21249
32387
25932
33422
19683
34571
24806
28747
25277
28380
24028
41734
18264
19299
27080
36294
29966
26166
19770
33820
32917
26055
35589
29809
31963
29465
34006
23360
27113
32454
35016
35226
30133
29174
28864
36050
39153
31325
34771
37620
31385
37386
25667
27919
36745
46587
35226
26246
36909
31479
31756
37480
30471
24132
27340
28807
26095
37440
24499
36498
30149
28586
26543
34361
31970
34925
30787
33623
34404
28052
36217
43424
36554
29491
27217
21370
28774
25447
26880
25678
32220
29117
40492
41561
39009
28006
34314
19883
31672
29752
44092
28360
27030
37837
25260
31332
31618
30500
28730
38849
27344
23333
40321
27989
28643
35744
26680
32497
35970
48150
27288
26576
30534
37099
25404
31328
31873
33125
37056
28156
29465
30964
18504
25314
20548
33850
22569
39080
22645
30403
27828
32480
19683
28493
24285
28169
18755
26166
21376
26178
17786
24536
24606
30266
27117
29418
28610
31976
12583
27067
19540
32718
21483
27441
25888
27811
26563
19643
21029
26653
18013
20037
23310
31863
26212
26309
25991
38442
18194
31632
21634
40041
19096
25391
30880
23096
36885
18871
26339
24312
37169
29588
32921
20424
26289
20291
26419
26846
40369
27097
36762
20588
25821
21503
34407
26225
31145
23624
39507
23283
23938
22853
32036
25801
26506
23534
29458
19546
22335
23367
32942
27341
29187
19643
35312
29825
28940
19690
34077
13478
27625
23975
30096
16300
28603
28446
38612
28349
26579
18491
13558
28934
31933
18889
25698
30253
31896
18060
29277
22261
26101
25173
28549
22044
26493
20445
27117
23901
27284
21791
25781
22482
33239
17108
28032
19049
37022
22168
38128
27695
39493
19730
34882
17776
35292
23457
22598
19366
30917
13866
31035
19392
26596
25180
32624
17426
30293
23804
37824
21861
31702
23631
29869
20448
26065
19449
30270
23276
37250
22208
38304
19506
36024
28803
35783
19379
33288
21543
36378
16961
31819
22198
22369
24342
30921
22949
31575
19596
23293
18073
19492
22251
29264
25093
22712
18638
26071
18250
18578
20946
41795
14757
24309
19864
31091
22569
31532
29481
18551
19132
38274
24896
22265
20655
27831
23651
37066
18197
21106
16747
25003
20288
37750
25674
28112
16203
37510
22515
28449
22903
24947
15863
30336
19817
28406
21626
28917
17082
25568
23584
29849
19175
32821
18447
31893
23764
31318
23684
22415
17209
37006
17780
24292
20130
34367
20892
32072
18671
33155
25053
21510
22008
34107
22969
36311
22127
27518
15836
27274
19439
31635
10242
39964
21560
20451
21163
28500
18534
28152
19673
32798
23601
22411
23009
33649
18781
36214
28757
28025
27391
41828
19092
37256
24378
33289
20522
28443
13912
46643
23620
31913
33029
57213
41200
25848
44072
32601
38665
31789
29297
40649
37092
27355
28873
27932
28790
23714
39708
30076
32250
46808
24646
31365
27919
30450
19657
44173
18601
29532
27057
41521
15175
31763
18494
29632
18424
30874
23600
31409
33693
30029
32491
38682
22956
28002
29705
27995
22398
27567
23176
28056
11691
36562
24409
25501
30409
28566
29454
29091
18888
32032
19560
18267
24169
27000
21126
28049
27144
18417
33960
20712
32624
13788
25781
22031
26706
27067
39183
19473
22939
27214
32898
19399
35172
23243
31605
21630
35192
20160
26559
19192
30447
22719
26880
29261
32871
29425
22017
32848
30691
23150
31378
24652
26623
24071
26095
23891
47679
29054
23303
28707
57367
14170
28797
27915
30290
31899
24766
34187
30901
20778
34441
29071
29769
40606
28433
28907
31212
32347
20942
39791
33362
33189
31632
43387
31038
35379
38529
29218
33449
19162
32888
42339
34611
36982
35255
28723
40035
33713
25698
27317
32307
25675
36969
33840
27113
26823
34144
18337
26643
33806
41630
26519
33239
27157
25511
25701
33422
32590
32938
25397
30307
34621
38545
29842
30647
27137
39193
30794
35079
24606
26710
27942
26736
35586
34571
28941
46146
20501
40385
39233
37376
24903
35072
24338
28025
32675
49525
34554
29251
25511
32100
29545
25144
33302
37827
40405
39540
26619
28523
27668
32988
41130
32908
38575
28192
46293
13509
14580
15813
15779
13475
18017
13705
15739
14386
15552
14650
16610
20457
13699
14927
15215
21069
15993
14416
14116
15986
14330
17389
14904
15145
17776
12924
16050
11371
15352
21182
15108
15679
14564
11448
14443
14296
16884
17425
12166
16397
17175
13916
16638
17101
10673
17947
18631
13756
17422
12937
17062
13314
15826
13695
19296
16945
9193
17386
12750
14417
14604
16434
11992
16891
13638
14828
13311
14657
11344
13318
15986
13996
15949
14176
20368
15018
15008
14262
14597
14457
16978
9000
13044
8733
13966
15482
13541
15369
11615
14774
15182
15225
16481
14880
14233
19253
12323
15696
14236
17332
16975
12072
13892
18211
24556
21323
13735
10720
16814
9087
14711
17436
11912
13024
15021
15629
14544
14366
14337
18354
15866
18855
13555
15121
14945
14380
17125
11692
16390
13428
21888
14974
18591
9608
12857
19850
17496
16136
13191
11628
15105
13879
12854
12777
16433
11057
10990
11514
16367
16030
14384
10105
15666
20184
15121
14490
14901
13275
13858
19199
12606
13692
20338
14600
14901
11925
14176
13682
12410
16033
15027
16955
18625
12957
17489
17409
13184
13435
14767
18080
15462
13308
21954
13014
16234
15625
14881
17436
14674
18782
16848
16648
17706
17366
16430
19640
12663
17823
14987
17689
18778
14486
15014
17439
17903
17055
15482
14046
15381
14544
16561
15435
22097
15646
12967
17365
14370
16637
15011
17693
14854
14630
13014
15362
15813
26466
17141
13552
24489
26172
16167
16210
15018
22612
15031
13819
14580
11350
16831
13478
16861
13458
15863
27895
