1022
2054
2315
1933
1954
2114
1944
2254
2114
1964
2104
2074
1943
2224
1963
2114
2225
2154
2003
2073
2014
2064
2124
2044
1914
2214
2073
2054
2164
2215
2174
2284
1903
2174
2054
2034
2164
2004
1994
2184
3477
2084
2525
2084
1954
2364
2013
2164
2114
2104
1994
2104
2495
2004
2184
2034
2074
1954
2014
2074
2114
1924
2154
2144
2134
2064
1984
2104
4178
2224
2184
1954
2024
2204
2124
2044
2284
2034
2204
1923
2074
2014
2134
2284
1964
2284
2014
2044
2033
2154
1993
2255
2074
1893
2274
1993
2014
2174
2033
1863
2274
2154
2275
2364
2044
2044
2184
1933
2305
2214
1883
1953
2114
1874
2024
2004
2074
2064
2024
2164
1984
2034
2084
2164
2134
2044
2024
1964
2224
2074
1964
1874
2024
2114
2044
2294
2214
2224
2044
2275
2424
1994
2314
2956
2204
2134
2004
2054
2014
2004
2235
1933
1913
2345
2274
2063
2385
1583
2084
2034
2184
1743
2254
2715
2335
2204
2445
2054
2194
1863
2164
2344
2114
2134
2164
2174
2174
1904
2074
2124
1954
2215
2073
2785
2204
2014
1753
2033
1953
2044
2154
2003
2224
2114
2134
2174
2064
2134
2114
1092
2164
2314
2314
1944
2054
1913
2134
1994
2154
2074
1563
2254
2054
2093
2314
1943
1563
2053
2034
2184
1613
2074
3556
1583
2335
2094
1934
2044
1884
1964
2204
1573
2154
2264
2134
2374
2154
1703
2184
2114
2255
2214
1152
2074
2304
2215
2465
2144
1513
2274
2174
2234
1663
2204
1452
2264
2114
2144
2024
1663
2154
2144
2164
2004
2164
2084
2134
1954
2114
2224
2144
2114
2124
2114
2134
2354
2114
2164
2083
2084
2104
2094
2294
2114
2154
2094
2194
2144
2294
2054
1984
2124
2175
2094
2204
2355
2094
2094
2254
2134
2094
2164
2154
2094
2174
2175
2053
2174
1933
2044
2334
2164
2054
2073
2073
2214
2174
2154
2124
2225
2194
2215
2154
2535
2124
2455
2034
2144
2124
2104
2024
2314
2164
1974
2314
2034
2144
2194
2235
2234
2154
2024
2074
2234
2114
2124
2375
2425
2434
1954
2134
2094
2084
2174
2064
2094
1974
2034
1964
2164
2445
2034
2104
2084
2033
2214
2154
2144
2064
2134
2214
2013
2104
2114
2184
2184
2244
2575
2204
2204
2224
2074
2265
2264
2154
2174
2164
2225
2154
2274
2134
2215
2234
2093
2044
1934
2194
2044
2124
2154
2144
2214
2174
2164
2133
2034
2094
2124
2094
2194
2214
2034
2034
1994
2234
2234
2054
1894
2114
2114
2124
2184
2174
1934
2144
1943
2255
2315
2063
2154
2324
2064
2094
2214
1994
2054
2084
1983
2204
2175
2054
2144
2184
2474
2104
2113
2234
2174
2214
2154
2104
2124
2314
2124
2084
2084
2084
2124
2144
2154
2124
1994
2244
11392
1944
2174
2165
2074
2134
2194
1953
2175
2144
2034
2124
2164
2094
1513
2295
2224
2104
2175
2094
2054
2194
1713
2044
2024
1122
2074
2074
2234
1964
1934
1994
2074
2004
1923
2044
2014
2053
1964
1964
2034
2084
3287
1973
1973
1964
2043
2124
1953
2094
2033
1994
2054
1994
1964
2164
2225
1973
1532
2234
2204
2114
1723
2284
1553
2354
2124
2084
2104
2194
1543
2084
1423
2334
2124
2164
2033
2154
2044
1523
2165
2374
2124
2054
2245
2013
2094
2184
2004
2174
2214
2014
1163
2124
2114
3226
2185
2314
2124
1603
1743
1963
2164
2054
1933
1944
2034
2304
1983
2154
2074
2094
2265
2003
2204
1994
1733
2014
2265
1984
2144
2265
2164
2334
1904
2114
2113
2104
2054
2044
2274
2014
1884
1954
2074
2204
1863
2043
2054
2345
2073
2004
2325
2174
2044
2244
1913
1984
2094
1944
2414
2014
2184
2044
2124
1953
1924
2094
2164
2194
2164
2154
1923
2114
2174
1894
1833
2134
2134
2164
2204
2074
2214
2114
2084
2244
2124
2124
2114
2244
2094
2144
2104
1993
2285
2224
2144
2094
2164
2084
2194
2033
2144
2314
2194
1944
2164
2124
2144
2114
2254
2124
2094
2194
2094
2093
2204
2134
1984
2074
2114
2114
2124
2214
2234
2264
2094
2234
2174
1964
2174
2044
2104
2144
2084
2124
2234
2114
2175
2154
2113
2074
2114
1994
2154
2214
2165
2023
2284
2064
2064
2234
2044
2094
2204
2074
2274
2355
2174
2154
2064
2134
2114
2255
2194
2224
2074
2094
2144
2074
2164
2404
2214
2064
2134
2245
1964
2074
2275
1893
2114
2154
2114
2004
2064
2014
1994
1914
2194
2114
2254
1974
2034
2004
2014
2034
1963
2074
2144
2334
2154
1964
2194
1914
1964
2204
2034
2034
2024
2004
1984
2284
2124
2335
2395
2134
2174
2294
2023
2214
2074
2214
2104
2094
2184
2194
2003
2054
2093
2275
2124
2134
2004
2094
2094
2094
2154
2424
2164
2094
2134
2084
2063
2154
2214
1874
1944
2084
2144
2325
2124
2184
2314
2204
2124
2114
2174
2144
2144
2124
2104
2034
2084
2284
2094
2094
2294
2295
2024
2294
1974
2225
1714
2074
2164
2254
2044
2054
2034
2134
2264
2164
1983
2074
1854
2124
2024
2264
1943
1994
2144
2114
2114
2064
1984
2074
1893
2164
2104
2224
2024
1974
2165
2104
2023
2014
2344
2174
2265
2184
2104
2154
2104
2114
2365
2074
2164
2174
2054
1212
2264
2174
2124
2144
2124
1503
2234
2255
2164
2284
1964
2014
2144
2014
2856
2956
2063
1834
2024
2034
1974
2044
2084
2024
1964
2074
3176
2134
2094
2104
1964
2013
1993
2114
1994
2104
2013
1994
1943
1943
1973
1994
2104
2665
2014
1993
1974
2334
1913
2134
1734
2194
2114
2004
1964
1953
2004
1963
1973
2013
2174
2144
2084
2144
2164
1984
1983
3006
2164
1934
1182
2003
1723
1152
1703
1202
2194
1533
2174
1223
1954
1222
2074
1212
2906
1223
2013
1232
2003
1203
3687
1663
2856
2044
1392
2064
1242
2054
1864
2014
3036
1934
1913
1974
2865
2735
2124
1493
2103
2605
2004
1193
1994
4177
1953
1884
2004
2044
1644
2053
3126
2123
2164
2224
2325
1933
2114
1182
3386
2124
1323
1984
1974
1142
2805
2054
2254
1372
2825
1233
2024
1262
1994
1192
1994
1242
2044
1202
2044
1994
1343
2154
2064
2074
1122
2876
2064
1212
2014
1964
1282
2094
1232
1993
1162
2634
1202
2044
1202
2014
1182
2074
1232
2876
1213
1984
1964
2224
2154
2044
1934
2114
2124
2134
2224
2184
2054
2024
2364
2034
1953
1983
1844
2044
2094
2675
2194
2044
1993
2155
2174
2054
2114
2184
2104
2104
2285
1984
2956
2194
2184
2194
2345
2104
2024
2194
3246
1923
2234
2094
2094
2274
2024
2024
2335
2084
1984
2114
2214
1953
2034
2104
1964
1964
2284
2023
2064
2224
2144
1943
1754
1974
2094
2324
1974
2034
2305
2013
2074
2344
1974
2023
2134
1993
2214
1984
1964
2344
2264
2264
2214
1984
2255
2054
2074
2424
2044
2144
3226
2054
3096
2104
2234
2023
2004
2274
2144
2285
2033
2154
2244
2114
2234
2064
2184
2154
2044
2124
3186
2113
2284
2014
2214
2284
2074
2645
2154
2224
2224
2325
2094
2244
2023
1993
2334
2004
1983
2184
2054
3206
1984
2254
2004
2164
2304
3566
2224
2164
2013
2014
2294
2044
2024
2295
2084
2184
2004
1974
2034
2204
2064
2034
2345
1933
1953
2535
2104
2124
2244
1983
2004
2063
2244
3487
2104
2414
2074
2024
2084
1994
1974
3126
2094
2325
2234
2234
2064
2174
2184
2124
2054
2144
1924
2164
2204
2023
2014
2224
2134
3347
1994
2044
2114
2284
2014
2124
2104
2184
2394
2104
1984
2234
2054
1994
1944
1954
2104
2154
2134
2014
2014
1934
2004
2054
2374
1964
2064
2084
2004
2424
2034
2215
1903
2124
2194
2014
2064
2274
3277
2054
2004
2254
2264
2114
1954
2024
2104
3797
2175
2144
2294
2074
2004
2244
2103
2074
2064
2204
3236
1633
2154
1192
2174
1212
2124
1182
2014
1232
2024
1172
2134
1183
1994
1162
1182
2004
1212
2094
1212
2064
1173
2064
2024
1222
1964
1553
2063
1553
2154
1232
1973
1202
2034
1262
1944
1192
1964
1222
1973
1192
2044
1202
1963
1212
2024
1232
1944
1162
2004
1192
2023
1252
2004
1193
2004
1242
2004
2084
1203
1983
1193
1983
1182
2034
1213
1944
1223
1994
1182
1973
1222
2003
1193
1984
1322
2024
1202
1984
1182
2014
1192
2003
1162
1984
1203
2054
2054
1143
1933
1212
2074
1242
1172
2003
1192
1994
1203
2034
1363
2094
1312
1904
1152
1172
1964
1152
1943
1182
1994
2014
1162
2164
1994
1262
2094
1173
2004
1172
2024
1183
2034
1192
1993
1213
2004
1172
1963
1162
2044
2595
2054
1263
2024
1292
1964
1213
2004
1352
2074
1212
1974
1192
2034
1212
1934
1472
1933
1342
1974
2164
1152
1914
1874
2204
2024
2234
2204
2094
2244
2164
2404
2194
1113
18174
2304
2234
2234
2164
2004
2264
1543
2384
2164
1904
2034
2244
1473
3066
2114
2134
2114
1683
2325
2004
1943
3055
2084
2274
2214
2255
2054
1193
2104
1362
1964
1353
2003
1182
2034
1202
2084
1293
2034
1172
2014
1212
2054
1222
2114
1202
2043
1162
1994
1193
2044
1202
2154
1202
2033
1192
2004
1183
2805
2064
1293
2254
1182
1994
1233
2074
1162
2014
1222
1904
1272
1944
1212
2004
1232
2044
2003
1272
2034
1262
1933
1162
1973
1343
2003
1162
2054
1202
1964
1203
1994
1172
1963
1233
1913
2034
1172
2184
1182
2074
1243
2054
1162
1953
1513
1984
1202
1994
1182
2024
1172
1974
1172
2014
1192
1974
2996
2033
2014
2124
2164
2124
2144
3676
2064
2054
2014
2094
1994
2084
2164
2004
1974
2164
2255
2084
1954
2094
2014
1954
2274
2124
2134
1974
2064
1993
2084
1984
1984
2004
2134
2284
2124
1923
1934
2185
2044
1924
2174
1993
2004
2074
1954
2104
2094
2204
2154
2064
2455
2144
2084
2355
2244
2084
2114
2154
2104
2104
2324
1994
2104
1994
2093
2244
2034
2154
2003
2064
2215
1893
2154
1974
2134
2104
1904
1873
1914
2084
2074
2124
2274
1553
2114
2064
1983
2034
2064
2083
2094
2254
1643
2094
1593
2053
2104
2204
2114
2134
2094
2355
2094
2114
2225
1963
2204
2024
1683
2064
2024
1954
2134
2104
1563
2294
2334
1643
2123
2043
2194
2023
1683
2074
2424
2114
2184
2224
2354
2415
2204
3777
1513
2184
1513
2394
2104
2204
2124
2164
2274
2023
1493
2184
2174
2064
1663
2114
2164
1733
2084
1533
2334
2124
2014
1944
2204
2094
2205
2024
2084
2124
2164
2054
1563
2184
2094
2094
1864
1964
2234
2234
2295
1523
2084
2164
1984
2304
1543
2264
3817
2083
2895
1483
2254
2014
1453
2645
2165
2084
2084
2415
1513
2014
3156
1483
2985
2275
2555
2465
2144
1553
2104
2164
1673
2073
1522
2214
2124
1502
2004
2204
2114
1513
2164
2144
1874
2034
1913
2124
2274
1994
2084
2124
2294
1974
1163
1984
1182
2044
2285
2034
2074
1523
2164
2185
2264
2084
2144
1914
2094
1894
1994
2124
1503
2054
2014
2064
1543
2154
1513
2124
1944
2094
1613
2174
1473
2033
2164
2194
2124
1152
2024
2144
2094
2254
2004
1553
2274
2054
2104
2094
2134
2144
2394
2074
2175
2144
2094
2204
2194
2144
2234
2214
2024
1984
2224
2174
2425
1684
2164
1523
2424
2174
2134
2364
2014
1513
2194
1944
2084
1593
2204
1603
2044
1222
2184
1653
2004
1243
2174
1223
2053
1233
1964
1223
2024
1212
1964
1223
2013
1292
1974
1162
2074
1232
2084
2134
1994
1142
1883
1262
1964
1193
1243
1372
2024
1203
2034
1212
1974
1242
2004
1213
2014
1222
1963
1202
2044
1202
1914
1202
2184
1232
2014
1202
1974
1152
1222
1183
1993
1212
1142
1353
2014
1223
2004
2054
1252
2004
1994
2014
1984
1984
2094
2044
2074
2064
1953
2214
2034
1954
2044
1973
2024
1934
1974
1903
2004
1954
1974
2024
1954
2033
2084
2124
2114
2103
1954
2074
1913
2164
2114
2014
2034
2054
2034
2114
1964
2014
2054
2024
1894
2144
2184
2064
1983
2124
2064
2054
4368
2154
2043
2013
1924
2043
2014
1994
1983
1984
2024
1984
1943
2134
2104
2184
2254
2104
1994
2064
2034
1943
1974
2044
2064
2034
2073
2074
2124
1954
1983
1923
2004
1994
2003
2235
2053
2013
1994
1984
2013
2144
2184
2074
1964
1984
2104
2014
2114
1983
2154
2124
2043
2034
2134
2034
2174
2394
2174
2284
2134
2114
2124
2093
2064
2244
1993
2274
2295
2154
2104
2154
2014
2275
2184
2214
2174
2224
2184
2074
2144
2214
2214
2074
2124
2084
2064
2174
2274
2063
2174
2265
1974
2134
2124
2154
2134
2264
2114
2194
2335
2094
2114
2093
2254
2304
2064
2154
2104
2124
2074
2174
2235
2184
2053
3326
2344
2124
2064
1994
1904
2254
2104
2265
2114
2204
2114
1994
2053
1914
2084
2064
2184
2195
2074
2154
2074
2304
2234
2034
1994
1923
2124
2094
2104
2144
2154
2104
2194
2154
2164
2325
2314
2325
2124
2224
2094
2174
2144
2194
1944
2174
2315
2174
2134
2184
2234
2014
1974
2124
1923
2205
2103
2224
2094
2084
2134
2074
1543
2014
1513
1974
1643
2224
1463
2174
2194
2114
1913
1453
2124
2284
2245
2134
1513
2184
2174
2124
1603
2084
2044
1673
2144
2094
1613
2184
2345
2154
2274
3006
2344
2265
2364
2204
2315
2194
2124
2284
2094
1593
1903
1994
1774
2195
2094
2254
2113
2325
2225
1553
2074
2224
2224
2445
2164
2034
2274
2164
2244
2114
2154
2083
2003
2124
2274
2124
2174
2374
2164
2284
1553
2164
1773
2004
1964
2054
2094
1482
2144
2214
2265
2204
1543
2154
2154
1513
2033
2164
2134
2094
1483
1743
2234
2024
2194
1473
2144
2234
2315
1562
2384
2134
3076
2014
2104
2355
2174
2084
2134
1603
2344
3507
2084
2295
1503
2174
2184
2024
1963
1694
2124
1533
1934
1222
2024
1212
1923
2896
1933
1323
2144
1222
1954
1202
2044
1202
2053
1182
1954
1152
2134
2003
1203
2104
1984
1553
2094
2024
1933
2074
2024
2054
2154
2064
1993
2023
2014
1944
2044
2124
2003
3226
1242
2054
1172
2013
1182
1974
1162
2044
1233
1944
1182
2014
1252
1994
1152
2114
1203
2093
1202
1954
1182
1964
1202
1993
1202
1944
1162
1873
1152
1934
1203
2024
1212
1984
1182
1973
1182
1953
1152
1973
1213
1943
1142
1864
1162
1924
1162
2003
1202
1963
1132
1993
1232
1884
1192
2124
2044
1213
1964
1904
1893
2014
2876
1984
2205
1894
2164
1933
2073
1933
1933
1944
1984
1944
1974
2024
2134
2114
2084
2004
2004
1914
1994
1923
1874
2064
2154
1893
1974
1883
2104
1974
1914
3587
1844
1883
1994
1943
2685
2023
1953
1934
2034
2124
2264
1954
1954
1934
1993
2054
1964
1884
1894
1903
1944
1904
2014
1883
2104
2033
2986
2074
3256
1904
1182
1934
1944
1212
1884
1173
2104
1202
1944
1153
1924
1173
1924
1122
1823
1984
1213
3978
1172
1913
1142
1884
1172
1964
1183
2013
1212
1973
1152
1913
1953
1263
1933
1142
1924
1914
1203
1943
1192
1963
1163
4077
1162
1954
1253
1984
1202
1874
1142
1984
1133
1934
1172
1964
1212
1933
1172
1983
1973
1223
1894
1132
1963
1212
1943
1213
1924
1183
2044
1193
2044
1984
1914
2014
1944
1954
1884
2034
2043
2685
1914
2865
2064
2906
1953
4048
1874
2084
1974
1973
1864
2004
1904
1914
1893
1964
1943
1923
1923
1983
2094
2044
2104
2134
1894
1963
1904
1994
1964
1903
1964
1934
1913
1964
1914
1944
1253
1963
1322
1874
2033
1143
1914
1954
1212
2755
1172
1963
1162
2004
1974
1202
2013
1994
1173
2014
1182
2124
1202
2194
1924
1213
1963
1122
1904
1162
2034
1132
3586
1142
1963
1212
1984
2073
1193
2024
2014
1252
1914
1172
1844
3196
1964
1172
2024
1222
1954
1223
1924
1192
2004
1182
2104
1242
1924
1213
1884
1152
1994
1212
2164
1212
1943
1183
1904
1212
1944
1212
2014
1223
1924
1152
1954
1202
1983
1212
1914
1152
1934
1202
2144
1172
2034
1172
1984
1152
1953
1192
2414
1173
2154
1192
1934
1172
2003
1082
1132
1974
2034
1202
1874
1542
2094
1153
1904
1233
1994
1182
2084
1182
1974
1162
2725
1192
2034
1152
3587
1172
2003
1183
2665
1142
2084
1913
1323
1142
1193
1242
2004
1112
2756
1142
1092
1173
2054
1173
1873
1152
2114
1183
1132
1102
2024
1924
1924
1112
2044
1994
1102
1974
2003
1142
1984
1944
1954
1984
1964
2174
1994
2003
1974
1132
1913
1914
2014
1203
2054
1202
1934
1172
1984
1212
1844
1173
2004
1173
2054
1192
1964
1132
1934
1222
1914
1142
1944
1072
1142
2104
1242
1884
1213
1984
1934
1172
1984
1182
2064
1202
1914
1162
1974
1173
1974
1162
1893
1232
1924
1192
1933
1172
1953
4829
1203
2004
1162
1954
1173
2174
1182
2034
1142
2074
1142
1994
1192
1944
1162
2023
1182
1993
1212
1984
1242
1854
1192
1863
1503
1994
1182
1933
1192
1964
1172
2004
1162
1954
1182
1974
1222
1953
1163
2034
1182
1943
1252
1974
1162
1964
1113
1924
1182
1933
1122
1853
1152
2014
1232
2074
1222
2033
1333
2104
1203
1923
1203
1944
1072
1172
1903
1162
2024
1213
2034
1202
1954
1163
1964
1202
1964
1293
1874
1182
1963
1954
1152
1924
1292
2014
1252
2004
1192
1974
1202
2004
1193
1884
1193
1934
1132
1964
1192
1903
1182
2234
1152
1954
1172
1903
1192
1893
1162
1974
1182
1954
1242
1974
1192
2034
1212
1984
1253
2014
1222
1883
1914
1243
1934
1162
2064
1202
1863
1222
1964
1203
2064
1262
1994
1182
2154
1182
1853
1242
1954
1974
1232
1994
1052
1173
1954
1994
1233
1923
1183
1984
1223
2054
1212
1994
1162
1984
1152
2074
1252
1944
1222
2004
1152
1974
2074
1273
1974
1213
1903
1202
1934
1193
1963
1232
1874
1492
1213
1873
1182
1923
1152
1913
1182
2004
1162
1923
1172
1954
1173
1983
1162
1933
1202
1994
1192
1022
1192
1914
1193
2124
1212
1944
1142
1973
1133
2004
1503
1202
1993
1242
1914
1203
1934
1252
1924
1262
2004
1974
1242
1974
1202
1973
1192
2074
1222
1863
1233
1943
1162
1943
1183
1923
1192
1983
1162
1843
1172
1943
1152
1973
1122
1953
1072
1152
1964
1202
1193
1923
1172
2044
1153
1904
1222
1964
1193
1874
1313
1993
1202
1954
1162
1964
1233
1974
1152
1954
1172
1924
1402
1974
1212
2014
1213
1914
1222
1944
1202
2114
1192
1944
1162
1954
1202
2004
1233
1984
1192
2044
1163
1963
1954
1172
1984
1172
2024
1212
1933
1192
1953
1172
6782
1253
1894
1213
1963
1984
1162
1913
1132
2134
1223
1913
1202
1984
1212
1934
1192
1974
1163
2004
1192
1953
1183
1904
1563
2114
1212
1934
1152
2064
1182
1172
1984
1202
1984
1202
1884
1183
1944
1192
1984
1212
1984
1192
1943
1202
2014
1142
1934
1963
1182
1914
1152
2024
1132
1994
1242
1944
1212
1854
1433
1993
1203
1884
1202
1954
1193
1984
1192
2024
1172
1963
1192
1914
1162
1964
1203
2014
1182
1883
1183
1212
1894
1203
1924
1182
1984
1233
1903
1212
2044
1172
1974
1212
1904
1172
2064
1173
1874
1132
1132
1944
1072
1232
1983
1202
1923
1212
1983
1142
1172
1913
1232
1913
1152
1884
1222
1202
1913
1162
2003
1202
1963
1202
1894
1203
2214
1173
1994
1192
24105
1183
1964
1112
1994
1202
2064
1232
1893
1182
1954
1222
1994
1222
1984
1172
1973
1172
1944
1172
2004
1162
1983
1212
1954
1132
1934
1173
1984
1142
1924
1183
2014
1192
1913
1302
1943
1222
1944
1173
1923
1212
2004
1182
1843
1202
4138
1152
2034
1202
1984
1192
2104
1172
1964
1173
1863
1192
2094
1182
1954
1102
5821
1142
1934
1193
2074
1193
2064
1202
2003
1082
1162
1963
1182
1973
1132
1963
1182
2134
1142
1903
1203
1994
1192
1943
1182
1964
1133
1974
1172
2004
1153
1914
1152
1933
1203
2023
1333
1914
1172
1933
1172
1904
1203
1934
1182
1914
1283
1943
1213
2194
1172
1943
1292
1894
1242
1944
1152
2064
1252
1913
1183
2014
1112
1874
1162
1954
1202
1973
1213
2044
1212
1903
1193
1983
1152
2004
3036
2084
1302
1864
1173
1923
1313
2044
1232
1994
1152
1883
1142
2044
1232
1933
1192
1933
1252
1893
1233
1973
1203
1883
1142
1944
1954
1152
2034
1202
1954
1282
1924
1173
1903
1934
1102
1953
2084
1964
1102
1974
1964
1242
1934
1953
1954
1984
1964
1954
1933
1973
1132
1964
1973
2014
1913
1913
1864
1994
1914
1963
1944
1923
1913
1973
2003
1944
1112
1914
1142
1894
2113
1944
1984
1122
2044
2004
1944
2014
1943
1954
1894
2053
2013
1964
2154
1963
1102
1924
1964
1994
1874
1903
2024
1102
1953
1943
1894
1943
1844
1904
1904
1984
2374
1874
1924
1924
1944
1823
2073
1984
1913
1994
1933
1883
1883
1963
1954
1913
1903
2044
1974
1903
2023
1964
1944
1983
1974
1884
1924
1984
1964
2024
1964
1924
1904
1894
1914
1984
2054
1933
1933
1994
1953
1924
1944
2033
1913
1893
1894
1914
1963
1884
1944
1973
2034
1944
1924
1983
1903
1894
1964
2014
1953
1883
1893
1994
1963
2114
1943
2024
2044
1903
1894
1984
2084
4248
1904
1884
1913
4168
1903
1903
2064
2003
1944
1964
1994
1954
1953
1974
1943
1974
2073
2004
1924
2064
1974
1924
1983
2064
1973
1994
1934
1983
2114
1933
2104
2024
1963
1913
1893
2014
1933
1954
2034
1954
2094
2024
2014
2064
2024
2053
1963
1934
1944
1854
1984
2024
1903
1984
1994
1994
2044
1984
1993
1943
1903
1973
1904
2174
1964
1973
1934
1944
1984
2044
2023
1903
1983
2224
2014
1944
2094
1934
1984
1954
1924
2144
2024
1883
2024
1924
1924
2004
1924
1984
1994
1934
2013
1933
2094
1984
2033
1934
1893
1914
1903
2053
1994
2013
2174
1974
2054
1964
2174
2054
1924
1993
1964
1923
2054
1944
2064
1934
1973
1913
2034
1923
1944
1983
1984
1883
1984
2134
2014
1994
1984
1983
1944
1924
1954
1904
2034
1873
1973
1994
1943
1923
1633
1964
1803
1914
1633
1943
1974
1874
1943
1983
1834
1953
2024
1934
1994
1663
1984
1673
1883
1663
1874
1864
1974
1944
1924
1923
2004
2154
1894
1954
2013
2103
1964
2054
1943
1904
1954
2014
1974
1944
1923
2114
1924
2014
1913
1954
1933
2024
1964
1974
1974
1984
1974
1943
5000
1963
1884
1864
1923
1964
2064
1943
1924
2074
1953
1964
2033
1923
1864
2064
1964
1222
1973
1172
1884
1182
2034
1193
2044
1213
1913
1172
2004
1172
1933
1222
1944
1202
1903
1162
1854
1203
2014
1182
1904
1052
1142
2004
1202
2084
1172
1963
1222
1202
2044
1222
1142
1953
1182
1904
1152
2004
1202
2034
1132
1984
1163
2114
1203
1874
1152
1904
1232
1914
1142
1152
1964
1232
2074
1252
2024
1172
1953
1192
1954
1042
1252
2064
1202
1883
1182
2064
1974
1172
1953
1192
2003
1162
2034
1964
1172
2174
1192
1934
1362
2003
1192
1923
1192
1853
1202
1934
1183
1994
1212
1963
1163
1913
1202
1973
1232
1933
1172
1914
1232
1994
1212
1923
1182
1893
1192
1944
1222
1934
1142
1954
1934
1212
1984
1203
1883
1193
1924
1193
2054
1182
2004
1132
1984
1192
1222
1974
1182
1994
1243
2014
1232
1944
1153
1884
1172
1964
1183
2114
1192
1874
1162
1954
2013
1243
1933
1914
1192
1973
1232
1984
1212
1913
1233
1934
1162
1983
1162
1904
1142
1924
1162
2184
1152
1934
1142
1884
1202
1964
1202
1974
1082
1233
1964
1152
1172
2034
1062
1123
1974
1953
1192
1933
1192
1943
1202
1984
1964
1212
1954
1964
1162
2064
1253
1904
1303
1944
1903
1192
2014
1152
1954
1202
2054
1172
4148
1192
1914
1172
1924
1283
1924
1172
1924
1252
2054
1162
1933
1223
1964
1262
1944
1362
1963
1222
2023
1212
2044
1172
1993
1192
1924
1172
2023
1192
1924
1182
1924
1182
1994
1183
1933
1072
1182
1944
1202
1162
2154
1923
1913
2034
1994
1964
1953
3577
1913
1963
1894
1944
1964
1974
2064
2164
1984
1953
2014
1944
1934
2054
2024
1954
1983
1954
1854
1914
1984
1903
2013
1974
1953
1914
1984
1954
1934
1953
1914
1954
2034
2004
1984
1944
2024
2184
1904
1923
1954
1944
2004
1893
1894
1233
2094
1213
1963
1192
1954
1203
2064
1192
2024
1172
2024
1152
1994
1182
2144
1212
1994
1202
1893
1152
1973
1182
3256
1202
1944
2144
2044
1173
2053
1183
1924
1242
1924
1172
2034
1213
1864
1182
1894
1192
1953
1152
1983
1192
1983
3947
1934
1202
1954
1222
1924
1192
1933
1132
1993
1933
1623
2054
1573
1903
1222
1904
1152
1964
1213
1934
1152
2024
2014
1182
2064
1673
2064
1573
2144
1192
1923
1202
1944
1202
1904
1202
1934
1212
2013
1202
1964
1172
1954
1183
2024
2905
1964
1223
2024
1172
1904
1312
1974
1182
1984
1192
1973
1203
1984
1182
1934
1212
1953
1183
2124
1192
1893
1202
1994
1182
1943
1182
1954
1163
1943
1413
2024
1193
2094
1242
1914
1172
1993
1182
1994
1152
2034
1203
1984
1162
1943
1173
2013
1183
2004
1252
1924
1172
1964
1172
1893
1192
2024
1182
1974
1132
2034
1192
1943
1192
2124
1173
1953
1223
1984
1102
1192
2024
1212
2054
1152
1944
1172
1913
1202
2044
1202
1923
1203
2013
1193
1984
1192
2074
1202
1914
1953
1183
1953
1182
1954
1243
2024
1203
1893
1213
1894
1082
1212
1933
1212
1974
1152
1934
1162
1923
1002
1082
1944
1172
1843
1813
1132
2175
1573
2094
1553
1163
1112
2114
1132
2274
2124
2124
1964
2555
2044
1933
1232
2094
1954
2044
2094
2134
2204
2074
1894
1984
1202
1954
1723
2154
1894
2074
1082
1934
2104
2194
2013
1954
1913
1913
1933
1893
2034
4478
1162
2114
2034
2184
2004
2074
2174
1984
1843
2114
2244
2064
1914
1162
2083
2174
2124
1162
2003
1113
1232
1933
1032
1283
1924
1202
1152
1994
1152
2074
2204
2114
1583
2024
1232
1984
1203
2054
1192
1122
2013
1603
1994
1011
1934
1723
1102
1443
2084
1222
2054
2144
2044
1172
1953
1302
1182
1974
1232
1864
1523
1072
1493
2234
1112
2244
1623
1263
1493
2034
1263
2204
2164
2265
2033
1944
1903
1924
1983
2004
1864
2054
1993
1884
2033
1934
1092
1924
2064
1974
2094
2094
1963
1964
1122
1943
1904
2245
2225
1984
1953
1953
1964
2014
2084
2074
2113
1914
1994
2024
1894
1954
1913
1973
1914
1874
1944
1964
2084
1923
1914
2094
2014
2044
2023
1983
1162
1503
2124
1152
1482
1452
1182
1512
2334
1142
1523
1603
2104
1713
2054
1102
2044
2054
1082
2044
2214
2064
1212
2174
1242
1533
2064
1182
2044
1593
2054
1543
1944
1162
2013
1152
1112
1943
3156
1934
1182
1973
1162
2124
1153
1102
1964
1142
2194
1012
1563
2074
1082
1943
1934
1954
1984
1082
1994
1984
2084
1252
1973
2054
1263
2023
2114
1994
1923
2114
2004
1924
2164
1303
2204
1233
1943
2013
2114
1944
2204
1924
1904
1934
1893
2044
1923
1303
2174
2084
2094
2084
2194
2134
1934
1923
2064
2124
1923
1873
1964
1933
1242
1914
1893
1243
1843
1963
1924
2003
2094
2194
1933
1893
2044
1583
1953
2004
1233
2054
2174
2184
2034
1964
1943
1944
2205
1132
1974
2104
2124
2164
2104
2174
2013
2305
2054
1984
2164
2014
2224
2104
2234
2174
2043
1994
1994
1542
2004
1452
2054
2175
2014
2114
2154
2103
1192
1994
2084
1143
1964
1873
1133
1964
2073
2214
2144
1112
1663
1954
1042
2054
2104
2164
1954
2184
1933
1964
2054
1893
1923
1884
2023
1914
1913
1904
1963
2064
2103
1994
2094
2004
2113
1944
1924
2154
1934
2024
2064
2104
2194
2134
2264
5140
2294
1903
1884
2395
1923
1954
1893
1844
2084
1894
1833
1993
2054
1993
2174
2184
2084
2375
1974
1974
1903
1864
2354
2084
1893
4018
2064
2034
2104
2094
2083
2084
1984
2054
2144
1883
1963
2003
1993
2224
2104
2094
2094
2214
1893
1973
1833
1904
2024
2094
2114
1884
1893
2024
2064
2074
1984
2134
2074
2194
1854
2034
2244
1813
2084
2194
2094
2064
1913
2054
2204
1893
1913
1893
2054
1953
2145
1844
1983
2024
2063
1853
1833
1844
2033
2014
1943
1963
2205
1884
2023
2224
1854
2024
2124
2064
2044
1984
2184
2024
2044
1924
1903
2053
2034
1973
2014
2184
1804
2124
2154
1874
1944
2014
2084
2094
2124
2204
2014
2134
2164
1944
1914
2094
2054
3266
2044
2004
2034
2124
2154
1873
1803
1984
2144
2154
2134
2985
2144
2765
2244
1883
1874
1894
2245
2054
2114
2034
1804
3196
1843
2195
2114
1984
1984
1944
2104
2044
2104
2064
2014
2054
1934
1853
2124
1824
2826
2084
2254
2034
2124
2124
2124
2144
3286
1893
2214
2254
2144
1934
2084
2385
1854
1442
2064
2104
2014
2054
2144
2094
2034
1973
1914
2194
1964
1904
2224
1923
2165
1994
2144
2124
2053
1954
2014
2094
2064
1874
1913
1863
2054
2114
1904
2394
2344
2044
2024
2044
2144
2054
3075
1944
2074
1863
2956
2044
2284
1854
2014
2014
1874
3176
2094
2996
2053
2665
2154
2134
2044
2134
2014
1984
2154
2104
2114
1884
1864
1914
2034
2073
2164
2124
2034
2234
2074
2034
2014
2024
1483
2114
2024
2154
2335
1944
2234
2013
2184
2034
2204
2094
2104
2063
2104
1984
2224
2124
2034
2004
2114
2134
2134
2224
1924
1964
1954
2043
2284
2185
2044
2134
1573
2064
2104
2043
2164
2284
2073
2946
1924
1913
1914
1953
2224
2004
1953
2134
1944
2264
2244
1963
1944
1944
1964
2194
2004
1944
1934
1954
2124
1963
1904
2103
1994
2094
2194
2044
1933
2064
1964
2975
1903
2204
2044
2195
2004
1964
2074
2063
1943
2074
1944
1884
1953
2545
2054
1943
2214
2394
2114
2054
2134
2064
1963
2044
1984
2054
2044
2244
2034
2895
2134
2114
2124
2184
2094
1834
2054
1874
1864
2094
2124
1953
3136
1933
2084
2054
2024
2284
2063
2014
2094
2214
2945
2064
3006
1843
2034
2275
1903
2124
2164
2124
2124
2184
2214
2174
2104
2064
2274
2224
3036
2104
2084
2154
2144
2154
2104
1984
2094
2304
1994
2114
2224
1973
2014
2144
2113
1983
2014
1964
2064
4108
2956
2074
2885
2034
1904
1914
1904
1914
2144
2004
2074
2825
2124
2074
2084
3847
2003
1904
1994
1973
1984
1893
1924
1964
1984
2955
1883
1903
1924
1873
1873
2094
1663
1944
1613
2154
1462
2024
1914
2014
2275
2265
4369
1984
2074
1883
1904
2033
1953
1924
2074
1954
1953
1883
1984
1893
1903
2034
2094
2044
1974
1924
2114
1994
1663
1994
1713
1883
2675
1984
1924
1924
1943
1984
2104
1914
2004
2164
2254
1883
1954
1954
2024
1893
2094
1963
1974
1884
2084
1933
2014
1933
1894
1954
2024
2104
1964
1943
1974
1884
1973
1964
1913
2224
2054
2004
1904
2074
2104
2124
1993
2024
1894
2054
2024
2205
1903
1973
1974
2094
2054
1913
1863
2154
1963
1894
1883
1964
1923
2504
1934
2004
2164
2866
1893
1963
1904
1953
1923
1994
2064
1954
1903
2935
1844
1933
1883
2154
2084
1503
2124
2053
1954
2194
1823
1984
2064
1132
2014
1202
2175
2054
2245
4037
2224
2174
2133
1964
2214
1934
2054
2073
2455
2024
2154
2084
2084
1924
2124
2074
2154
2164
2194
1924
2054
1923
1954
2094
1964
1983
2034
2195
2094
2014
1874
2063
1924
1924
2054
1964
1964
2094
1873
2064
2054
2144
2154
2104
2043
1994
2134
2124
2154
2195
2214
1153
1994
2134
2114
2194
2054
2224
2184
2234
2225
2154
2174
2124
2104
2024
2054
1923
2174
2184
1814
1924
2064
1773
2044
1994
2124
1893
2124
2003
2835
2114
2094
2014
24396
2024
2074
3006
2134
2404
2004
2114
2023
2816
2073
2044
2054
2164
1863
1963
1944
2093
2124
2114
1783
2034
1974
2044
2054
2244
2064
2104
2195
1984
1974
2154
2084
2916
2084
2444
2394
4188
2004
2074
1943
1904
2044
2004
2124
2034
2214
2194
2194
2014
2194
2024
2074
1863
2836
2014
2164
2154
1993
1994
1823
2003
2044
1924
2185
2114
2184
2384
2024
2134
2164
2304
2185
2194
2154
2024
2154
2114
2164
2014
2134
2103
2244
2083
1974
2164
2084
2234
2164
2034
2044
2124
2004
2295
2244
1433
2074
2004
2294
2034
2404
2084
2174
2164
1212
2003
971
1893
1994
2104
2184
2184
1683
2215
2214
2144
1994
3236
2033
2124
2114
2074
1984
1462
2104
2204
2043
2074
1904
2044
2234
2265
2154
2144
2154
2084
1683
1934
1453
13836
1843
1643
1984
1592
2154
1674
1573
1693
1623
1533
1163
2174
1633
2134
972
2054
1462
2124
1643
2254
2014
2064
1984
1142
2064
2033
2124
2024
2034
2224
2254
2134
2204
2154
2224
5110
2144
1964
1112
2054
2144
1933
1032
2184
2024
991
1593
2164
1743
2074
992
1563
2184
1613
2304
1744
2224
2295
2134
2314
2044
1062
2194
2044
992
1593
1963
1613
2144
1633
2204
2164
2004
2043
2094
2114
2044
2114
2164
2214
1983
2034
2044
2054
2054
2134
2114
2034
2204
1964
1794
1913
2083
2064
1463
2174
1452
1963
2124
2294
2064
1472
2084
1543
2134
2054
2164
1893
2214
2154
2144
1583
2184
2014
1973
2074
1433
2144
1463
2113
1844
1493
2275
1943
2004
2204
2084
1883
1973
2063
1984
2014
2224
1954
2154
2054
1973
2054
2053
2004
2103
1472
2084
2104
2054
2024
2264
2244
2024
1934
2174
2204
1944
2094
1603
1873
1964
1623
2014
1563
2064
1513
1964
1503
2124
2003
2033
1953
1513
2074
2114
2064
2064
2144
2124
2164
2084
1884
2054
2244
1873
2154
2134
1933
2123
2064
2033
2013
2134
2034
1994
2044
2064
1984
2093
1944
1884
2004
1873
2184
2074
2054
1793
2014
1934
1934
2074
1883
2084
2084
1974
1874
2104
1924
1844
2134
2013
1904
2164
2014
2124
2064
2124
1853
2064
1963
2184
1944
2194
2024
2154
2154
2114
1913
2134
2004
1894
2134
1954
1864
1934
2064
1984
2124
1934
2134
2084
2084
1993
2204
1953
2144
2013
2254
1934
1152
2084
1953
1092
2064
2094
2174
2054
2214
2164
1994
1093
2033
2114
2114
2144
2054
1193
2044
1823
2234
1803
2575
1723
2204
1784
2124
1793
2285
1754
2114
1793
2264
1693
2154
1623
1132
2124
1703
2194
1743
2114
1704
2104
1753
2164
1774
2104
1583
2224
1182
1804
2174
1774
2244
1863
1663
2053
1593
2074
2114
2073
2204
1122
1763
2154
1743
2124
1763
2124
1854
2154
2064
1683
2104
2074
1683
2024
2014
1673
2114
2024
2245
1973
2023
2154
1963
1703
2013
1944
1753
2093
2244
1733
2013
2064
1773
2013
2464
2104
2004
2073
2004
1814
2064
2123
1714
2054
2074
2224
1653
1964
2003
1914
1773
2074
2084
2204
1854
2054
1914
1623
2034
2023
1713
1854
1883
1683
1853
2034
1683
2024
2033
1693
2014
2264
2144
1693
2094
2054
2314
1744
1984
1893
1833
1984
1984
1673
2064
1964
2265
1643
1954
2004
1833
2124
1984
1663
2044
1633
2034
2014
1943
1493
2094
1462
1763
1924
1914
1844
1933
1934
2104
1783
1984
1963
1743
1893
2094
1743
4288
1913
1784
1854
2044
1673
2063
2074
1643
2003
2114
1784
2094
2154
2114
1884
2043
1833
2154
4799
1743
2064
2034
1803
2054
2074
1773
2134
2094
1663
2265
1763
2004
2174
2204
1753
2104
1974
1854
2043
1603
1643
2013
1202
2024
2564
2064
2024
1983
2014
1964
1923
1924
1923
2054
2003
2044
1974
7243
2044
1092
2044
2134
1422
2334
1172
1883
1744
1994
1152
1924
1292
1122
2084
1253
1933
2114
2014
1153
2033
1113
1112
1984
1122
1443
2094
1202
2174
2354
2164
1193
1944
1282
1633
2114
1182
2104
2164
2084
1232
2114
1202
1262
2054
1273
1112
1963
1222
2064
1193
1122
1132
1904
1172
1974
2124
1924
1783
1954
1142
1924
1253
1914
1212
1062
1964
1643
1964
2074
2204
1182
2094
1152
1122
1944
1262
1993
2054
2234
1483
2013
2234
2134
2073
1403
2074
2254
2054
3977
1593
2154
2084
1954
2124
2104
1443
2064
1883
2114
2134
2134
2104
2285
2104
2034
2164
1843
1894
1874
2054
2204
1513
2254
2394
1974
1713
1923
1453
2033
1944
2324
2094
2124
2194
2074
2074
2044
1993
2765
2124
2084
1873
1483
2164
2164
2184
2104
2084
2785
1993
2204
2354
2124
1433
2174
1893
2023
2004
2144
2114
2034
2094
2154
2104
2104
2224
2154
2074
2024
1994
2124
2024
1884
2014
2054
2023
2074
2034
2024
2094
2084
1913
2114
1994
2003
2084
2074
2014
2114
2064
2104
2164
2235
2064
2134
1994
2083
1934
2024
2054
2044
2284
2895
2104
2224
2214
1973
2034
2855
2044
2625
1863
2164
2033
2935
1994
2074
2023
2134
2264
1993
2094
2024
2194
2024
2124
2124
1854
8136
1864
1853
1933
2083
1984
2134
2275
2184
1933
2014
2104
2063
2154
2044
2164
2194
1924
1863
2064
2134
1983
2114
2185
2144
1512
2204
1964
1082
2174
2154
2154
2174
2234
2134
2094
2114
2054
1452
2204
2154
3005
1854
2985
1593
1994
1553
2204
1673
2144
2084
2124
2134
2063
2114
2003
2114
1834
1884
1903
2184
2014
1944
2014
1983
1994
1933
1994
1924
2014
2124
2054
1864
2054
1993
2284
1834
2204
2154
2114
2074
2044
2023
1844
2345
1983
1974
2154
1924
1934
2164
1923
1964
2124
1983
2094
2104
1974
1904
1944
2235
1994
2124
2044
2124
1974
2124
2084
1964
2014
2114
1904
11271
2234
1984
1993
2024
1894
2054
2134
1964
2033
2224
2074
2094
2084
2084
1994
2064
2013
1984
2084
1984
1964
2084
1973
1984
2104
2124
2003
2154
1904
1994
2174
1963
2054
2013
1884
2013
2044
2013
2034
2104
2074
2114
2054
1924
2084
2064
2104
2063
2053
1934
2064
2004
1963
1873
1904
2154
2144
2094
1924
2103
2195
1973
2034
1883
2024
2033
1953
2134
2044
2044
2023
2124
1924
2094
2064
2104
1914
1824
1933
2024
2084
1994
2074
2054
1903
1883
1944
2084
2054
2144
1903
2224
2114
1973
1462
2224
2224
1933
1804
2204
1473
2104
2024
1933
2034
2044
1402
2184
2033
2003
2064
2024
2054
2004
1974
1953
2034
2234
2014
1914
2054
2054
2174
2134
1893
1523
2164
2004
2275
1904
2154
1884
2044
1983
1953
1663
2144
2104
1944
1974
1813
1503
1953
1462
2064
1984
1452
2024
2064
2024
1553
2104
1533
2224
1973
2104
2054
1984
1503
2074
1934
2014
2144
2104
1453
2044
2074
2014
1934
1452
2114
2144
2184
2124
2124
1092
1973
2064
2074
1983
1242
2074
1994
1983
1854
1533
1973
1483
2204
2074
1723
1983
2395
2094
2114
1492
2104
1924
1924
1923
1603
2124
2024
1894
2144
1974
2244
1873
1934
2104
1944
2354
1934
2034
2184
2024
2084
1963
1994
2103
2144
2024
2074
1864
2224
2214
1914
2094
2094
1894
2004
1943
2144
1893
1944
2204
1984
2194
2033
2385
2034
2084
2134
1954
1934
2174
1963
1984
2194
2124
2264
2094
1883
2014
2194
1924
1914
2033
1973
1923
2124
1944
2104
2224
2134
2114
2104
1954
2184
1953
1954
2234
1873
2094
2073
1913
2104
2174
2034
1884
2094
2074
1974
2074
2074
2214
1132
2124
2144
1683
1162
2024
2885
2094
1924
2004
2074
2034
2034
2114
2725
1052
1903
2044
1984
2044
1844
1913
1863
2074
1974
2084
1944
1943
1964
1964
1963
2084
1983
1934
1903
2024
2154
1894
2004
1834
2285
2194
2284
2044
1262
2003
1773
2134
2094
2024
2043
2064
2104
2054
2154
2475
1913
1473
2044
2225
2134
2124
2255
2074
2094
2124
2134
2144
1443
2084
1543
2114
2094
2094
2034
2124
2174
1854
1192
2054
1192
2104
1894
2174
1883
3126
2004
2053
2104
2044
2254
2114
2184
2325
1923
1152
1093
1402
2064
1523
2004
1913
2054
2725
1613
2194
2014
2174
11913
2124
2245
1884
2234
1843
2134
2044
2054
2144
2925
2074
2164
2134
1974
2444
2214
2204
2134
1984
1954
3176
2004
1904
1964
1873
2154
1924
1924
1683
1924
2184
2074
2004
2063
2094
4619
2124
2024
2765
2114
2174
2074
2024
2084
2094
3126
1934
2134
2014
2054
2104
2194
2003
1983
1132
1994
2084
2124
2194
1963
3046
2094
1954
2225
2174
2174
2134
3045
1974
2124
2004
1963
3757
1974
6742
2214
2004
1082
2174
1924
2104
2034
1122
1823
1974
2154
1954
2003
2044
2004
2104
1563
1963
1472
2164
2044
2033
2034
1493
2194
1964
2164
1904
2004
1673
1933
1683
1973
1153
1613
1092
2054
1633
1974
1924
1903
1723
2074
1182
1433
1103
1894
1613
2004
1492
1302
1974
1663
2004
2034
1923
1222
1453
1102
2003
1623
1993
2014
2024
2004
2074
2114
1954
2064
1713
2304
1452
1984
1893
1552
2044
1994
2034
2054
1513
1964
1823
2044
2014
1462
2194
2044
2285
2004
2174
2144
2124
1533
1993
1092
1944
2104
2014
2234
2054
1243
1994
1973
1102
2064
2104
2034
2074
1233
1963
1994
2034
2214
1993
1973
1593
2043
1954
1943
1883
2114
1492
2054
2114
2104
2004
1553
1984
1914
1984
2064
2054
2114
1994
2094
1964
2144
2084
1943
1963
2064
2074
1983
2094
2084
2094
1593
1983
1513
2073
1963
1903
2094
2034
1442
2194
2044
1954
1984
2034
2074
2255
2074
1833
2214
2044
2064
2214
1923
1402
2144
2174
2064
7273
2024
1923
1593
2044
1983
2114
1944
1402
2174
2424
2044
2063
1522
1974
1573
2144
2054
1993
1644
2054
1453
4919
2074
2023
1593
2214
1884
1984
2104
1993
2014
2094
1934
1943
2064
1964
2144
2134
1713
2054
2284
1894
2054
1653
1934
2265
1994
1443
2224
2044
1994
2334
2054
2164
1933
2084
2014
1983
2154
2044
2084
1974
2144
2174
2033
2205
2013
2004
2094
1213
2084
1092
2034
2064
2014
2054
2003
4308
1873
1923
1884
1893
1914
1944
1954
1874
2084
2083
1953
2044
1904
1974
1933
1964
1954
2014
1883
2164
1913
1924
1944
1924
2024
2054
2044
2003
1964
2064
2104
1934
2074
2164
2024
1954
2144
2054
1904
2144
1943
2033
1934
1934
2265
1903
2114
2204
2084
2875
1883
2094
1993
1933
2284
2124
2024
2916
1973
1884
1903
2054
2054
2264
2114
1903
2084
2084
2104
2134
2264
2034
2164
2174
2424
2014
2144
2054
2194
2244
2204
2204
2094
2215
2164
2114
2054
2184
2004
1984
2033
1944
2214
2124
2074
2013
2063
2264
2054
1864
2324
3767
2064
2134
2063
2314
2034
1963
2094
2354
2054
2114
2134
2134
2134
2024
2064
1994
2124
2034
1934
1923
2194
2084
1964
1924
2084
2305
2184
2264
2054
2144
2114
3066
2134
1804
2114
2134
2044
1543
1863
1974
2124
2104
1843
2154
2024
2244
2094
2034
2084
2114
2064
2184
1973
1954
1824
2084
2214
2023
2154
2044
1172
1993
1893
2004
2194
2174
2054
2013
2054
2104
1933
2174
1974
1212
1974
2224
2134
2154
2073
2074
1994
2174
1964
2094
2164
2063
1944
2084
2134
1974
2064
2114
1994
2024
2084
1903
1794
1954
2034
2204
1974
2034
1994
1964
2124
2174
2074
1954
2084
2024
2164
2033
1984
2104
2054
1914
2044
2084
2044
2003
2054
2024
2034
2114
2144
2024
2013
2244
2104
2094
2825
2304
2004
2034
2395
2174
1984
2064
2044
1894
1964
2134
1983
1693
2164
1713
2054
1803
2284
1963
2946
2104
1984
1774
2034
1904
1633
2043
1693
1984
2104
1893
1623
1092
1863
1092
1973
1904
1814
2074
1673
1683
2024
2796
1973
2114
1954
2044
1914
1963
1983
2034
1974
1984
2144
2003
1923
2014
1994
1924
1804
1994
2044
2214
2004
1904
1984
1943
1943
1953
2174
1953
1984
2093
2104
2084
2194
2905
2184
2134
2164
2014
2084
2084
1112
2064
2134
2024
1944
1914
1914
1934
1914
1904
2003
2024
2023
1934
1973
2034
2094
2024
1944
1963
1994
1953
2164
1913
1974
1914
1894
2004
1873
1913
1823
2114
1213
1974
2134
1984
2064
1863
1934
1924
2024
1893
2023
2024
1964
1934
2044
2194
1994
1933
1874
1913
1913
1884
1903
1934
1943
2014
2064
2003
1964
2034
1933
1923
1943
2044
1953
2034
2033
1973
2124
2124
1964
2044
4298
2224
2084
2043
2144
2024
2074
2054
1914
4198
2084
2034
1984
2114
2094
2164
1974
1833
1953
2094
2084
1914
2124
1994
2024
1923
4488
1943
1883
2224
2004
2114
1502
1512
1763
1734
1843
2074
2034
1713
1904
2104
1923
1783
2244
1613
1933
2094
2014
2084
1973
2254
2194
2265
2063
2374
2114
2074
2084
2114
1994
2194
2074
2094
2174
2294
2044
2084
2254
2234
2053
1983
2134
2104
1513
2104
2054
2204
1923
2034
1393
2074
2064
2114
2194
2164
2054
2004
2023
2013
2074
2184
2114
2194
2094
2064
2144
2245
2144
2044
1442
2014
2164
2104
2054
2124
1833
2144
1904
2174
2074
1472
2234
1633
2064
2364
1774
1152
1904
1102
1142
1473
1072
1953
1572
1112
1944
2174
2134
2093
2996
2134
2244
2244
1964
1954
2044
2034
2034
2204
2114
2144
2214
1964
2033
2284
2053
1974
1984
2064
1943
1964
2054
2224
2265
2004
2063
2204
2014
2134
2194
2064
2114
2194
2495
2144
2024
2224
2194
1944
2144
1974
2866
2244
2986
2114
2174
2004
2054
1943
2054
2144
1913
1974
2204
2023
2164
2034
2064
2124
2084
2054
2144
1994
2195
1894
2195
2124
2054
2043
1974
2054
2054
2034
2024
2144
2184
2044
2214
2144
2064
1983
1884
1974
2063
1924
1854
1864
1984
2114
2174
2044
2024
2053
2014
2144
1994
1944
2154
2064
2034
2264
1894
2184
2114
2044
1963
1984
2034
2094
1923
2084
1994
2174
2013
1933
2014
2224
2054
2154
2324
1954
2214
2214
2074
2104
2073
2094
2033
1964
2004
2074
2164
1884
1904
2024
2053
2064
2084
2064
2094
2034
2034
2044
2214
2004
2094
2184
2234
1954
1944
2014
2124
2074
1973
2043
1943
2023
1813
2034
1944
1973
2044
1874
2184
1924
2004
2094
2123
1923
2023
1924
1964
1933
1904
1913
2124
2064
1974
1102
1923
2154
1944
2074
2083
1994
2053
2084
2024
1913
2264
1984
2034
4468
2034
1923
2064
1994
1974
1923
1122
1884
1933
1943
1934
1973
1894
1983
1943
1934
1964
1953
1894
1933
1913
1973
1984
1864
1172
1944
1163
1923
1112
1122
2064
1143
2014
1162
1894
1172
2004
1182
1854
1162
1943
1072
1142
1994
1163
1943
1072
1072
1143
1914
1142
1943
1192
3847
1162
1974
1052
1132
1934
1052
1092
2063
1173
1913
1223
1944
1182
1894
1793
2154
2014
2154
2024
2074
2044
2013
2174
2154
1983
1974
2104
2063
2054
2014
1853
1883
2144
2053
2054
1904
2024
2134
2155
2003
1944
2024
1914
2034
2063
1873
2063
1894
2234
2043
2154
2134
2054
2014
2104
1934
2274
2033
2084
2164
2174
1944
1874
1954
2074
2024
2134
1984
2044
2174
2104
2094
2314
1422
2064
2244
1934
1994
1503
2084
2014
1513
2024
2124
2164
2144
2154
2325
2064
2154
2134
1984
2164
2294
1993
2073
2194
2094
1914
2124
1943
1954
2074
1904
2034
2124
1994
2013
2034
2024
1954
2054
2174
2064
2014
2064
1973
2064
2274
2174
1984
2093
2054
2214
1974
1894
2074
2034
2174
2094
2054
2114
2184
1924
1963
2195
2134
2084
2134
2054
2024
2134
1914
2044
2034
2104
2044
2204
2014
1943
2024
1933
1974
2074
2034
2224
2064
2084
2044
2124
2034
2114
2074
1954
2044
1974
1964
2114
2043
2014
2054
2084
2064
2013
2084
2014
2064
1963
1814
2054
2194
2074
1944
1814
1843
2064
2084
2024
1953
1783
1964
2014
1864
1904
1914
1974
2014
1904
2124
1924
1884
2074
1944
2165
2024
1934
2054
1974
1983
1824
2134
1843
1823
1934
1963
2124
1883
2024
1913
2023
1874
1894
2194
1943
1943
2174
2004
2074
2113
2074
2154
2165
2004
2144
2094
2084
2113
2013
2164
2094
1944
2245
2064
1964
2044
1964
1934
2044
1903
2194
2164
2144
2044
2044
2144
2014
2094
1884
2004
2083
2214
2235
2084
2014
1914
2054
1993
2064
2004
2024
2004
1964
2114
2184
2004
1964
1924
2204
2154
2184
1854
2134
2084
2214
1863
1954
2274
1843
1964
2054
2154
1914
2024
2054
1953
1863
2004
1984
2023
2224
2254
2013
2054
2074
2164
2104
1954
2104
2184
2134
2044
1993
2205
2104
2054
2124
2054
2004
2144
2104
1974
2215
2004
1994
1954
1984
2164
2124
2073
2034
1773
1984
2254
2254
2114
2094
1974
2084
2174
2174
2144
2014
1823
2164
2084
2064
2134
1834
2034
2124
1984
2194
2044
1934
2064
1934
1924
1994
1933
2004
1924
1944
1994
1803
1993
1814
1893
1673
2104
1633
1994
1753
1923
1743
1914
1653
1903
1803
1923
1693
1963
1703
1954
1663
1944
1663
2024
1593
1974
1904
2014
1904
2004
2084
2074
2044
1483
1964
1193
1924
1162
2104
1152
1943
1153
1983
1162
1974
1222
2044
1132
1934
1243
1943
1183
1883
1182
1913
1173
2144
2033
1472
2354
1994
2094
1553
2094
1443
2124
2114
2014
2004
1693
1914
2174
1974
1823
1894
1834
2194
1984
2225
1994
1663
1993
992
1863
1804
1923
2074
2094
2014
2235
1964
2174
2214
2114
4187
2054
2154
1884
2124
2023
2094
2014
2064
2094
2064
1974
1964
1843
1983
1914
1874
3928
1934
2074
1954
1923
1913
2134
2054
1943
1933
1984
2003
1944
1914
1974
2003
1933
2024
1913
1894
1954
1984
1853
1994
2044
1963
1984
2124
6923
2014
1994
5631
2044
1864
1954
2013
1933
1883
1913
1933
1914
2094
1954
1974
1944
1983
1943
2064
2004
1964
2074
1993
2083
1974
1964
1884
1924
1934
1953
1994
1934
1924
1973
2114
2003
2104
2054
1953
2064
1944
1883
1944
1944
1172
1974
1042
1943
1172
1964
1172
1984
1233
1964
1172
1923
1492
1983
1152
1994
1182
2044
1052
1844
982
2073
1973
1914
1783
2014
1573
2114
1182
2054
1062
2013
1062
2003
1062
1963
1072
2014
1032
2134
1092
2044
1172
1934
1052
1994
1052
3627
1012
1012
2063
1433
2044
1212
2054
1162
1924
1062
1994
1102
1914
1572
2074
992
2174
1032
1964
1172
1984
1102
2004
1152
2104
1162
1974
1152
1873
1142
1944
1192
2104
1202
1883
1072
1863
1162
1893
1172
1984
1143
1894
1192
2013
1182
1914
1022
1943
1172
1994
1273
1834
1192
1944
1202
1904
1223
1953
1202
1933
1042
2014
1162
1953
1132
2144
1152
1964
1182
2004
1192
1914
1203
1934
1172
1913
1192
1984
1954
1232
1934
1112
1974
1202
1974
1232
2024
2965
1973
1172
1973
1183
1954
1182
1933
1142
1893
1223
1964
1152
1993
1173
2024
1203
1934
1192
2004
1142
1974
1182
1934
1152
1864
1172
2225
1182
1904
1232
1943
1974
1913
1914
1984
2024
2044
1934
1943
1964
1883
1914
1993
1944
1924
1944
1914
1924
1973
1934
2315
1954
1984
1974
4488
2084
1963
2004
1994
2064
1964
1984
1953
1874
1944
1964
2154
1964
1904
1854
1904
1953
1954
1943
1954
1934
1974
1914
2054
1954
1924
1944
2164
1944
1934
2074
2094
1974
1963
1893
1924
1884
1983
1963
2054
1974
1934
1893
1934
2014
1954
1913
1873
1904
1963
2024
1903
1974
1913
1903
1973
1914
2064
1964
1903
1964
2004
1964
1994
1894
1923
2044
1944
2064
2004
3637
1893
1973
1934
2004
1984
2024
1903
2104
1954
1974
1903
1993
1983
2023
1943
1874
2004
1974
1964
1944
2074
2063
2024
2034
1873
1924
1923
2024
1983
1913
1973
2104
2003
1984
1913
1893
1983
1924
1873
1864
1914
1994
1933
2024
2034
1974
2054
2144
1944
1954
1934
1923
1954
1923
1914
1943
1823
2094
1984
2224
1914
1903
1933
1903
1884
1883
1964
1934
1924
1904
1913
1923
1904
1943
2094
2024
1923
1903
2174
2004
1974
1924
1874
1943
2034
1974
1934
1983
1974
1964
1864
1934
1954
1914
2184
1903
1944
1984
1943
1904
2034
1964
1963
1814
2013
1934
1873
1954
1884
1944
2034
2024
1894
1924
1993
1923
1974
1883
2104
1923
1873
1894
2024
1913
1904
1984
1904
1834
1914
1913
2064
1943
2034
1843
1863
1954
2023
1974
2034
1883
1893
1954
2043
1984
1984
1994
2054
1934
1943
2034
1883
1974
1944
1953
1994
1924
1964
1903
1954
1964
1984
1974
2224
1944
1984
1974
1973
1873
1983
1943
1913
1944
2004
1863
1944
1994
1983
3516
1944
1933
1903
1252
1923
1182
1974
1172
2124
1603
2024
1142
2004
1203
1923
1163
1964
1182
2024
1213
2114
1172
1913
1172
1944
1183
1943
1162
1894
3667
1953
1212
1944
1153
2134
1212
1983
1162
1984
1052
1984
1192
1903
1283
1913
1172
1933
1192
1943
1173
2003
1313
2004
1183
1923
1183
1934
1222
1924
1152
1934
1072
2024
1172
1873
1182
1934
1212
1924
1172
1973
1182
1924
1132
1964
1213
1934
1192
1944
1143
1934
1122
2083
1202
1894
1243
1874
1122
2044
1913
1222
1943
3818
1954
1182
1914
1172
1894
1142
1964
1232
1954
1182
2004
1183
1933
1142
1913
1193
1884
1233
1914
3036
2023
1212
1954
1153
1953
1172
1874
1092
2034
1152
1914
1222
1973
1222
2014
1182
1914
1182
1924
1152
1994
1162
1884
1192
1883
1212
1924
1182
3636
1162
1904
1162
2004
1142
2024
1182
1924
1202
1954
1122
1994
1183
1923
1142
2034
1243
1973
1283
1864
1162
2144
1162
1943
1162
1943
1172
2064
1202
1903
1192
1913
1042
1953
1202
1913
1202
1934
1173
1924
1382
1923
1163
1913
1173
2144
1873
1182
1983
1292
1974
1152
1964
1182
1964
1182
1954
1072
1954
1252
1873
3416
1944
1072
1944
1192
1904
1162
1964
1132
2224
1212
2014
1142
1934
1222
1973
1172
1954
1192
2154
1222
1953
1072
1903
1163
2014
1122
1893
1172
1853
1173
1944
1173
1623
2034
1133
1944
1162
1994
1133
2164
1212
1953
1192
1994
1232
1883
1182
1934
1202
1964
1172
1954
1253
1883
1183
1893
1853
1242
1964
1202
1843
1213
1894
1142
2184
1182
1903
1202
1953
1202
2134
1182
1914
1192
1984
1172
2034
1223
1914
1162
1954
1203
1884
1163
1874
1182
2114
1142
1903
1172
1884
1153
2044
1072
1903
1173
1884
1242
1943
1183
1913
1213
1923
1172
1873
1173
1844
1312
2003
1213
1913
1172
1894
1222
2004
1022
1894
1142
1994
1162
1873
1213
1894
1182
2014
1283
2014
1172
2024
1202
1924
1142
1883
1153
2034
1192
2044
1182
2124
1163
1884
1192
1924
1172
1934
1192
2034
1192
1933
1192
1913
1152
1974
1162
1964
1193
1904
1162
1964
1192
2004
1122
1904
1182
1884
1213
1904
1222
1934
1903
1883
2023
1893
1904
1903
1943
1884
1943
1954
1864
1924
1934
1924
1954
1903
1924
1904
1964
3947
2093
2024
1953
2184
1944
1963
1994
2074
1934
2004
2414
1893
1874
1984
2053
1884
1963
1934
1914
2014
1864
2033
1983
2054
2024
4829
1994
2054
2064
1984
1934
2184
1944
11001
2024
1934
2024
1933
1903
1994
2004
1943
2034
1973
1893
2064
1954
1833
1913
2064
2114
2004
1934
2004
1954
2024
1983
1984
1963
2044
2164
1944
1873
1994
2144
2064
1984
1953
1864
2064
1964
1924
1904
1953
2054
2073
1894
1994
2044
1984
2004
1914
1212
1914
1193
2084
1172
24576
1192
1933
1182
1883
1152
1993
1193
1973
1412
1904
1152
1873
1222
2214
1213
1944
1152
2004
1202
1913
1142
1884
1232
4599
1182
1914
1202
1913
1222
1883
1252
1863
1092
1924
1172
1923
1202
1894
1172
2024
1072
1983
1182
1913
1082
1152
2003
1193
1873
1193
2014
1333
2104
1242
1944
1202
2074
1192
1934
1152
1924
1232
1874
1163
1903
1172
2024
1082
1924
1192
1963
1553
1904
1173
1933
1172
1953
1222
1903
1093
1984
1183
1894
1213
1943
1192
2004
1182
1943
1212
1924
1142
1904
1283
1903
1192
1923
1192
1944
1162
1974
1212
1934
1152
2014
1062
2034
1232
1984
1082
1943
1032
2013
1182
1983
1102
1964
1082
2014
1483
1964
1112
1954
1032
1944
1012
2024
1102
1984
1062
2024
1062
2144
1222
1994
1042
1923
1122
2154
1182
2114
1062
2415
1072
1914
1112
2304
1092
2054
1563
2054
1072
1993
1083
1954
1263
2124
1052
2345
1032
2044
1092
2034
1012
2054
1623
2124
1082
1923
1022
2114
1182
1933
1042
2014
1082
2104
1052
1954
1082
2054
1122
1933
1162
2094
1172
2004
1213
2013
1163
1944
1163
1974
5030
1854
1173
2014
1112
1903
1232
1854
1163
1933
1182
1884
1242
1933
1182
2034
1222
1984
1022
1994
1182
1963
1172
2124
1162
1943
1092
2103
1072
2014
1313
2093
1172
2264
1092
2033
1172
2004
1082
1924
1062
2003
1152
1973
1102
2004
1122
1994
1062
2004
1062
1924
1032
2003
1031
2033
1022
2034
1072
1944
1052
1964
1072
2184
1122
2034
1042
1934
1062
2004
1092
2254
1062
1973
1062
1984
1042
1994
1122
1923
1072
1953
1062
1963
1092
1974
1553
2034
1203
1954
2735
1894
1042
1974
1143
1964
1032
1963
1051
2004
1964
3146
1924
1173
1954
1653
1983
1653
2013
2024
1873
1193
1893
1182
1933
1242
1924
1924
1162
1964
1243
1913
1182
1944
1152
2024
1132
1904
1172
1964
1092
2144
1182
2023
1102
1954
1102
1944
1132
1964
1082
1924
1072
2043
1172
1923
1042
1933
1202
1954
1282
1974
1152
1954
1653
1233
1903
1984
3236
1973
1183
1933
1163
1883
1212
1933
1914
1162
1914
1192
1984
1182
1914
1192
1924
1182
1874
1193
2084
1342
2174
1332
2174
1163
1923
1202
2004
1182
1984
1152
1923
1212
1924
1162
1963
1633
2103
1503
1844
1172
1964
1192
1994
1162
1963
1092
1964
1462
2094
2024
2044
1904
1853
2234
2214
2274
2094
2024
2124
1954
2164
2144
2284
4378
2154
2194
1984
2184
2064
2114
2144
2074
2104
2194
2004
2064
1994
1954
2043
2013
2034
2104
2034
2224
2023
2364
1874
1804
1883
1994
2034
2094
2054
1994
2023
1924
1944
2014
2004
2004
1933
1883
1914
1833
1933
1903
2304
1924
2144
2184
2275
1923
1954
1933
4629
1934
2013
1964
1914
1683
1984
1874
1933
2074
1984
2014
2194
2054
2033
2014
2054
1984
2274
2234
1593
2185
1983
2043
2004
1553
2014
2074
2044
2124
2124
2094
2094
2074
2084
1863
2044
2294
2155
2043
2064
2314
2014
1563
2124
3576
2144
2073
2134
2174
2094
2104
2204
2164
2033
2224
2144
1984
2064
2033
1973
1983
2244
2114
2294
2014
2094
2064
1724
2044
1452
2004
1954
1974
2114
2124
1463
2174
1904
2194
2034
1493
2074
2214
1994
2134
1973
1703
2144
2174
2074
2154
2104
1453
2104
1944
1994
2194
3878
982
1954
1814
1994
2195
2054
1463
2074
1793
2094
2204
1884
1453
2104
2365
2034
2144
2084
2144
2034
1984
2103
2004
2134
2164
1142
1843
952
1913
1834
1993
2185
972
1883
2244
2144
2074
2033
2004
2165
1563
2074
2184
2014
2044
1573
2094
2255
2014
2124
2004
1203
1873
972
1914
1964
1873
2064
1953
2134
2034
2073
2204
2034
2164
2054
2024
2234
1904
1873
2014
1443
2013
2014
1994
2084
2084
1493
1964
2124
2034
2154
2024
1443
2184
1954
1994
1553
2134
1583
2054
1763
2104
2134
1924
1443
1964
2064
2154
1973
1924
2225
2033
2284
1983
2014
2114
1933
2034
1563
2124
1432
1974
2175
2114
2104
2044
2114
2144
2184
1814
1994
2084
2044
2024
1974
2084
2014
1984
2144
1953
2164
2194
1824
2074
2024
1964
2064
2064
2184
2053
2104
2314
2034
2204
2224
2084
2164
2174
2084
2164
1884
1973
1904
2094
1934
1993
2074
2134
2234
2144
2164
2064
2214
2134
2795
2044
3487
1853
2084
1933
1943
2004
2063
2054
2003
2003
2194
2034
2034
2024
1983
3677
2114
1934
1994
1804
2275
