64961
116618
148408
187371
145692
147897
115005
161282
138058
136044
104596
129673
111529
214602
97222
92172
114564
134481
122018
110697
104616
94597
117149
78276
119123
143228
158055
110296
167814
114484
155241
85971
99185
139401
125114
115296
180488
93274
79378
145212
96480
123281
69541
110286
91401
129943
146795
121407
108153
110267
113663
283931
131987
183123
114304
108643
157404
81272
109275
112821
112530
98995
167323
136816
114223
105027
122789
131055
123651
108453
104857
115666
129042
153106
94147
155541
106049
146554
96981
108372
131206
103173
116808
132318
115586
127669
107461
144490
126016
127679
111688
105307
89577
94056
78627
113232
107591
141956
138940
94657
137958
110657
127198
77936
128130
115255
118702
75541
127178
154759
112911
94337
140292
73538
128571
113823
41678
101460
103684
134171
145242
157736
34605
138219
145532
90179
104946
108012
161212
193812
113532
88666
92483
123311
119914
90199
98203
141795
120345
125355
173535
113853
114174
93065
179717
173094
78147
125886
129091
94427
92654
128631
94527
139100
103603
85330
146955
116327
114153
143659
110276
89918
75641
63508
145913
144450
155411
192550
110517
124823
92784
146454
86141
127889
77625
86622
107360
90189
118402
108894
128600
128691
87424
104806
121888
128040
109686
127979
110317
107912
130845
104816
117450
121277
178203
77295
117519
134041
35706
71403
113893
138790
130124
130755
122349
125034
127048
115416
132869
110707
106349
150511
115146
113112
120265
156092
128260
126206
133680
120556
117129
126697
146634
153177
125856
124062
103765
120887
88665
157094
110026
133360
138289
106109
139611
138970
103915
97302
96491
140844
124513
109424
90189
129442
171270
135684
118201
124102
64200
133460
165881
160671
121046
98283
92152
108012
80530
121548
133520
117440
213620
123170
156312
117981
122880
130534
104446
94997
124113
87214
110497
122950
126076
109766
92954
164608
116608
111719
103063
80300
155030
116158
125515
130815
152345
106920
110757
114504
107812
113512
127849
124723
142587
78437
153727
93084
134682
114905
122850
93055
138539
136716
88966
104616
130264
104345
108924
107942
93995
123501
119283
108934
122269
86582
102492
122259
122779
131967
125124
95419
141595
123130
66615
75651
69850
106480
111559
164588
154449
86672
77434
131365
165550
116458
115245
103334
145312
120055
124432
114194
128731
71915
91712
113382
105658
106228
166432
141184
110807
112390
136495
126157
114164
140873
109305
126497
127799
64150
101260
108613
133330
94266
122779
118672
117760
125474
119574
99647
120505
105869
145502
108783
143048
115536
123030
125415
111649
146575
103023
118461
130795
123521
135544
121517
131727
150872
118251
164448
140513
115145
90259
116688
113954
94967
85110
158867
101901
79518
124553
103373
116999
141114
123842
130484
106499
106679
124974
115356
102312
114334
79018
162654
131687
137167
135904
138189
107682
122970
149639
116588
115066
161081
118642
143638
77875
144720
111118
124853
119223
125495
113462
119233
140422
82264
127167
101339
81352
107541
99707
120726
121908
138780
107982
140522
113513
152355
132618
130784
125895
109796
120715
124994
157544
126667
111608
111339
125845
119414
99306
119113
111678
106650
205785
117039
151463
131376
123861
106449
137167
116438
95859
105197
129352
89567
111679
116618
121327
97893
92043
138960
83526
94367
130093
115326
139551
106590
118702
114044
96311
140122
134071
106800
123391
76072
107692
98645
115155
91782
41217
111899
131987
114874
119644
101500
111098
108603
112140
141394
114884
117099
94617
125665
114805
88165
80180
105708
128640
153958
133760
130093
122239
113021
118041
126677
119353
130805
99436
95730
170259
137097
126407
102371
119784
102932
113092
101320
133600
109505
114865
119554
101230
157955
99897
81242
137838
130755
77185
98354
186739
136626
202068
124934
118141
125785
116167
84408
108994
114193
169437
108433
110187
118111
110717
115176
89147
125054
186308
46517
35787
96250
104225
129863
93746
114885
135093
131266
135193
112681
85911
100067
100128
137958
110998
147706
106469
112381
118281
122429
117780
122900
121097
126176
109405
97753
152987
126136
121117
98394
127860
110426
84618
76282
135053
156142
112080
115396
120886
104045
127509
109505
129663
110657
109114
93485
95769
136355
118853
89508
104946
110838
105868
135573
112981
167364
97562
88716
111558
119193
120425
106149
117741
102312
128841
108543
162914
154780
126447
115947
142326
109515
106389
105146
127979
93154
119604
120435
125845
108412
123741
124773
101520
136626
131476
124493
79409
95499
150652
160770
112781
152596
108753
98845
113252
104565
128741
163045
115606
116378
123010
132928
100267
110887
97122
112000
118461
119503
145522
140202
110236
116338
113903
128109
97202
110276
118251
95699
125976
110537
108483
120746
87093
137908
100718
122930
140202
120585
91481
157034
110597
96701
81452
137908
120916
131516
109876
192931
125144
114986
128611
138980
187902
42930
105607
75852
113713
114784
135905
126196
133680
118562
127208
119073
204683
101630
179807
117209
95559
144691
121578
101690
86041
128410
121697
130153
115376
119494
164277
118161
87314
110607
118993
125415
34304
86362
106219
84458
70131
117801
105688
130474
133640
115967
119293
157204
137246
113453
95219
140052
119824
106860
137818
87323
138849
115516
131517
108784
116809
103384
157365
116518
118702
100508
90679
114565
80721
85350
101059
98625
106128
168225
110036
110326
106780
125545
100077
104005
118272
133780
92162
43171
142647
131306
129472
114615
125175
137848
85359
119734
76433
164217
111649
71594
109054
110146
162714
115266
99386
125875
122409
106328
126156
90179
130735
111869
98605
127369
136766
117139
80481
126987
153998
76423
103293
137858
106339
104586
90058
106920
126076
101790
133730
88566
102201
149569
117269
112811
120165
103964
127218
125545
146825
141986
116348
123901
119353
122419
117279
171531
136005
117439
130163
154529
108493
96000
113172
120034
134101
113692
116888
130133
91642
130324
106980
127018
97853
110466
96421
129042
128030
135343
121507
116438
114334
116688
134682
110035
173424
93054
115697
125435
139030
124563
114234
76072
121137
147906
133860
126206
130584
105828
129252
131196
135383
126827
102372
97763
94818
105717
130283
75621
116488
60694
168776
93244
130063
75080
177852
87123
90329
92693
120776
119393
117670
114694
92173
90680
110306
108794
114815
94648
151333
113823
146565
88335
119664
172142
132468
110697
118111
130474
89808
87835
114374
123581
107001
135683
124533
105197
148758
97082
128100
109425
102332
87434
96951
129612
58550
79759
111488
138940
125344
79308
108563
65343
83837
110627
78026
134963
85630
121438
75632
104967
78457
227225
111289
189415
135504
112060
131136
113833
171350
94136
118101
115667
139602
137888
127489
124033
177543
128119
140262
144230
155251
124012
99947
145823
93845
93916
108023
100718
92793
119603
133350
128330
77686
109174
91171
197229
96491
122599
85851
116678
126046
84478
103423
90900
68358
102602
110917
99857
83376
139461
113212
114654
57718
140844
90419
121437
91251
114204
85289
132187
122940
66635
116718
108814
129301
68869
146564
153848
69290
105678
122078
78787
114775
88235
133549
93104
113583
74229
135814
72506
119373
77365
122580
47930
132848
104856
107160
109305
136325
103884
133490
105007
113192
79419
95258
72546
90059
121978
94276
135403
109635
36408
116879
88065
117720
101409
125956
148889
104696
77084
106960
124402
119975
131646
98795
121016
117730
135162
135453
123451
144801
117741
166151
129242
130955
104386
166692
105307
78136
90890
125595
78797
121538
100408
112220
115255
128380
106078
81943
137768
125214
121357
115476
92042
109064
132357
131175
171651
114764
121948
109595
96560
113372
106810
134992
111087
123942
135333
116648
102953
125175
106298
108252
149049
87704
134742
96761
115456
103634
112531
160871
120987
111639
131716
115016
106019
140233
131376
123081
156272
108393
132047
115846
155080
126026
116638
118141
78016
134441
104676
110958
123571
134702
115777
104185
105057
142356
99646
119424
86842
117199
150853
104626
112700
142006
91261
226002
181159
101840
132478
120936
120816
136816
104987
104396
126617
110416
100909
150532
86241
120546
83265
133750
78647
161301
129783
117470
76804
131737
123742
114805
125255
147987
128421
121568
93304
48210
128381
73297
111008
137217
115987
118352
131717
82214
120365
132357
99035
117831
96541
103864
125945
119203
113532
86071
103564
139621
85129
104275
130434
92413
112200
96921
115557
119944
84829
132188
133860
107982
137568
121468
135453
127328
92082
115346
81983
127348
118362
114605
116237
117700
103694
103754
105076
109324
81352
110848
122389
108313
119694
106500
105086
157755
139180
112099
96000
143799
126848
114575
92373
98124
74759
116378
104575
102341
123571
90359
131566
111519
109124
120545
113012
100899
94217
109365
148528
108353
117059
119704
95158
101399
112551
111879
51386
104937
108473
123682
105647
162534
101420
120004
142958
120846
89558
141224
127318
132578
126958
99807
184576
111449
180497
84829
161653
63198
119263
81602
114795
76203
120125
68929
95158
92002
138429
60623
71173
105708
72766
88526
76413
112190
76273
97402
132137
86321
108543
81983
119684
96721
115125
78947
182922
93144
122369
111408
104055
86702
159628
72405
147025
76744
124433
71163
82003
76383
110026
83756
117990
69930
91692
90780
122680
82445
94877
85831
97853
70673
100739
113843
78036
75431
81793
118992
78917
99055
66234
117610
102291
106790
88496
113873
70843
100889
54943
143489
78437
126507
82575
99937
99817
112290
91271
70993
60874
119143
82464
131527
134382
68418
101971
74790
101711
87303
68848
118161
31870
119955
99807
102772
71594
128892
90229
100137
82745
71564
115355
103082
104285
66815
120937
105397
69290
122559
113101
66064
118912
54482
99937
71353
124643
93284
122519
72105
81152
89588
99366
66364
113723
74029
144239
101019
98264
77425
145332
68268
129352
83617
120095
82855
78207
109765
111839
73157
107481
79148
87784
124663
143458
79188
75782
136084
103474
113081
88776
131766
107041
92884
107511
113563
109204
89006
120245
87003
84508
43451
113883
149780
128740
128700
86011
115145
104836
136285
85951
119895
104806
113703
96130
88766
117770
144340
126687
103894
133540
98124
113172
122079
107421
132809
128370
131015
146734
79328
116839
71974
130233
72756
129532
55274
101600
90279
113162
68658
141534
84748
114324
68980
112952
95949
114334
100679
123912
92273
118932
54462
153117
88796
122319
79799
153898
89176
115396
83146
146083
94496
61795
108253
82134
115977
82875
130895
87764
117029
94717
89718
76042
98434
58169
83887
84538
110867
118341
79769
81142
85069
101921
79028
112751
76322
144120
75321
117219
86101
108563
106039
127428
93646
113412
89016
64841
121307
77695
122008
78217
119503
79209
122579
51056
103884
68077
98695
102521
145191
102502
136135
55263
110316
74229
97603
83025
122609
129142
116167
131566
111018
119854
130053
90459
119794
100017
132968
104987
115686
90990
94647
113071
124513
117360
120265
141495
75641
102211
111869
81763
141444
124442
109194
108172
96821
116377
113973
116247
104095
116879
112450
112721
121047
136155
109645
95659
124864
111940
112690
112921
124172
132317
108513
138990
103664
128720
141976
117610
119754
152866
114574
92002
127619
141896
102642
161422
138990
138960
171431
120215
130684
130664
89748
120525
102973
132438
127609
132177
152014
113843
117760
116959
105427
165680
172613
99516
128600
120515
86713
117600
123300
176259
85300
114885
86262
115396
94346
124543
123471
125886
152305
96731
120515
117790
106930
98504
152104
125525
121257
102582
107321
106680
119333
120365
119493
119834
82916
116488
115656
82534
104856
86372
127438
73477
94927
112360
116388
112140
106510
111799
150432
169047
123832
122349
140242
115536
129984
178004
118572
119213
115686
100488
95589
59511
88025
129883
111729
114214
107151
103443
97132
102582
116488
126567
108623
40506
105948
111669
106800
111308
89798
82845
122248
97482
88486
113012
107421
187140
109775
133901
122800
141004
134392
122640
164829
127989
121928
102903
73989
146624
94356
194064
77185
89427
106970
131536
75892
127719
114254
38381
130013
178504
94537
131426
106389
96040
130314
142446
130825
94076
167624
126557
106338
106349
102662
105087
79168
121206
110267
152666
82925
113683
148198
106029
123672
104786
139321
69510
95609
121968
121086
98694
73878
122840
125394
109966
109465
117801
120515
122650
91752
120435
142697
114985
109174
74720
96471
74108
119564
133710
118332
104937
103213
80631
109706
171772
118111
131255
99155
109034
79499
115386
124623
104806
91360
107501
118501
101220
189474
87433
132598
101951
143158
142377
127388
99857
122238
78828
120526
137097
72084
171029
109575
110858
74719
83586
79339
102462
92553
133811
92483
132078
113322
160249
77044
115957
100688
107591
120766
109285
105727
193662
175308
108363
117140
106729
95629
114134
105116
120846
105628
124433
113903
105627
151864
113873
97562
97092
114244
129082
97382
108873
92443
101159
90659
103574
80571
75822
76954
153437
57968
99436
66525
77726
89237
116057
87724
69200
72596
119143
81622
99195
75711
120536
71354
126287
163486
71103
51166
118131
100308
144861
109144
76783
69260
112681
87113
112731
78026
139120
88215
110356
84458
95950
61546
104185
83075
129312
55734
126336
59943
105257
90589
91321
26790
128471
92243
65002
93335
98935
79249
71043
72616
98354
78096
113472
94406
81883
85069
95178
112961
100218
146114
109264
155030
102702
89548
122108
95749
124402
123501
102201
112841
125986
120476
62808
119294
105126
69190
111709
86382
103674
179166
122399
123952
139661
206145
95799
118361
129863
111007
128560
111499
112480
157444
104516
201337
119043
123842
123832
97112
101089
121427
82525
114865
129563
143057
114414
75041
78456
143058
127549
105577
103082
115506
104034
123361
135243
151112
154780
97072
95268
121517
131977
108442
127328
145031
134271
87604
109996
110648
72997
111198
86151
133450
64971
144029
104105
102953
124864
85940
73518
106620
113332
112230
119344
98444
115146
91110
135063
87143
146294
114654
149800
104245
108363
101189
108283
123792
145662
144921
106650
130995
117240
119263
112571
101500
107181
126316
132217
118221
137156
102041
111439
150451
114113
118982
82715
157244
94306
130584
118902
131957
134121
96851
123171
107712
111439
120235
77645
129312
97532
117820
93806
104957
110206
132507
113442
108273
101490
125135
128240
120235
109195
101680
35286
74349
147165
138008
135703
116498
85930
118812
137948
107792
141595
119464
100498
102492
117239
116668
141435
162985
128711
42069
105507
114083
85039
109575
112991
106910
66585
93485
123912
51597
82264
166431
108382
100468
101801
118962
102272
154920
102913
104325
121457
84288
107832
116918
90439
92934
111348
120255
119584
131637
108764
98314
107310
135183
114785
107922
109505
121136
78117
103464
117831
114454
124172
125895
122539
128370
93555
99316
143839
140103
149260
89548
121077
131706
119834
152836
110426
104305
109185
98435
158146
113562
93716
128420
100458
105137
67356
116648
104415
82304
157865
122991
110968
93465
63188
113132
67216
124182
98194
150070
115636
129142
104396
79619
154519
97683
137848
99065
86712
106709
113632
100307
120996
108983
104335
116718
79078
145583
125275
114344
133460
67486
133018
82755
118041
81101
118071
121357
77144
118361
121337
99356
102682
90640
89978
106198
131987
111228
128500
124884
94196
76824
83717
128962
98455
146374
92673
128410
113873
107031
115176
115476
163476
121507
70922
132848
106209
117039
83547
89848
107742
92804
112170
149510
101941
117821
66314
98804
156813
96751
81252
107742
113563
184495
94176
93746
101480
98395
170519
97813
114254
124202
112090
117059
174025
126487
122459
111379
150482
110977
111458
87794
129542
83867
111348
134442
107421
91070
88135
169867
101049
88285
97513
110808
119785
110517
106069
98634
105147
78036
112370
84438
111298
71975
112430
70341
109004
78678
134622
104505
110767
84388
131907
56325
75211
73237
78788
126657
142877
121788
151062
92253
112110
122249
105257
125474
152275
157826
104185
85299
104706
121517
142316
96891
104906
85870
82124
129041
67746
136896
79749
111388
73538
122730
83436
102552
76443
131366
81733
106198
83416
89507
109795
88015
68959
125695
27492
125875
85310
123010
84508
109415
86832
123000
79930
117149
70041
98975
93145
102602
81312
154058
79098
104115
74459
161772
77535
122238
95569
85991
81392
117420
84989
114785
54291
103284
66404
143077
128440
80120
89337
40125
100148
85440
134512
94597
121287
95338
110347
114664
133069
113152
94798
125565
141264
103344
126747
91752
118231
110978
113713
129983
125224
118652
45916
88776
117651
75371
123461
93946
128600
100338
114003
102732
98455
83386
153026
83877
145332
108904
104075
109074
108663
92954
88485
117229
112291
111328
92693
87323
109114
101500
114173
113943
149731
97072
73157
76633
128921
73738
113533
119023
106629
134181
119353
118512
134391
116117
92773
75592
65372
114404
111579
82885
81702
76083
168214
73116
121838
58199
92964
70142
113483
77755
108664
110357
80190
100528
87383
151023
72546
106820
70222
101781
85861
106559
100167
151003
85810
107501
111489
106028
112310
89598
107621
126176
80921
92553
68688
105437
61796
124683
74349
101720
54011
108413
83597
134371
86262
104346
53911
110466
55614
99436
69841
70412
87864
111418
115566
73728
144030
76392
114334
93806
69409
80471
124663
74028
99076
94106
114003
108923
106539
126988
75421
132888
99537
60954
134882
94628
74940
161502
102151
160020
131646
124894
115597
105206
116488
110607
74269
119654
140052
114885
93024
74810
103854
42539
146224
109455
106549
103443
104956
119443
104305
115206
94927
118502
116348
113493
98254
89367
104616
87664
97032
72485
72145
97733
84949
93865
182551
92393
120245
116638
89598
141906
71264
99927
73517
156683
166642
82875
110988
116338
49963
128010
78005
145512
78497
98895
111499
84829
153848
66304
132468
77034
116418
85120
117249
57979
103122
76112
67437
152725
82464
123481
146183
63760
127949
85209
67436
65021
101029
84268
76944
93856
102873
79178
114083
65964
145102
71394
108974
76002
109876
79619
103363
55184
102983
73377
156794
75601
94507
89497
76352
70652
125645
76543
119423
117039
98174
83046
118792
77485
106870
76433
109154
93335
76924
70001
130023
94207
131626
83356
129252
94697
102642
89678
109665
81963
96290
79950
132668
76082
117029
46277
75371
121818
123261
71944
107862
76143
187471
65562
102231
77024
107231
75000
105107
96972
91792
86782
92463
70732
111568
69290
121567
98264
135974
71784
108313
75792
83446
132588
72897
83998
88375
108533
162474
50835
163356
82744
51406
89447
82504
105828
104335
72376
105808
71213
90430
69310
94748
105007
131707
58330
136366
119764
57117
83907
137377
71414
123351
132468
108823
88746
113853
151564
87323
120565
118291
76653
133630
156773
110186
73497
76744
78066
105177
65232
129842
135333
83816
64521
122269
79920
100237
72535
115826
68398
101069
88756
139581
88977
112761
72565
103784
44583
91431
118111
69430
119103
121929
56575
99035
99666
84007
80020
115426
71313
95599
75962
110957
91501
121197
71244
49402
95278
93525
84779
123531
82394
67937
116518
76553
129102
70282
109535
75151
97703
93225
102392
83476
107801
66213
125795
56666
110617
77435
92253
46767
80220
64400
68959
77866
109425
75301
118161
65022
104055
50344
111068
73307
103503
73988
159849
60072
82835
92674
118992
79830
110236
65463
122679
73397
72827
67396
60944
59301
105838
76433
129612
80250
91732
95799
94507
57448
149821
69730
98454
67005
109715
91972
118492
75632
97512
27642
100729
119133
59561
108753
66866
122279
64280
138689
104726
87053
65783
96741
65332
131185
82234
111448
123762
60824
117220
112901
100397
68749
97122
79989
77054
85611
93145
97803
82745
79429
121297
66555
115826
80641
35195
77585
149940
55924
112831
81994
103133
91020
76283
91080
79428
89317
83707
119323
144079
84228
106649
76002
96761
108082
102882
58840
93946
108403
101600
104335
56676
102172
80721
88245
109435
104014
86572
95508
86182
113062
81372
83676
75681
75190
101359
125044
145662
102261
93514
21570
54772
120536
104897
98454
128530
80842
115897
87804
118372
96581
143058
56846
106760
54693
154610
74840
94437
141505
121657
68748
97522
147677
113602
95368
81663
89638
114594
107992
90689
96812
96300
114574
80039
82304
56566
85400
98344
70491
100718
106079
111358
70392
108082
66865
163455
60553
122029
77765
112711
89087
93656
51336
73688
78116
105036
86442
109846
85861
64861
79289
115836
83787
117750
77024
94366
99416
90008
108713
87514
122690
74560
62116
78657
95549
92974
91812
131577
72475
103203
91621
124974
70422
147697
96410
112160
77785
123280
91842
81122
88335
85130
58350
78176
79279
143568
86202
88726
44163
111739
83656
73948
110827
69981
83336
103193
58480
139751
76563
120275
83015
89848
78447
116638
66324
113342
69159
77796
77855
104656
116748
96350
99195
102973
73527
125875
117299
141415
81602
97513
91931
108323
111038
122469
98083
100448
68648
126446
53270
104346
96691
133309
54612
131326
86071
100308
83907
96130
99596
56135
115326
92192
138519
60793
153017
81222
102792
94767
127439
72236
84698
89708
118341
112942
85320
55133
50394
142998
113552
122840
91902
106279
87283
82965
62788
128740
78888
109054
122800
102451
106710
94166
92964
103814
96711
101429
84308
104135
90359
92673
73558
76573
94657
81944
100518
71985
118181
78908
115706
73317
107702
107330
92903
74189
107231
72596
120866
108372
137016
108764
81973
94627
95038
108082
111910
102261
69470
112570
82825
123821
80391
93775
102552
103163
86833
98223
75963
102211
81392
122359
90790
115476
95479
91601
75221
174957
81362
73207
61645
71233
111800
78316
113652
77945
125074
56596
99195
28834
134892
87073
121628
88846
119654
90960
146394
91751
99617
62758
55274
120976
74068
91431
113583
61906
115005
78837
116708
64491
88426
114094
109666
90259
97873
75943
78377
81012
108703
71484
113332
80300
94978
37811
91101
84217
111940
80841
111278
59371
118181
71734
121978
78767
141285
78707
107521
77976
94717
79178
122268
79548
117650
73928
104014
82204
105788
86332
95949
77695
111699
95939
130975
82855
106860
77735
111429
80340
146604
85249
104255
86842
110998
94427
125705
74670
128100
72195
114274
73477
109174
84518
136215
79609
70632
78367
79899
68418
69660
100768
107151
88777
121367
79899
99006
77454
81172
85470
91601
108172
136054
92553
100738
79438
112861
51506
113483
71805
104355
75451
116118
76012
83816
115315
50965
77165
77826
79259
86301
76974
53971
99106
96370
111158
88776
133099
72225
133209
89838
119664
74429
92002
80731
74750
81462
66875
93685
95549
77244
88175
99727
109355
42349
109795
77626
115906
40105
123831
85279
102232
114304
95990
70572
112100
105497
120185
86081
78276
67226
108182
109746
92092
73768
112200
47028
111669
72416
89257
59611
115617
79239
183213
81142
103233
65463
102732
26951
109405
75962
116958
76132
105197
71233
118201
84778
85300
98905
182161
81723
97473
79739
108192
63529
113322
128510
87844
87143
94086
77675
102001
62217
89057
81613
117069
109354
57017
117310
100067
96791
98474
80170
97512
82144
107892
83346
108483
106489
148387
66204
143479
119945
73868
93945
129783
140843
178594
103604
151023
102462
110196
89478
107771
98764
104025
103223
99256
115325
107812
109394
120456
101681
112901
102983
110477
72285
105588
53611
118833
121537
86692
111157
112130
139031
77836
111218
93865
114274
108473
88155
115205
98244
100778
98314
104506
122579
86562
95598
109555
104004
111909
120315
147095
90369
87474
97983
100659
122440
104445
98314
116187
116368
120996
112491
59791
109285
92793
116337
112010
89517
86642
136165
96210
125414
99527
99406
120786
120816
79438
120826
98915
112892
73688
104104
88847
94677
142727
122950
139070
86051
100929
122189
142847
79669
94888
103884
126617
87193
100128
79779
105758
106399
142817
149991
113813
103533
140062
122839
127188
72776
112120
98274
121938
139591
133239
102893
107411
103103
109725
104205
124433
105968
77385
97212
116578
86633
131626
107661
73288
116438
134321
81232
78968
93685
122569
109896
109615
110206
74670
155611
34454
117209
105598
123531
107742
79279
117861
164337
103724
86402
87143
119714
85099
98905
107100
104585
143188
148959
112661
111960
107992
105267
106149
89247
109875
145883
99155
106790
64150
123561
99687
145542
77204
86431
106630
107722
113242
103243
137116
66975
121096
147566
120516
101851
108593
107672
90890
171661
86662
82214
104936
105497
179936
99867
131486
112521
62356
97122
104446
114514
98294
70793
104075
113011
149971
75581
106870
117921
120515
115296
98204
143028
118020
114674
95970
86973
101059
123421
143057
101961
120475
112411
91711
101991
73578
33994
116588
111208
136445
97162
122759
123521
73939
123391
100999
100287
109044
101560
82685
99286
111339
110557
103093
119914
97532
184675
103935
96701
102011
178905
129071
124172
113131
98555
115186
144460
98625
98695
120435
87053
107571
80310
124022
119864
83606
81703
96099
115607
113151
80510
112029
123040
70472
111799
122720
101841
156853
103142
93895
58890
101320
127489
101881
63369
107541
82965
108232
100027
65352
105037
124333
93996
95058
119955
88295
100889
94106
113743
106349
103714
113323
127188
153497
107902
86762
77034
114454
86672
108212
122760
126356
81492
130374
122560
78777
106429
115075
117269
121638
103033
79860
124293
146123
104635
79238
118292
102271
154239
127899
133710
74169
151023
108202
119002
72205
98885
98324
98674
120857
139902
113873
112000
125365
117741
115306
107742
89778
120054
112310
100708
89498
104866
92002
115686
72095
118411
76763
165880
85660
40185
74820
153567
97823
101330
72876
73146
70371
142566
70352
98194
79880
119614
81362
98915
51957
86521
113382
86452
92583
70311
70632
94497
72796
99797
75230
75130
113222
83386
97722
61836
118301
74519
119363
64421
95308
76192
119594
72105
127368
63408
116358
80210
106139
38031
72696
114284
59552
115336
31740
138889
108803
104606
80130
129212
73498
82404
91781
74690
121738
58409
135083
102722
78657
69080
90128
116758
84228
72496
104685
73297
145261
94186
128230
90499
100047
87694
59732
89337
102351
88575
94056
97522
100267
109515
114634
71634
104566
81943
122238
84929
106980
87885
82584
74048
122669
74420
92003
74600
79308
118412
101129
115246
94376
81913
118692
104686
75662
127028
73808
96721
78627
111128
112630
148789
81663
122319
88666
137498
78467
96700
107301
92513
93836
104576
110918
74750
99606
88997
119663
96651
111128
73868
106469
83577
74860
81763
108994
101149
68829
75521
93695
63308
106209
80531
95659
73457
124883
74218
141624
65352
105297
54081
111148
120726
116167
97964
98725
84197
106219
88456
120846
66174
104105
79639
177231
74680
71314
82795
52548
104034
102552
64752
95569
126957
108713
96520
93826
94637
107612
75481
115286
98134
69149
104686
105127
104355
93555
118912
103384
82996
105267
94407
53721
66073
72266
76754
81092
101169
82494
114284
88836
61525
81152
96561
81262
113983
58329
105908
80681
120866
78417
98785
87043
108703
87764
97953
78126
84037
59502
123851
85780
75050
81713
113503
78457
105367
68418
117570
81342
108734
52668
123361
85039
132628
86592
118632
74769
74399
118421
80200
71895
123491
115045
70351
173385
71073
101520
127749
105558
108543
108823
112080
127859
97232
114053
92132
89237
106058
120285
110167
117390
116598
104034
123241
103744
137006
113151
73297
97241
151864
103714
75101
100318
103533
120085
91491
102282
78717
118111
162063
71794
117670
109895
117069
110416
111849
105056
62237
153768
107331
97232
109154
89568
139111
93995
111158
73166
111359
76353
106149
79489
88786
87524
117670
83556
100358
72967
104676
91080
112531
70943
112461
76323
65502
95869
129472
90559
133270
82344
78758
95639
101750
73778
99516
77124
114905
69189
78587
87073
127789
74569
113693
29235
123010
103914
95509
74749
94917
68548
123942
84268
79989
120005
132719
74951
96530
78086
89928
73718
105537
103995
122088
120756
97503
86391
73898
91171
92923
101940
67075
113512
77865
155321
125875
83286
107612
111509
118501
103053
96470
86762
147636
80611
81693
76653
91791
68789
88045
87494
77515
80821
93575
95539
120615
108242
119814
65052
85570
85340
117780
81983
91130
54282
112700
69450
101601
94016
105337
78577
107060
58589
117080
74330
171250
64761
73798
76383
114905
56275
118162
61586
115405
81913
78928
93696
106940
94436
111960
65914
112771
87334
104926
79989
120285
81132
114835
76103
139380
74399
88325
80741
104866
76814
127408
68970
108603
116999
90630
77835
80420
84318
70693
65082
114744
53530
114995
46387
89247
77245
150621
90279
139611
59201
121938
82465
101500
60353
58259
108453
76723
104134
107391
150041
97583
107481
81542
109165
78977
104025
96080
78968
95339
94167
80841
137146
81533
150522
110697
89137
120184
87103
103003
75191
119503
21570
131947
58930
120305
63439
58921
79819
94727
101681
79279
120966
70663
111158
106829
91060
110507
108063
118973
57909
79649
135113
100328
108273
38763
87945
88045
121848
81463
133009
117851
99115
107952
93314
129492
70142
73638
147546
97803
87163
133340
96230
122399
172182
56896
116538
92012
110647
50765
93455
94416
81733
80090
129863
143900
124563
112520
117811
100909
94236
111188
115526
86873
134562
73448
104165
124723
136937
89487
106770
109044
109345
64280
149119
89458
112390
120766
106780
78256
123852
108223
88275
100698
49854
76043
115606
55675
72215
101320
75091
79890
94467
86562
110336
127278
101510
70141
111228
92994
122890
89848
110788
93385
91802
43581
97943
124242
86482
124753
105447
86852
93555
92263
79830
110867
111689
116478
74830
108393
81292
99456
68027
73387
100318
54512
86482
149539
122800
88225
82785
113702
91441
136485
118031
77375
104796
115085
151944
125034
92584
99917
97141
63789
116909
95609
105487
72767
108473
95659
125515
86021
79529
125906
117049
106820
74680
109184
106429
104075
135935
85890
104295
138660
90370
89337
61004
36037
126126
138028
103564
117871
100728
34615
115797
120035
107671
114905
111178
103985
95729
140533
100729
111127
83777
70522
123151
111629
83997
131135
95649
94487
95830
40606
69801
95228
79499
92814
87503
115396
87334
101080
89788
164799
96090
101239
52077
110016
101661
110727
94407
143508
102091
73086
115436
80430
152846
108173
94597
128060
103052
107030
84388
133440
76022
116058
89267
75872
103353
96741
88877
85069
126316
86602
126376
73527
81413
134561
75181
113833
76814
107611
142046
84167
91571
74119
145722
124243
90970
126166
77255
92252
102212
72375
107360
91782
92663
103854
103113
104395
103564
124232
56205
96962
87544
114514
91742
113262
104305
86943
137227
128199
151283
104586
107811
138158
103834
101540
83536
122409
128611
116137
96620
107811
148357
105608
86542
70141
116698
110947
83717
135644
72236
62708
105137
124322
90960
92874
109024
110827
139742
103344
117249
113382
67407
113312
120005
110146
125585
95879
152505
134171
137918
124102
100809
108803
112280
201618
92873
89458
86742
130965
108834
97172
110497
156522
93114
95799
109424
121878
139270
132949
92864
101299
129994
99757
119724
118151
76263
104585
94327
127067
48010
82064
112841
129101
136165
88936
99356
117240
73447
97743
74390
91241
103223
110166
117880
129783
95418
87363
114324
72075
141074
155681
130985
124683
132257
149169
131496
127057
76824
127729
74469
104947
119133
114164
144560
134912
112851
70171
146835
130404
134933
120035
122088
121919
104145
129542
124733
98855
123741
120706
107712
153738
107210
160680
107291
116748
144720
107651
155381
140894
120275
141294
123551
147486
114724
109344
132318
108022
111579
163576
122318
112601
126156
131356
131226
106930
173995
106830
99245
128891
97823
107491
125745
91361
76613
130855
153638
119263
89808
110156
104996
104064
109244
108603
115416
124533
120455
122148
123932
87955
33482
80501
114093
131015
117460
74248
83386
113282
119573
123731
110958
131837
185638
109725
117269
120185
67577
146875
99466
121928
131165
120796
120786
113222
114664
154859
74709
125595
90599
122670
117920
105989
79869
84739
125715
112090
124163
117340
107552
116678
158707
122089
152365
101289
115326
100689
108764
99707
146254
116158
105608
112230
132518
105237
104235
121537
117059
189855
104826
77164
120916
91321
81363
121838
112751
139481
110897
129232
128720
110657
126486
104345
148358
123171
166492
76172
133260
119634
120916
95078
97834
96100
108263
110898
117801
63038
150382
140573
120135
131847
118792
137106
118842
133519
100748
122720
101791
181369
104966
145793
102212
112300
101570
116458
117540
127319
125094
110066
128300
82835
121858
123571
106971
125875
105788
132909
106309
164678
108603
162033
129251
105117
124994
96010
177573
104416
85180
133249
114253
112911
84228
160340
122880
182472
113242
112100
92764
112370
113141
142156
92683
140964
134061
106509
105127
143739
155351
119253
78667
145672
81523
96570
164277
112270
108923
107922
117931
113833
122669
132428
116078
101519
111729
130243
117971
105797
143088
134011
115577
87934
111479
88867
112049
125494
113111
110327
106148
113943
101550
126347
105788
136045
129593
138559
117881
100548
111198
80471
121707
121056
103393
151373
149249
127779
121918
117370
113011
118762
159649
100648
92673
103443
113192
74118
110697
78236
117811
60614
129002
108703
139561
90699
121978
119113
102051
101329
86091
105638
102822
164417
125765
78076
109355
126647
125235
87043
75121
119744
121187
77896
124093
115276
144651
126487
86572
98114
116287
85560
115005
114785
145693
164588
133019
118782
40846
141405
110016
148097
161663
165761
163897
105868
128600
126517
91360
138830
114173
129362
130263
134171
132467
135253
113502
115066
106910
100538
154318
119794
120605
84277
124193
123792
113853
98825
106119
139370
145462
126326
117980
108192
96450
111228
115376
141675
104575
109625
126466
120325
114435
113252
188373
111519
187531
120605
98284
112250
107872
125996
122119
162203
93765
111628
122218
168375
90419
109685
94507
82775
101750
127899
125966
143919
146274
112250
107731
102302
107391
76493
86312
115616
109514
127539
144540
129933
91321
129973
94156
85280
146755
90800
107982
91811
105107
133479
89337
127739
124874
130885
113723
114875
115015
127649
126257
130384
139010
71213
115947
132237
110267
117580
85931
144640
118332
100087
92102
103453
94958
116839
106259
126247
120596
172593
124152
68508
124093
167593
118041
95919
111499
138609
88365
113853
113062
148518
115576
118001
110687
65723
109986
108523
121517
111298
101761
129613
103824
113603
119864
103123
124784
125395
118912
112581
141554
108453
94638
106809
101810
100468
119614
117280
76593
122079
86061
98154
74379
88916
144691
85831
121037
74028
112961
82765
117780
124743
120124
104506
138419
71353
102642
84618
103785
102112
89677
97022
78597
132047
96270
116698
100408
112720
113793
130815
111779
94476
98945
146805
82184
132789
113662
99075
143900
85931
66475
115295
134852
106179
111719
96891
139350
115085
114293
133981
124583
124443
114885
116809
112450
122299
115095
137587
151934
131326
42850
120516
98975
115325
91000
106749
108433
91461
95478
113552
132488
113232
122539
112811
128240
111849
134492
83937
115927
111078
101670
129211
95699
103073
86672
58059
106690
121177
156873
101329
79378
85610
129202
126227
134802
86772
118342
94156
131456
92853
112501
92043
89567
129202
99276
127378
136596
111228
93816
70302
43902
110517
142918
112681
124302
109695
157374
80170
123211
110086
103754
103834
98394
137598
130404
139862
125404
103694
83697
109144
86522
112671
88155
104074
134601
123781
87714
119694
119985
98524
137527
110447
117180
94246
118151
161412
105477
114014
82084
142877
115556
112952
110728
142226
109465
119363
121858
163145
140543
97703
141054
87815
121548
65712
168375
116868
119343
36849
141675
94537
108833
135583
123682
105197
139150
95328
77845
81543
161261
132889
117009
115095
105908
112701
118592
113151
119443
123721
86832
119654
126466
84007
172393
102071
135604
114053
103634
151313
123090
131055
118592
134672
88355
165860
106329
119304
129923
113753
164879
109475
105167
115967
122068
116188
108934
130234
119724
127518
106720
122239
127559
124072
94036
118201
94808
113142
123130
131225
109615
125705
144561
101830
125905
119864
122208
108883
101730
135093
134913
127849
174346
125324
157816
106830
124773
85850
127829
146084
82625
84327
114785
118581
105898
95118
118392
133870
176921
104155
46978
110747
116758
116258
90329
128050
115536
105648
116157
166582
144321
142717
77676
130554
90670
116699
108764
112200
101620
130564
122680
145031
82435
125465
160671
101390
102331
188432
141815
93845
189595
153888
96511
126206
129492
118301
119794
121458
108714
118392
88796
128550
115076
112791
120286
115066
107511
119343
115586
173014
113943
138920
117670
117580
96380
101019
130565
145492
101860
144931
113041
132918
112030
134843
116578
99837
111910
101861
79960
73247
90689
82474
106650
88576
112581
110607
90980
128400
132928
126768
91281
114254
106930
135935
133269
132047
100769
110547
122460
139471
71864
134903
117730
125785
130875
105397
91832
127819
130634
84808
131967
88325
248866
87795
107751
102722
90650
127368
121307
112731
77074
100689
78036
112109
115786
103504
96401
80371
97573
115446
126326
94727
176450
107451
87224
145994
92793
126126
105447
98214
106971
119443
110266
131757
120075
86472
144130
122089
110357
101770
102562
80831
105588
137768
99315
68868
139080
96561
94557
42029
76273
36158
115877
92112
101610
123321
111519
91661
93886
94106
113222
117499
167423
113763
92243
67627
102321
74119
102762
112290
74399
117660
93745
135774
145152
130895
90429
125164
119583
145021
151313
113262
102542
139221
139641
130674
113563
150171
105598
124894
122149
139341
130604
112270
104796
135904
86793
109835
119534
75591
98234
116738
127789
132408
114685
111057
104676
121728
115276
152846
111739
103714
138539
115506
97904
146394
109495
126196
127780
85350
112220
112601
120164
111178
136826
134632
101209
94437
120786
112750
104615
116698
115606
115366
92653
134322
98234
175789
114264
118131
116668
136125
130875
143088
104736
135263
130594
112180
113582
114784
69440
119704
118932
113373
154910
119534
78317
72125
80400
121747
93705
109986
100688
123631
117851
116878
66684
168305
96590
115917
109365
89848
121247
129793
89257
125314
109535
107822
109615
114755
65732
109365
107752
129312
89096
116868
111979
113502
114424
110617
115897
122610
100428
146594
112741
101710
181129
104946
117049
111208
114745
108113
129382
129101
141966
94607
94467
78888
108973
115666
97272
98774
94557
95308
106559
116588
96611
138079
125074
127378
111408
116588
102211
115256
76202
102431
118582
95168
66043
130724
156212
131375
128480
114184
101059
85850
106048
132107
93955
102923
154319
126928
84178
127518
95569
185297
112250
128550
121968
106780
124513
77986
119684
101560
111058
118342
110116
149410
102732
131887
111348
86592
115196
102371
120906
102873
142877
100237
108132
67997
104636
85209
119373
106178
81072
81773
113482
100027
110317
103845
129432
96420
115766
141986
138159
93535
164087
93575
92754
114404
118111
95969
104746
89237
48050
134772
109405
123181
119614
106129
90920
130214
119524
105708
106970
138439
113583
134762
85410
102262
91210
74950
130314
126106
98574
73598
89617
104295
168395
96681
92844
89047
106459
119133
142136
128270
92583
121186
85910
112901
123391
122960
130104
119624
93615
75020
99546
83676
161623
112881
140553
113482
157966
119033
109535
86451
115927
88295
98785
122008
76663
99706
89508
147225
116418
126516
105788
122569
106068
142496
119503
119293
112020
128220
118652
115646
116688
105347
92132
136916
111759
100228
100799
125374
107541
116618
89437
117570
124713
100098
42239
123080
102662
92493
100518
109825
95298
129753
75161
117860
84217
88085
123832
121387
118451
117159
98094
103954
46337
97913
135744
108804
109776
80110
103093
107832
141054
94888
133299
100448
109384
104466
101490
140483
117189
97773
102732
84708
90390
137768
145663
93024
148458
106689
143909
117479
111679
106399
91591
121628
95619
97813
83176
91030
105889
146144
100508
89247
95148
126827
109064
100878
120395
96610
114905
123000
107320
98855
131966
123592
78928
120826
127699
104205
106940
151333
138609
80962
92483
151714
74910
92553
93424
93515
107230
122319
86522
106759
130013
97202
111469
115697
111378
121578
126126
106289
166241
87423
97322
85841
67276
78247
92212
103173
120515
115396
114394
146323
115936
35707
104204
122509
180116
110036
119634
105277
253735
116939
104296
145132
116789
123401
152816
70752
118572
94827
100298
69329
116408
65172
83276
133029
77165
40726
114775
110887
89487
64290
69199
101750
102041
78647
93946
119904
78297
109766
132799
160661
111970
100508
79879
89758
119604
94727
114815
138940
109374
98434
94927
65503
63239
121998
120556
87113
115356
91110
113753
63639
63709
81232
107942
88165
108503
118452
107150
105076
100238
61355
110426
68057
110597
67116
87694
124172
81763
96481
110146
95879
102241
96340
60042
79499
112290
138539
119444
128050
118983
99727
109656
104526
104666
114143
102793
151514
96761
89938
127439
65001
110026
98074
81803
112671
106890
125895
116518
109265
109294
161743
118922
123371
147516
126757
105858
91351
61986
132278
88045
113713
105998
131717
146234
75902
115957
86332
119333
104215
132869
108092
114985
113292
128440
130745
104745
114485
126888
76173
104726
121988
113682
137437
104105
94597
124042
107170
128240
116788
165189
135974
73167
81713
152064
90971
109054
109275
143709
72255
136987
147355
98454
161543
137046
108563
108954
90339
106349
122760
120526
116578
95889
100148
92783
116979
107531
108473
102893
99035
133820
105628
130975
96581
97653
99857
119012
140553
117891
120215
114985
129302
74440
120736
90078
118843
158166
118682
151894
90109
115837
116108
132839
122059
113452
138118
113853
97122
77525
126697
154549
108693
140422
99576
114203
99256
112620
129151
104445
109305
133951
114715
129753
136234
101480
92002
101530
118873
123732
128671
108473
98625
102161
37741
76784
107020
132678
88636
99787
115386
107010
118261
109274
151984
96240
107251
106049
127940
103133
139371
125274
136616
128791
123942
112791
153577
152766
87764
67476
112400
120345
120986
172664
79639
126617
81863
112250
117450
75721
141244
120596
107141
116087
107721
105247
108844
105808
143779
60283
93555
156573
148257
142847
105387
134541
98935
93826
102502
110987
121217
134582
104535
89748
120595
108363
164237
110136
123461
113532
73427
128841
78457
103955
79308
123411
107471
109174
155821
130204
127929
106900
112761
109395
123992
126196
123912
69931
98965
76563
88275
135032
117540
119323
83577
102252
131957
119433
112601
74339
132478
121267
119153
133309
37310
65833
97462
104305
105076
146854
119975
97132
103564
84268
130374
110958
111699
95999
107260
82605
87644
107801
106589
127618
135313
137687
133720
123491
120205
99205
140553
76102
127569
79228
108233
89778
104606
103835
121658
123260
102793
125164
105517
102722
101290
120445
143158
112751
115756
109524
107211
99997
96761
129171
139852
111609
107250
94216
122239
131025
69981
96771
130774
106980
113452
144130
93675
118702
138540
129281
143949
94537
104716
154590
85340
121627
80130
104656
115786
126888
111889
133359
125505
205945
97011
105939
80040
118552
107311
124322
77826
95418
90660
108933
103023
168666
136876
131696
89998
105728
117831
129162
100968
118883
128179
111969
156042
109094
98304
89618
101029
127388
83516
112340
73317
112761
104386
96220
124663
115145
94177
128230
108092
89758
115326
103263
120365
108022
66164
120937
119874
116217
84197
132087
131466
106850
97312
93905
129853
150852
130514
126086
127839
134352
101029
99467
96220
116498
150652
110246
130414
188182
118291
91061
75081
118351
141625
91260
132828
121026
92373
151062
112761
142326
93675
96300
128290
110948
116639
162094
95419
104295
105418
153798
89748
151924
143729
113042
107231
123802
112150
134952
92222
108413
114655
108383
111378
93065
124673
87855
105958
105457
127950
123491
88645
122879
117550
110186
140403
84839
131215
108483
157305
120446
109194
109855
94086
137568
128451
97332
104456
132988
116017
104656
111318
112390
104906
90149
90440
134882
108193
121037
116258
134552
131285
140653
100478
91651
111228
120846
104606
111098
105908
84559
110226
119534
108403
100919
101760
115977
133951
85410
113373
121658
90639
116427
86942
102652
91781
87113
108343
119474
107721
131045
110857
125245
164979
123391
97622
116188
122509
113643
147156
100367
165810
117299
125334
96190
93906
124263
111478
156663
115115
78547
110516
81272
111068
135614
83306
78266
60623
101350
122469
121177
89167
128040
127248
106169
157214
119393
107201
125003
95408
111338
145171
147626
174326
115636
105768
109595
86231
110647
114354
76513
84969
125335
119674
132498
98965
115937
120606
109264
48191
139450
130845
58349
113543
109836
94807
122298
109375
116198
125184
142456
93415
110987
98445
118562
101891
117230
76423
94366
115816
165470
103404
108713
106790
65483
127349
126968
139161
108793
121267
129873
40175
107912
103283
130585
122199
140212
193021
133079
116528
92643
120546
124112
113933
95799
123521
92383
122920
101529
118031
105296
115476
107641
118872
118942
107531
114845
86311
146694
120716
122970
125715
118231
163877
139431
81463
143168
93575
124944
107902
143809
111218
158987
118753
53570
43902
137156
131196
108633
124663
132047
119784
94557
101300
79228
115867
81061
117780
145702
111419
111538
92573
103324
127098
120185
116238
115256
146754
110747
114985
113843
154799
114514
120415
110748
116979
115566
127849
124263
132017
121778
115195
134241
95369
123390
132999
182702
119203
138960
121126
122800
140573
125104
118351
87143
110988
106319
105487
102101
129703
75862
100468
107070
118071
147225
117540
117780
144510
77826
110136
91731
113462
77234
91752
108182
168365
115786
90659
153608
101871
95449
110537
119394
157134
103934
98434
110467
76724
75350
107060
44994
130163
121778
112401
98474
124002
116508
107922
104416
75412
114234
98815
116287
81091
130053
93234
132868
108623
79389
97853
93585
102561
90079
80791
129723
113643
116979
78597
108924
84047
108704
95178
137136
104556
98715
133640
110377
104336
92263
117580
94958
111118
81082
89617
91882
89888
90179
113242
104025
93054
119323
118732
97823
171972
109966
79569
77305
108754
92403
133219
94146
55203
118913
111879
123581
142807
96440
92463
95068
76763
92663
91712
111960
123260
38011
94947
134782
144450
124422
84048
98875
108793
124082
126346
99716
107772
146173
166792
160300
142537
114655
82715
131847
92783
108333
102091
123992
104796
153337
132307
120485
123862
133079
113903
107551
97092
117740
118712
138028
121177
106730
78618
105367
113142
86562
127609
194624
114174
112090
95519
141625
112971
101419
121448
159579
123932
94547
106960
138539
90049
93965
81963
115416
110236
112240
127238
64370
90589
90660
102942
96821
72225
120185
122439
108894
102472
110747
82715
133660
86732
86331
106489
121046
111709
108744
121256
109205
103233
112300
108874
96411
103193
103484
48231
106609
104296
110998
152826
138489
118662
84919
154759
103213
130604
107722
120686
80571
97191
117470
108554
85820
113733
129833
114163
120856
104105
134912
109445
164808
163686
117780
90088
73508
131075
93084
149600
122690
103373
117680
111739
151013
106600
106739
61946
148247
69640
110116
92212
111548
100779
128611
101169
127368
116879
124874
110206
123561
124653
114645
90910
79869
152415
121116
97713
108402
104766
101890
138078
97613
108072
140734
80350
122600
110156
116057
94336
127389
102071
115877
82595
109825
112721
91571
113182
138289
108563
79468
120906
161762
132748
130624
111799
114444
81242
85400
93715
111779
128350
125685
129292
84278
99877
103705
86371
111559
80701
104455
107211
110397
92984
103434
121157
116919
114615
118452
102292
96811
129682
121487
92263
98354
128751
130444
96310
90840
121437
103674
114575
111158
96340
144942
159889
97091
93054
70743
108203
127499
128320
86662
120145
118251
99687
106990
110507
151534
121628
84027
118873
118822
122900
101610
130424
133500
118362
126627
112851
88435
104726
132869
97482
127729
91120
118963
106460
124193
78808
122700
134130
111679
107992
97402
142206
107601
174947
109915
96711
135423
117300
90228
85801
125865
105858
108473
137848
122950
111038
162324
128330
193842
133550
101250
118702
74108
117009
109315
97362
147156
126366
97643
108493
118491
153077
94397
119774
108153
90660
97903
106760
123872
82564
77305
68278
108402
137868
93935
129533
107722
103694
118572
115416
92964
95639
109675
109345
97332
105818
87133
61565
133570
108483
104866
113893
125485
87474
108002
121898
111779
61395
102943
92684
113152
123942
105988
87825
79128
79859
94006
101460
86472
95238
116839
92513
69881
97252
121157
76553
113111
114024
108302
92313
125706
123832
99436
108723
112681
81903
83116
120396
125675
102893
157114
108884
93445
95489
93125
123301
186088
115236
95689
95218
125184
107221
104716
84809
114925
84949
117079
101861
113262
115967
77324
93434
113943
95088
117610
59381
75972
107742
61175
104615
93996
69139
103664
116457
95399
115215
93705
80320
111909
84248
116228
94877
90910
108853
90880
128501
108613
110136
102152
92683
72265
108803
118331
109194
138249
143449
85560
89998
100909
99156
93195
93815
86171
58540
79048
115056
116067
87634
115787
116087
103033
111339
101270
105027
107170
128440
109515
105127
96370
130784
105147
112019
68768
123621
94567
146604
65473
108924
78377
149280
120014
66965
74018
120405
74239
63840
106589
88545
76584
79138
54822
98604
119604
98374
71173
102221
118762
109495
113302
114444
154189
105387
114705
73488
111018
103033
110797
125966
96200
119093
131165
123651
80220
96781
87484
76403
76253
120485
96040
95849
70502
104055
128861
95118
117310
75050
101811
53170
103644
116157
75952
98885
109696
103905
135073
77916
74249
118321
85139
84689
96270
79499
108873
76724
93475
54782
118612
93365
100668
89919
65493
100538
89828
96861
117911
108162
83326
83836
88595
90519
69200
70612
120997
103594
95820
58780
74089
79319
62697
51015
99185
56626
109845
108864
51837
111608
110186
110176
97202
86572
115175
100127
105908
102351
87964
77164
80831
87213
101130
65322
71554
85650
93094
105457
113422
84859
75622
102151
88366
88105
97232
86602
97573
35587
94697
100017
109855
65302
112040
116729
103494
78927
107511
92783
160641
105097
95519
119774
90680
94757
93665
123040
80120
103324
111709
90620
100808
57247
101550
97011
76843
145402
54722
93926
94296
97242
122980
96601
94497
144130
94908
94928
94176
78256
84879
78958
80771
97172
63780
79810
91822
114253
130674
105637
119123
91030
109164
112049
84058
104726
92123
102562
124984
86572
119013
107611
53159
83606
76613
58109
92533
101930
103433
66264
142687
118531
102923
89187
87293
91912
101600
105237
99997
103985
113913
79368
104957
75491
76083
89117
83256
102232
88706
58330
73557
103243
40606
81893
155541
97402
77104
119083
108633
89458
139321
79238
67336
138038
127018
126286
97312
101410
97723
83135
131155
99707
113572
98644
97883
89337
114525
91662
82345
62647
81052
77875
64981
118242
129482
83115
77986
77445
56516
67125
89758
62016
123091
74198
69120
63188
115095
143478
108984
105758
107341
132488
94927
74901
90931
128541
87874
109756
106399
100929
108974
95198
93505
92282
102853
104575
98945
110367
93875
95378
90569
94226
102782
105247
75521
79499
83285
94607
95058
119283
62817
69901
110056
95318
103063
97232
82465
118271
116759
124503
93074
74970
111408
101711
98194
109786
112781
109265
105077
112710
110798
117330
89156
110397
117800
89106
99496
140483
85560
95158
71173
129423
99947
93054
110527
114064
115116
126066
56837
109394
95448
94697
116678
92733
131657
94908
155351
105637
112671
98324
147807
68378
129653
108473
75211
97242
91151
73137
85560
95849
103985
78827
129492
95288
101671
98434
99056
94347
110436
132758
96250
103053
80581
54993
96331
113723
101339
92823
97432
108564
81353
95168
104235
81472
71564
92433
102221
125795
95007
78537
113843
136485
87072
77626
94216
70522
84838
127168
114635
114545
113743
77274
83887
97633
104987
96290
101570
92222
108213
123501
78867
113622
55764
74780
87995
93215
79810
104446
89958
83917
107742
82114
100228
55473
94177
55554
69760
68609
106860
121387
97973
120786
108342
62968
118812
94847
90379
110427
99366
74800
122960
94466
105197
89878
89828
82925
113282
126587
79820
109424
88115
70251
100067
66875
60434
99657
89958
90058
108032
114655
129953
119113
92122
89407
74780
115446
81081
106590
90319
71514
92844
113583
89657
88856
76623
99115
75441
39854
67456
86762
70662
74760
99646
81122
123572
121848
87293
62838
52929
112941
100137
70482
64981
89548
73417
83977
51417
85590
50405
73457
64390
67306
53791
90800
68087
53740
130394
55554
62046
56536
64531
61565
77655
52217
122278
68138
79750
78417
90459
67586
40947
126267
62858
61214
79779
58409
81963
65923
96059
73478
92463
162294
61716
102892
111719
134472
79799
84828
71183
102602
82374
99466
88646
116328
97362
94657
124012
87714
99246
112520
80841
92202
78176
108784
107702
85490
136325
116257
91551
86762
110417
99496
96230
92242
83806
78698
92944
104114
112711
81803
99386
59972
81392
113342
88075
113653
80991
102171
85249
94467
113222
106990
71464
134191
93314
95969
62327
87073
99957
117109
70051
113903
91992
37149
62346
65603
49082
93676
70101
67356
97363
107812
96650
97713
128511
87203
93826
87554
109305
81362
97563
95448
102722
135304
80590
97823
59782
81823
80110
89487
135694
93846
99446
75541
78407
128721
126627
57798
101951
104545
85921
91020
121808
147336
85059
91250
94908
90739
117189
80701
96931
93204
79139
78016
113633
116889
120475
88205
79469
93965
113252
88445
78697
99947
150792
106228
95229
93425
98975
121747
102693
76282
87874
94546
84618
111078
78517
60213
108603
116728
97733
105527
92724
116488
79599
113853
86482
94507
83386
80831
77545
88906
78627
90519
66445
99656
78286
81894
82915
93064
45505
95398
104505
106950
91020
95338
87594
137668
125124
64671
96691
82654
119574
78187
147475
96731
114264
58329
104786
105778
93364
108583
74730
94587
101049
127608
95889
92082
104615
92683
90570
70221
136025
115305
95979
90359
74639
71694
98634
94197
113452
75882
90069
98414
114815
75992
90069
104235
63098
115556
111919
37310
94567
122599
136244
99356
93976
120526
66624
132107
99716
104656
138018
97102
85901
105177
96431
94978
136726
95378
87183
46888
88435
123431
75682
99236
161302
162223
103805
114554
91261
96530
109615
87884
90559
96761
121868
119273
109976
122689
99997
107200
82895
102282
95609
142697
90770
104145
117820
92894
105327
102391
97493
118521
99476
107351
78678
85069
106880
104075
108303
96761
74079
110186
106809
119424
93805
106329
116688
116418
127969
92493
92533
143278
90009
89879
47619
117620
118272
104926
101810
91121
75681
63659
99496
74750
113262
117860
112530
137236
100107
90028
89328
105517
82174
127659
97713
107511
134912
106930
102632
95238
143118
103824
106570
109665
127218
64651
91220
102302
73738
139531
112650
126287
58088
103073
93895
121007
112470
89778
100458
81282
76182
120395
113112
118061
93445
93685
91732
71203
87624
100378
120345
103544
95769
89237
90319
91070
84068
82284
83126
111018
76633
93294
97523
60633
90880
85841
89126
84418
128520
88666
43762
100668
76313
101290
87694
77284
103163
82995
80871
56836
99476
93675
92553
117459
70632
100939
117901
102031
108352
84448
95679
92684
104685
76704
112791
68788
87544
71293
100708
64200
127178
61314
138279
64871
83947
70953
106039
71323
61645
64260
91040
74620
67677
86331
101170
158987
100929
130754
104235
82705
73928
113042
93355
78998
99876
92122
143318
101841
103354
111228
86852
78146
94096
65783
156723
104756
122229
124673
78597
79599
85410
85510
87694
88175
94637
76042
102101
113242
90609
98183
98033
57638
127969
120536
73958
56987
96120
107241
82123
99977
110226
99366
93716
65924
99496
55263
70632
78778
106179
91902
58049
77996
109725
75010
61925
95368
84889
73678
99236
77635
90369
88976
125826
108332
107942
54341
99426
67707
88215
73106
75601
124022
109815
105357
73939
72976
95248
94266
90600
102522
76103
53360
74690
80931
107081
54302
83447
105047
86963
92704
70061
91200
79098
93805
103173
89327
37991
106029
92494
89217
70552
103073
80360
89156
88225
79248
83717
108022
83105
93495
107201
87724
73978
106690
67116
60132
74349
100879
78367
64080
60834
88856
89959
47329
48921
81082
70051
89577
56576
118080
64451
95619
59191
56546
58630
79769
63549
109825
62366
69380
63118
94858
62628
105979
121267
106018
122209
113943
80160
100358
94236
119764
59741
103554
36949
70712
65542
108673
65933
78617
72425
76904
69841
93474
63258
89647
57888
106679
54402
111278
59522
58980
131726
47279
113452
69570
66965
61394
91301
73698
87905
97472
84257
86502
105768
46587
97783
55514
79108
58650
91381
64881
84228
63599
101289
54912
81773
56506
97843
67747
85410
42480
96781
64471
91502
55814
90840
66805
105538
56586
121708
53800
87614
82935
103554
72085
87904
60774
102172
75672
36058
90569
111038
46697
83216
72786
115696
101961
115306
83546
101039
55003
71474
86081
101821
39143
92743
67185
110477
50945
84347
86031
90189
42379
83676
79619
50374
64771
70903
93234
55684
87894
74118
83416
71785
53280
54462
94136
68208
86713
68047
97012
80250
85339
47068
73638
48090
77054
90489
96921
66064
109445
66916
74729
79268
79830
63018
132918
56235
88345
68298
95318
63169
89768
65683
69760
75120
99747
74459
88887
97682
88966
96781
104225
111859
127198
84509
79258
74670
90068
83306
88516
100698
84157
99105
105398
32080
107812
101811
124142
96861
75412
43291
73157
104766
99016
105888
76182
152826
76643
89307
78738
56646
81422
66855
88005
75552
87945
105036
69420
100037
59431
84137
96611
106690
66053
72866
99076
93114
63549
106990
69320
92623
118221
112099
41799
75712
89938
98564
80761
71373
89407
117750
88115
75442
100808
93775
73668
73808
84579
103764
65553
109745
75531
69841
50675
92793
86703
129682
71824
68128
79268
72105
71725
89888
101650
85520
77776
76744
117119
104375
99366
71244
69420
97282
77596
76704
84368
88415
110126
89107
89578
86763
73137
110356
53701
91411
69831
88916
89879
76954
89227
120736
76473
92694
93034
91160
136385
80550
56115
68658
84388
81913
111880
109945
91902
88566
86351
75872
72195
72115
76734
113342
71163
102892
105868
83436
89046
54442
80080
113152
80000
108904
92563
103634
86111
100658
74289
84067
103133
81162
101310
99236
83295
84448
104395
79629
90259
77686
106860
71273
74550
79498
74529
93906
89507
52529
54382
57177
101951
80570
77344
104796
94246
95358
104806
91291
100177
72596
112290
97011
90429
68328
76723
82224
71765
76092
87294
72185
73968
93104
90559
72485
107451
99146
91441
76032
80722
74840
106930
97041
86953
122138
96691
89869
77955
95289
77004
104536
88746
81282
86331
35516
91752
80581
77966
77365
101460
103243
62597
87664
75451
94407
55834
86421
92843
98615
107160
85971
60383
73267
93324
56305
94587
101720
61225
82594
106950
75281
101250
120175
82524
88395
117120
76343
80831
77324
84137
79980
72425
83446
74911
86071
89447
91842
88416
90540
82906
83035
90109
76123
86382
52748
55734
74700
79238
97101
70983
85089
106309
76203
90509
77675
104906
84087
78296
74599
76603
48681
102311
91651
108002
79940
80401
68859
79087
47870
75010
71314
102602
59121
122208
69289
123962
80300
95408
79458
79789
51186
70842
65382
71414
79238
89367
50535
95559
76343
106489
65292
54031
56135
87403
37039
78667
45034
99136
109946
87875
88516
80040
61424
87433
69119
86412
71614
84588
73618
94717
54943
80140
66024
77275
60894
106799
56536
110166
51106
144170
77165
88395
91351
107130
56706
87153
79559
81212
67065
88155
55904
75391
56075
71323
63108
81051
59802
75220
49844
92833
66604
57498
59180
87304
49633
78006
92774
42460
79639
68618
132668
65392
95939
64220
80460
71694
94998
74790
86402
64580
91591
73067
77736
69069
92023
54872
52979
75532
97322
65302
55875
68508
95429
67887
114985
96660
71473
67546
72306
61675
105126
106098
68588
75661
80771
81332
88325
69230
99216
50765
106810
49583
90419
53039
80220
75461
62958
55183
85920
94086
33242
80130
110938
52819
102011
52678
92523
68528
155862
40395
100358
49673
111108
57127
107611
75361
82665
77556
100669
31319
103404
67726
115506
72536
91692
74540
84949
66865
97402
52518
101961
68509
119644
34024
100619
68828
108113
66715
93465
58500
86241
75110
55423
50865
61685
97913
53209
128551
76924
78146
69039
100428
56887
89237
54422
86031
49412
76714
55785
92223
76062
87324
55183
60934
75071
71093
68238
101069
69941
104776
79709
80530
73658
106799
77235
47679
76663
94006
71644
114134
54162
136626
53350
117930
58229
98194
85430
102071
41768
101830
69771
79669
121096
57217
87023
54482
81132
72326
80600
61034
78266
71254
114063
50995
51827
75080
79759
62487
88074
55644
76253
68077
80871
75862
79419
80601
74710
84528
41638
89217
81493
79509
25969
93004
93605
102672
56967
98404
99727
105577
84137
84518
67607
115095
82615
135083
53801
74390
86051
77195
71804
55324
60162
130384
57277
94507
65011
99937
89357
82044
64892
97502
80661
91221
66795
74359
88215
107942
65363
81221
70451
110767
68087
56656
52909
82965
52428
96791
65322
77696
67015
139461
58850
81502
38252
87915
58449
95599
104566
65933
64250
67256
76654
112630
101470
93946
76724
114334
73588
72896
49152
117149
60944
76463
72155
89437
79769
86031
57808
75471
95098
90489
39534
104806
55133
90149
62447
128690
61165
92883
75141
95960
56536
99215
71794
82074
73177
80892
69510
118912
52258
53670
78597
104626
86823
74400
54583
97092
94516
73938
93374
85160
91711
84238
97693
65863
77094
93064
100819
101210
86192
83175
79799
103874
113092
89678
99817
106219
89538
107461
72485
78968
105948
135133
101230
74169
106279
90079
90470
108132
87224
68128
77585
82264
74008
107902
69280
104957
86231
81312
75311
98514
91471
97573
88135
96290
98644
79759
104124
125495
105206
75170
75121
56616
81953
72145
76273
72727
92233
83115
116828
120235
112530
79539
98564
55634
90690
84858
127448
80771
76713
108983
71483
89448
90569
87133
81874
111890
77515
65833
116638
79609
81252
102302
75762
93155
103613
139802
77455
75501
87434
106729
69369
89478
91371
94917
106790
80090
83747
88586
52949
71784
59011
97082
65102
90239
65282
86893
80861
93144
56576
81122
70182
80110
53460
74299
61605
74389
50745
69029
71133
86542
78788
83947
83186
91611
35276
77074
56005
91151
61846
78176
75010
79218
77034
54813
60423
75812
51716
55975
67285
91181
76012
74820
75290
108243
52217
90630
62367
115806
54943
73548
88395
66595
106439
53960
74759
70151
107010
86000
94287
58660
74569
56486
74930
77945
116678
78577
106059
59180
73227
61956
98784
76272
89117
68267
114073
66965
67646
65953
91872
74820
75321
67967
84107
54502
62728
67457
94447
79338
83165
56376
101500
86823
82504
56376
97893
37921
78667
69120
86061
46417
81563
82685
111459
82404
75411
52879
36598
84187
91461
54342
72606
88075
91351
51847
83546
64510
73998
72886
81322
63749
75201
58991
76904
68899
77275
62928
72997
65022
95188
49072
79689
54762
106579
64050
110056
80671
113612
56605
100248
51036
101570
67987
63178
55504
88245
39304
87975
55884
75521
73107
93094
49934
86432
67998
108874
63179
90730
68488
85309
58700
73658
56055
81422
67556
107141
64290
110416
56225
103534
82945
102733
55764
95589
62337
104436
48050
91091
64280
62608
70672
88235
66515
90279
56466
62958
51737
54311
64200
83376
72696
63850
53289
73838
52187
51537
60243
121137
37871
68869
57007
88666
65212
90319
85760
51616
54943
110526
72125
62607
59351
79148
68378
106619
51947
59080
47999
70722
58119
108813
74459
79970
46026
108213
65142
78387
66264
70372
45044
86402
56907
80221
62436
82324
48741
72436
68357
85350
55173
93865
52809
91271
68909
89678
68709
62917
49262
106599
48271
68598
58078
98634
60403
91741
53771
94898
72746
60012
63700
97733
66544
104275
62446
78156
45255
77545
56025
90369
28363
114614
62357
56997
61165
81102
53300
80009
56646
93916
68438
62938
66735
96480
53951
104315
82855
79609
79449
120846
53250
107101
70802
95358
59051
81092
39473
135574
68498
91451
94778
164518
119203
75030
127739
94166
111599
91631
83636
117350
107120
79509
82444
81232
82083
68158
114404
86031
94126
135985
66254
89898
81132
87033
56396
127790
53279
84398
78557
119965
43241
90660
52869
84488
52839
88375
68378
89909
98484
85821
95068
111599
66505
79599
86522
79749
64941
78476
66855
80039
32461
105287
70753
72255
87503
82985
84127
82995
52117
89457
56135
50584
69941
76833
60733
79960
77305
52769
97663
58028
93484
38822
73217
63499
75891
78587
113202
55834
64370
78838
94196
55474
100939
67155
90519
62327
101129
57898
75361
55023
87063
65432
76403
85089
94327
84759
61425
95148
87925
66915
89808
71324
75521
69610
73998
69280
138830
83847
65352
81683
167113
38432
82174
79068
86181
86612
69741
98073
88004
57978
98594
82484
84388
114685
80451
81793
89067
92273
58289
114544
95278
94918
90369
125375
88555
101560
111118
83246
95799
53079
94176
122319
99345
106018
101250
81192
115786
96991
72926
77585
92373
72356
106389
97062
77084
76263
98104
50584
75441
97102
120555
75381
95298
77305
72406
72936
95619
93454
94326
71774
86321
99606
111278
85340
84869
77195
113061
88055
100899
70121
75822
79709
75952
102201
99286
82424
133560
57257
116447
113091
107552
70321
100247
68217
80821
93335
144070
99096
83296
72907
91872
84057
71003
95378
108884
116608
111108
75341
81011
78788
94497
118502
93986
111248
80040
133810
36168
40215
42820
41939
35847
49563
36598
40386
35867
42139
39274
45264
56936
36548
40245
41447
58840
43592
38983
38011
43241
38432
47459
40206
40796
48881
35246
41698
30768
41478
59230
40987
42510
39073
31208
38672
38562
45996
47759
33313
44653
46788
37490
45445
47028
28594
49172
51176
36809
47659
34344
47920
35376
43181
36789
52969
44624
25447
47739
34324
38953
39113
44604
32821
46086
36959
40025
35306
39724
30828
35596
42810
37640
43301
37941
56205
40626
40716
38251
39464
38803
46257
24486
35175
24045
37691
42489
36298
41548
32711
40166
40937
41227
45055
40265
38392
53150
33693
42610
38191
47629
46567
32972
37199
50044
69250
59251
36909
29626
46416
25157
40135
47990
31729
34565
41037
42379
39334
38702
38422
50675
42940
51947
36288
40646
40827
39103
46937
31880
44774
35857
61325
40456
51236
25678
34204
55033
47950
43751
35336
31779
40767
37600
34234
34996
44713
29866
28653
30647
41377
43341
36609
27201
42720
56195
40646
39083
40406
35437
37189
52568
33473
36839
56586
39624
40226
32320
37801
37901
32992
43571
40475
46357
51336
34385
47709
46757
35686
36008
39644
49813
41838
35586
61145
34665
44363
42479
40186
44794
39344
52318
46016
45515
48982
47379
44914
54001
33593
48841
40155
48591
51536
38742
40676
46967
49222
46597
41668
38111
41738
39544
45074
41938
61505
42530
34334
47298
38412
45144
40436
48331
39905
37750
34695
40165
43462
74710
47228
36358
68859
73878
44023
44152
40787
63058
40696
37079
39574
29785
44233
35948
46277
36138
43552
78767
