1443
2555
3496
2515
2595
2655
2424
2605
2575
2415
2625
2725
2465
2675
2685
2454
2514
2454
2624
2535
2475
2705
2735
2304
2565
2705
2725
2544
2725
2825
2515
2695
2405
2815
2534
2525
3697
2575
2435
2835
3477
2514
3026
2484
2435
2755
2535
2414
2835
2565
2454
2876
2725
2715
2635
2715
2705
2435
2574
2725
2485
2415
2795
2515
2495
2585
2605
2685
4178
2875
2715
2474
2524
2916
2434
3146
2705
2455
2534
2334
4088
2565
2695
2635
2535
2635
2525
2655
2645
2925
2515
2675
2534
2575
2574
2574
2585
2845
2615
2324
2925
2675
2816
2856
2635
2695
2766
2374
2755
2795
2685
2514
2635
2245
2595
2485
2304
2565
2465
2756
2615
2705
2254
2725
2775
2605
2615
2614
3086
2695
2755
2294
2545
2745
2645
2625
2665
2695
2574
2745
3135
2565
2946
4248
2685
2856
2475
2565
2715
2375
2465
2465
2444
2935
2615
3626
3126
1873
2534
2655
2565
2054
2545
2715
2665
2775
2634
2735
2414
2545
2605
2725
2525
2585
2495
2665
2475
2305
2755
2575
2605
2675
2525
2785
2775
2575
2014
2795
2495
2515
2675
2605
2444
2735
2775
2385
2736
3075
2365
1392
2505
2745
2786
2515
2635
2355
2826
2504
2655
2525
3346
2815
2465
2735
2866
2485
1934
2726
2504
2675
2094
2575
3556
2224
2755
3045
2535
2635
2405
2515
2585
1893
2665
2474
2675
2936
2504
1973
2425
2715
2815
2595
1562
2635
2815
2745
2846
2695
1753
4058
2705
2695
2094
2535
1984
2745
2485
2805
2575
2124
2916
2425
2635
2585
2655
2585
2635
2485
2865
2475
2504
2655
2915
2676
2625
2845
2505
2915
2815
2665
2775
2614
2825
2765
2776
2695
2575
2625
2735
2625
2405
2956
2645
2645
2806
2965
2745
2835
2986
2535
2935
2795
2574
2765
2725
2625
2575
2565
2445
2615
2755
2545
2555
2315
2545
2615
2645
2775
2685
2705
2595
2594
2454
2645
2425
2655
2725
2735
2655
2405
2485
2715
2705
2455
2675
2595
2575
2695
2655
2535
2765
2394
2625
2815
2565
2605
2865
2615
2815
2475
2755
5069
2645
2745
2605
2655
2505
2395
2545
2644
3136
2555
2565
2555
2665
2675
2655
2504
2645
4288
2976
5550
2735
2505
2595
2594
2725
3116
2645
2835
2926
2545
2755
2735
2695
2645
2665
2695
2715
2755
2645
2645
2705
2514
2575
2375
2715
2535
2685
2665
2735
2715
3046
2735
2585
2575
2645
2715
2605
2535
2455
2665
2776
2705
2625
2986
2575
2434
2775
2595
2695
2715
2725
2826
2495
2795
2555
2695
2685
2725
2665
2665
2575
2755
2806
2535
2594
2705
2655
2665
2495
2665
2565
3267
2594
2865
2806
2635
2795
2715
2685
2655
2855
2645
2534
2675
2565
2595
2665
2534
2595
2595
2886
11392
2364
2856
2595
2654
2595
2605
2415
3717
2675
2425
2705
2525
2635
2063
2514
2776
2505
2444
2705
2504
2845
1843
2534
2554
1472
2695
2785
2595
2495
2324
2665
2474
2424
2464
4608
2465
2524
2515
2485
2445
2514
3287
2444
2645
2435
2465
2594
2484
2445
2405
2395
2395
2455
2525
2644
2785
2515
1894
2635
2595
2534
2144
2575
2033
2865
2465
2675
2605
2705
2054
2574
1834
3106
2696
2605
2514
2635
2575
2003
2475
2595
2695
2315
2605
2705
2695
2856
2464
2585
2695
2484
1453
2474
2615
3226
2544
2936
2545
1934
2074
2274
2896
2635
2204
2084
2355
2585
2515
2584
2495
2595
2785
2545
2605
2425
2204
2464
2645
2404
2565
2555
3606
2745
2504
2465
2605
2535
2585
2474
5280
5430
2314
2374
2495
2775
2494
2485
2224
3026
2816
2395
2735
2725
2414
2996
2564
2464
4829
2405
2544
2475
4158
2756
2484
2435
2605
2615
2965
2705
2795
2395
2354
2655
2786
2474
2575
2425
2625
2745
2575
2705
2805
2695
2605
2896
2625
2635
2635
2765
2655
2544
25288
2565
2805
2715
2826
2525
2786
2675
2836
2454
2505
2795
2826
5420
3005
2565
2434
2765
2835
2625
2454
3015
2615
2605
2846
2615
2505
2524
2575
2675
2625
2725
2786
2705
2605
2725
2555
2495
2495
2655
2625
2464
2554
2705
2675
2565
2655
2715
2725
2795
2705
2545
2915
2564
2555
2484
2945
2534
2544
2876
2825
2815
2595
2595
2745
3006
2415
2725
2535
2555
2524
2765
2746
2866
2705
2695
2645
2935
3667
2685
2755
2515
2775
2715
2544
2504
3006
2545
2535
2715
2525
2755
2685
2264
2444
2344
2494
2354
2595
2505
2314
2444
2415
2435
4549
2434
2495
2775
2525
2515
2735
2305
2615
2775
2405
2565
2455
2515
2385
2725
2555
2705
2575
2845
2675
2605
2514
2635
2595
2574
2395
2675
2525
2725
2945
2535
2695
2605
2575
2855
2515
2605
2675
2605
2395
2705
2655
2675
3016
2665
2675
2384
2505
2294
2715
2564
2524
2565
2635
2875
2905
2555
2675
2755
2524
5270
2635
2766
2525
2525
4187
2755
2594
2615
5160
3116
2344
2786
2625
2645
2134
2435
2435
2865
2765
2625
2435
2485
2915
2585
2545
2545
2405
2695
2435
2866
2735
2455
2665
3787
2725
2715
2525
2605
2414
2524
2615
2826
2474
2384
2675
2615
2465
2545
2946
2415
2625
2454
2695
2675
2605
2735
2845
2584
2745
2705
2475
1573
2685
2575
2655
2735
2254
1944
2625
2725
2635
3587
2395
2595
2795
2574
2856
6051
2414
2214
2685
2705
2665
2545
2534
2455
2475
2815
3176
2735
2595
3156
2395
2515
2344
2956
2335
2775
2315
2615
2545
2555
2485
2625
2435
2675
2495
2705
2334
3707
2575
2695
2074
2936
2805
2745
2505
2625
2625
2595
2464
2765
2565
2645
2635
3487
2645
2665
2345
3006
2645
2484
3016
2645
2094
1412
2154
1603
2865
2093
3757
1573
2475
1563
2505
1493
2906
1483
2875
1513
2675
1513
4759
2224
4589
2575
2344
2585
1693
2956
2325
2394
3036
2565
3877
2504
2865
3627
2715
2584
2725
3356
2455
1803
2604
4177
2375
2164
2485
2484
2184
2525
3126
2585
2845
2655
3647
2335
2614
1473
3386
2414
1502
2564
2495
1422
2805
2475
2655
1553
2825
1633
2585
1483
2685
1573
2665
3306
2524
1583
2725
2645
1462
2474
2565
2615
1372
2876
2695
1413
2645
2745
3356
2515
1553
2535
1523
2634
1512
2706
1512
2555
1502
2604
1472
2876
1533
2545
2625
2745
2535
2564
2415
2574
2545
2665
2505
2524
2535
2525
2815
2474
2215
2555
2244
2625
2575
2706
2585
2595
2464
2745
2345
2405
2725
2274
2705
2775
2685
2475
3577
2815
2695
2625
2825
2575
2455
2755
3246
2394
2575
2505
2535
2685
2475
2415
2865
2655
2375
2425
5320
2424
4479
2595
2435
2474
2845
2575
2625
2735
2464
2494
2134
2334
2434
3798
2504
2595
3026
2404
2395
2855
2314
2395
2775
2615
2986
2334
2515
3807
2726
2936
2715
2535
2886
2565
2415
2835
2625
2655
3226
2455
3787
2765
2885
2474
2635
2905
2475
2855
2585
2594
3096
2795
2896
2374
2485
2826
2495
2685
3186
2685
2965
2394
2675
2935
2424
3326
2866
2555
2715
4779
2595
3086
2465
2404
2876
2405
2564
2905
2274
3998
2364
2765
2545
2775
2786
3566
2404
2775
2615
2385
2836
2535
2514
4007
2625
2595
2485
2395
2405
2855
2665
2535
2985
2604
2484
3005
2444
2615
3136
2595
2554
2845
2555
4508
2565
2916
2575
2445
2865
2435
2525
3126
2675
3186
2605
2775
2485
2415
2675
2615
2555
6983
2354
2485
2605
2985
2475
2836
2545
3347
2435
2575
2545
2765
2525
2494
2565
2424
2695
2625
2665
2896
2535
2485
2355
2545
2665
5110
2585
2425
2465
2515
2595
2395
2845
2485
2725
2735
2435
2815
2645
2535
2345
2604
2545
2665
2425
2605
3277
2554
2725
2525
2575
2715
2525
2845
2545
3797
2545
2665
2986
2756
2374
2835
2765
2555
3787
2695
3236
2024
2946
1432
3787
1432
2665
1533
2675
1553
2495
1533
2464
1533
2605
1452
1463
2384
1523
2555
1513
2494
1513
2464
2454
1473
2525
1553
2575
2044
2665
1573
2655
3647
2585
1593
2424
1493
2585
1463
2445
1512
2524
1552
2395
1503
2305
1543
2535
1462
2595
1533
2455
1573
2504
1493
2445
1473
2635
2544
1482
2405
1563
2454
1553
2464
1443
2475
1593
2455
1503
2504
1493
2525
1433
2665
1513
2495
1553
2354
1522
2505
1503
2294
1463
2464
1523
2545
2504
1483
2444
1523
2444
1573
1543
2464
1353
2475
1533
2405
1613
2405
1844
2394
2835
1613
2685
1623
2545
1483
2455
2525
1503
2625
2515
1463
2585
1453
2475
1493
2544
1512
2485
1482
2474
1523
2715
1472
2464
1593
2544
2595
2344
1493
2775
1543
2615
1462
2664
1673
2404
1573
2394
1513
2535
1533
2424
1603
2655
1643
2334
2685
2164
2475
2434
2655
2505
2655
2565
2865
2956
2635
2765
2504
1403
18174
2755
2965
2715
2946
2625
2575
1864
2935
2645
2525
2354
2494
2004
4809
2715
2886
2565
2084
3827
2595
2475
3055
2424
2926
2735
4308
2796
1503
5290
1483
2404
1403
2545
1473
2525
1573
2645
1593
2634
1493
2464
1483
2615
1563
2655
1543
2575
1513
2675
1452
2946
1603
2695
1533
2685
1473
2655
1704
2805
2344
1493
2805
1563
2605
1543
4338
1493
2706
1663
2635
1563
2555
1393
3256
1493
2665
2455
1783
2414
1693
2474
1493
2525
1513
2555
1523
2434
1532
2395
1613
2535
1573
2404
1493
2334
5410
1603
2675
1483
2735
1552
2595
1493
2474
1513
2424
1553
2545
1673
2525
1523
2525
1473
2385
1523
2535
2996
2595
2485
2534
2595
2695
2685
3676
2444
2645
2454
2514
2454
2695
2505
2665
2535
2645
2725
2384
2454
2484
2405
2605
2585
2624
2615
2304
2505
2434
2504
2365
2505
2494
3857
2625
2645
2404
2425
2624
2635
2384
2565
2434
2505
2424
2565
2605
2715
2916
2895
2785
2735
2565
2555
2624
2655
2695
2584
2686
2575
2595
2665
2615
2665
2525
2635
5280
2575
11852
2634
2715
2635
2384
2685
2685
2785
2885
2495
2424
2425
4599
2585
2494
2966
2053
2645
2344
2385
2565
2665
2815
2615
2996
1983
2615
1934
2655
2505
2815
2635
2645
2645
2795
2535
2575
2896
2635
2655
2555
2014
2746
2495
2585
2465
2655
1893
2615
2505
2114
2525
2675
2655
2645
2164
2595
2766
2584
3687
2965
2915
2825
2725
3777
2184
2594
1833
2585
2775
2705
2605
2665
2835
2605
1914
2816
2625
2545
2194
2735
2605
2185
5430
1784
2635
2435
2404
2535
2445
2785
3096
2735
2705
2715
2836
2685
2104
2895
2665
2725
2254
2374
2776
2404
3206
1994
3968
2735
2525
2755
1964
2404
3817
2675
2895
1964
2956
2565
1914
4138
2655
3677
2434
2956
2174
2435
3156
1853
4499
2625
3006
2595
2735
1913
2645
4608
2175
2715
1884
2935
2665
1914
2525
2645
2544
1823
2655
2745
2405
2534
2334
2715
2896
2475
2585
2665
8055
2495
1814
2445
1412
2455
2645
2675
2404
1843
2535
2725
2805
2565
2725
2364
2555
2334
2475
2675
1884
2424
2655
2685
2014
2825
1933
2625
2375
2625
2354
2715
2104
2495
2735
2886
2595
1402
2495
2605
2475
3727
2515
1973
2735
2495
2775
2525
2655
2545
2965
2524
2745
2515
2545
2716
2825
2475
3997
2836
2514
2375
3838
2534
3577
2154
2675
1954
3897
2655
2755
2835
2515
1974
2815
2384
3005
2074
2725
1984
2625
1563
3396
1653
3567
1553
2755
1633
5530
1543
2324
1533
2564
1583
2395
1523
2534
1563
2505
1512
2706
1522
2655
2785
2425
1433
2655
1513
2614
1553
1443
1513
2414
1493
2545
1493
2645
1492
2555
1563
2465
3196
2515
1533
2816
1472
2505
1592
2424
1543
2465
1393
2514
1512
1373
1523
2474
1483
1383
1563
2464
1513
2415
2374
1382
2304
2424
2535
2424
2555
2554
2695
2485
2485
2515
2365
2445
2595
2505
2385
2534
2565
2305
2485
2585
2295
2514
2364
2455
2635
2375
2554
2765
3026
2434
2525
2605
2595
2585
2604
2494
2534
2384
2885
2525
2535
2415
2444
2214
2695
2605
2655
2605
4679
2655
2344
4368
2495
3467
2454
2514
2445
2544
2474
2524
2806
2775
2444
2364
2665
2726
2725
2585
2735
2575
4589
2505
2494
2314
2505
2385
2455
3557
2685
2555
2375
2464
2405
2414
2525
2485
2485
2565
2454
2505
2395
2525
2345
2575
2495
2475
2384
2515
2464
2524
2515
2665
2675
2665
2524
2614
2495
2665
2545
2685
2996
2695
2595
2705
2695
2575
2735
2465
2806
2745
2675
2604
2705
2515
2796
2645
2505
2615
2595
2554
2705
2575
2765
2695
2515
2735
2645
2495
2675
5430
2594
2464
2685
2735
2665
2634
2604
2375
2705
2475
2585
2775
2565
2825
2625
2846
2615
2776
2765
2675
2624
2524
2685
2815
2766
2655
3326
2735
2655
2405
2635
2445
2755
2404
2735
2675
2364
2384
2534
2555
2374
2554
2595
2615
2715
2525
2414
2575
2565
2765
2625
2445
2374
2565
2655
2635
2595
2745
2535
2675
2635
2625
2805
8616
2755
2485
2594
2625
2665
2805
5099
2435
2625
2785
2685
2695
2895
2695
2685
2495
2645
2374
2685
2614
2595
2755
2635
2776
2615
1904
2505
1944
2414
1834
2835
1923
2535
2675
2775
2464
1883
2435
2695
2585
2675
1903
2825
2675
2886
2195
2575
2695
1974
2685
2514
1934
2574
2595
3015
2755
3006
2795
2695
2635
2895
2855
3947
2996
2624
2836
1993
2455
2384
2284
2655
2515
2825
2675
2675
2605
1963
2595
2796
2866
2585
2615
2695
2805
2554
2434
2685
2604
2595
4739
2745
2825
2645
2565
2605
2725
2625
1854
2655
2204
2394
2264
2495
2575
2004
2525
2916
2585
2766
1883
2535
2866
2003
2515
2685
2605
2815
1894
1964
2895
2485
2886
1853
2615
3737
2655
1953
3206
2766
4598
2414
2875
2686
3948
2454
2866
1854
2505
3757
4999
3787
1833
2875
2615
2434
2404
2344
2705
1984
2505
1522
2515
1503
2414
3958
2665
3185
2726
1513
2564
1543
2715
1533
2535
1573
2574
1432
3327
2365
1522
4258
2525
1903
2675
2725
2464
2725
2514
2595
2695
2685
2494
2564
2394
2665
2605
2635
2385
3226
1563
2655
1443
2625
1583
2605
1472
2554
1513
2515
1533
2605
1463
2595
1403
2604
1493
3456
1513
2555
1322
2715
1422
2534
1513
2385
1433
2475
1473
2454
1423
2344
1483
2435
1734
2565
1744
2244
1442
2545
1473
2625
1443
2274
1372
4589
1443
2384
1413
2415
1402
2505
1583
2325
1472
2224
3396
1493
2615
2364
2574
2285
3507
2485
2625
2444
3416
2395
2945
2404
2564
2284
2495
2324
2555
2535
2655
2495
2574
2414
2495
2325
2535
2375
2454
2474
8126
2415
2475
2374
2705
2234
2575
3587
2465
2465
2655
2385
2685
2434
2996
2374
2675
2765
2745
2344
2445
2325
2675
2524
2344
2355
2615
2344
2445
2434
2545
2475
2625
2524
2986
2555
3256
2385
1403
2514
2395
1423
2405
1433
2645
1513
2495
1593
2464
1533
2414
1462
2424
2515
1573
3978
1533
2584
1392
2415
1422
2415
1473
2415
1453
2515
1473
2554
2404
2865
2344
1523
2444
2314
1422
2365
1483
2485
1363
4077
1442
2334
1443
2364
1493
2324
1463
2354
1393
2304
1442
2395
1493
2234
1593
2464
2434
1483
2405
1393
2434
1523
2284
3065
2404
1492
2394
1463
2435
2445
2424
2364
2304
2555
2354
2234
2435
2685
2285
2865
2445
4017
2485
4048
2344
3286
2365
2545
2305
2535
2444
2434
2305
2385
2364
2134
2305
2324
2425
2515
2545
2495
2285
2324
2385
2375
2385
2494
2405
2264
2465
2274
2384
2394
1543
2354
1533
2475
2605
1442
2514
2324
1473
2755
1413
2555
1513
2575
2435
1422
2384
5160
1432
2645
1523
2605
1543
3506
2344
1463
2605
1363
2435
1412
2545
1412
3586
1403
2324
3276
2465
2705
1463
2555
2655
1453
2535
1453
2285
3196
2394
1393
2445
1513
2514
1422
2375
1482
2474
1413
25999
1402
2625
1493
2374
1423
2364
1453
2645
1483
2475
1523
2574
1413
2565
1433
2665
1553
2334
1362
2484
1453
2385
1402
2444
1483
2555
1463
2735
1553
3486
1453
2525
1453
2485
1423
2484
1503
2375
1533
2405
1443
2394
1272
1413
2444
2785
1443
2575
1864
2876
1363
2515
1523
2645
1503
2855
1463
2385
1473
2725
1433
2484
1463
3587
1453
4168
1383
2665
1352
2605
2655
1452
1382
2795
1483
2635
1363
2756
1483
1382
1492
2335
1533
2344
1473
4338
1473
1353
1413
2445
2454
2444
1413
2375
2425
1393
2285
2555
1363
2345
2545
2415
2364
2525
2635
2325
2575
2555
1383
2464
2464
2415
1473
2314
1553
2334
1392
2365
1522
2254
1382
2444
1393
2494
1432
2465
1452
2315
1543
2505
1433
2595
1303
1463
14758
1513
2374
1372
2404
2445
1393
2324
1453
2354
1583
2515
1343
2344
1452
2475
1493
2414
1443
2345
1453
2395
1483
2384
4829
1413
2394
1503
2525
1423
2535
1432
2455
1472
2355
1452
2494
1523
2365
1563
2474
1463
2395
1433
2284
3627
2214
1422
2465
1503
2535
1453
2405
1403
2335
1422
2415
1393
2605
1453
2295
1493
2595
1452
2384
1422
2384
1432
2354
1463
2184
1382
2344
1443
2555
1463
2314
1573
2445
1442
2484
1463
2414
1382
2455
1462
2395
1442
2265
1202
1483
2415
1433
2605
1503
2575
1363
2655
1563
2515
1463
2435
1453
2495
1533
2374
2455
1362
2505
3486
4678
1372
2675
1503
2385
1533
2385
1543
2274
1412
2404
1422
2294
1453
2254
1392
2515
1422
2434
1462
2434
1463
2354
1453
2454
1492
2495
1573
2445
1473
2364
1432
2394
1553
4268
1483
2515
2434
1513
2404
1453
2375
1553
2314
1523
2395
1523
2545
1543
2414
1443
4698
1472
2334
1553
2495
2384
1583
2405
1182
1433
2444
2495
1573
2535
1703
2454
1523
2485
3386
2595
1392
2414
1403
4478
1542
2355
1593
2555
1423
2414
2605
1553
2234
1714
2254
1533
2375
1463
2284
1483
2385
1492
1532
2234
1412
2324
1393
2465
1442
2294
1453
2475
1463
2595
1413
2505
1523
2485
1593
2224
1333
1282
1473
2365
1432
2314
1513
2264
1463
2605
1503
2294
1693
1533
2405
1513
2365
1372
2354
1553
2254
1343
2275
2324
1493
2725
1443
2455
1583
2615
1483
2365
1513
2515
1413
2344
1532
2405
1462
2284
1413
2214
1453
2545
1482
2274
1372
4528
1383
1413
2394
1813
1453
2374
1403
2464
1423
2434
1583
2204
1523
2415
1513
2535
1462
2364
1442
2414
1734
4559
1433
2475
1383
2535
1583
2715
1482
2455
1563
2494
1523
2534
1463
2485
1473
2595
1352
2595
1503
2555
1462
2435
3526
2365
1553
2384
2304
1432
2644
1462
2514
1423
2645
1543
2465
1543
6782
3346
2404
1482
2514
2435
1473
2244
1413
7504
1522
2375
1503
2434
1493
2244
1392
2404
1523
2495
1543
2425
1442
2315
1893
2534
1523
2435
1503
2465
1463
1453
2374
3487
2434
1493
2425
1423
2455
1473
2545
1503
2354
1462
2505
1523
2474
1373
2465
2274
1583
2374
1453
2384
1412
2464
1603
2334
1422
2364
1433
2555
1453
2365
1623
2374
1472
2364
1522
2414
1453
2595
1523
2475
1543
2444
1422
2474
1362
2254
1422
1433
2335
1452
2415
1482
2464
1402
2395
1343
4528
1462
2385
1513
2394
1452
2494
1452
2355
1312
1362
2574
1343
1473
2675
1373
2495
1453
2475
1192
1453
2404
1503
2525
1483
2284
1863
1653
2424
1443
2415
1453
2425
1423
2295
1523
2385
1493
2424
1463
24105
1442
2494
1483
2505
1473
2495
1442
2374
1473
2415
1432
2535
3406
2515
1423
2414
1533
4669
1443
7865
1513
2445
1503
2374
1432
2445
1442
2474
1422
2485
1473
2435
1543
2415
1483
2605
1473
2395
1443
2464
1473
2455
1402
2345
1583
4138
1412
2254
1443
2375
1403
4429
1412
2395
1473
2214
1523
2515
1553
2605
1513
5821
1462
2384
1443
2525
1443
2445
1432
2335
1332
1443
2395
1402
2305
1393
2354
1403
2294
1412
2454
1543
2475
1513
2455
1432
2545
1493
2395
1513
2404
1453
2434
1412
2284
1433
2404
1483
2365
1473
2495
1422
2355
1492
2365
1392
2384
1493
2645
1533
2425
1553
2505
1542
2415
1453
2164
1353
2525
1733
2344
1372
2415
1313
2484
1463
2404
1393
2374
1503
2535
3056
2484
1352
2395
1323
2355
3036
2445
1483
2435
1463
2415
1473
2455
3196
2585
1423
2274
1513
2485
1433
2394
1543
2375
1503
2415
1473
2565
1342
2344
1502
2415
2535
1352
2435
3256
2334
1573
2344
1553
2404
2384
1323
2475
2395
2535
1363
2474
2545
1392
2424
2345
2495
2454
2494
2424
2445
2384
1443
2464
2544
2324
2384
2354
2405
2585
2415
2374
2334
2554
2414
2655
2424
2375
1343
2495
1473
2405
2444
2455
2575
1343
2425
2384
2575
2604
2355
2324
2454
2474
2474
2414
2545
2515
1442
2505
2385
2504
2574
2474
2405
1483
2364
2424
2475
2385
2254
2544
2475
2545
2574
2224
2434
2484
2514
2484
2365
2445
2505
2364
4278
2405
2445
2515
2385
2295
2404
2485
4218
2244
2414
2335
2364
2394
2565
2474
2334
2495
2444
2715
2294
2375
2444
2555
2354
2495
2385
2364
2425
2525
2565
2435
2414
2454
2335
2344
2434
2304
2635
2434
2495
2474
2455
2354
2364
2295
2484
2455
2405
4649
2364
2294
2284
2394
2585
2465
2454
2494
2414
2305
2364
2494
2515
4248
2465
2354
2685
4168
2414
2605
2394
2375
2354
2465
2785
2364
2445
2354
2415
2314
2585
2264
2515
2605
2605
2455
2515
2755
2354
2715
2455
2444
2535
2355
2474
2295
2565
2435
2545
2415
2274
2425
2655
2494
4429
2424
2365
2585
2565
2575
2504
2385
2445
2324
2615
2355
2414
2365
2404
2505
2415
2405
2615
2304
2544
2345
3276
2395
2345
2494
2454
2535
2275
2495
2474
2484
2345
2344
2475
2655
2634
2524
2335
2425
2435
2665
2365
2465
2515
2344
2355
2334
2174
2715
2435
2475
2494
2545
2394
2344
2404
2354
2315
2424
2404
2385
2344
5210
2495
2444
2454
2384
4288
2535
2314
2365
2755
2384
2394
2454
5129
2385
2484
2385
2374
2464
2324
2275
2425
2455
2425
2455
2395
2314
2535
4799
2325
2454
2495
2204
2535
2395
2545
2484
2344
2355
1914
2455
2164
2294
2104
2355
2274
2434
2384
2304
2454
2465
2354
2364
2515
2004
2495
2174
2414
2064
2385
2505
2374
2585
2374
2294
2325
2605
2264
2405
2625
2405
2334
2976
2415
2354
2424
2365
2445
2595
2384
2334
2475
2515
2444
2385
2554
2454
2535
2544
2575
2345
2485
5110
5000
2344
2344
2324
2364
2415
2495
2334
2505
2505
2455
2505
2444
2404
2384
2425
2445
4428
2334
1503
2485
1552
2434
1463
2675
1503
2214
1433
2414
2965
2405
1392
2355
1463
2555
1402
2334
1493
2425
1432
2415
1332
1463
2675
1473
2265
1442
2265
1503
1583
2484
1824
1553
2485
1533
2525
1472
2475
1493
2465
1473
2434
1463
2675
1413
2495
1352
2485
1562
2345
1332
1423
2314
1392
2465
3447
2665
1483
2364
1523
2485
1392
1502
2364
1522
2405
1422
2655
2394
1463
2205
1453
2384
1463
2324
2395
1493
2525
1402
2395
1483
13997
1463
2234
3326
2324
1462
2314
1503
2445
1523
2405
1493
2475
1482
2505
1543
2344
1513
2505
1423
2465
1513
2335
1483
2294
1513
2435
1492
2434
1462
2405
2314
1453
4649
1493
2405
1422
2315
1513
2525
1482
2625
1523
2455
1483
1533
2494
1443
2315
1493
2425
1522
2364
1453
2434
1462
2465
1423
2675
1513
2274
1503
2465
2484
1423
2344
2344
1463
2415
1503
2435
1523
2485
1443
2454
1393
2514
1453
2475
1523
2474
1422
2425
1513
2505
1463
2414
1432
2535
1493
2565
1343
1393
2405
1282
1412
2355
1272
1453
2455
2464
1533
2425
1553
2294
1512
2545
2415
1473
2465
2535
1613
2394
1573
2515
1593
2365
2355
1432
2315
1423
2224
3216
2284
1413
4148
1463
2274
1473
2365
1483
2325
1422
2374
1513
2514
1483
2394
1503
2385
2725
2425
1493
2354
1533
2585
1513
2345
1402
2605
1462
2375
1473
2365
1512
2405
1432
2514
1523
2404
1463
2325
1302
1433
2394
1483
1432
4669
2414
2355
2555
2254
2575
2484
3577
2385
2455
2425
2515
2364
2455
2525
2465
2334
2424
2414
2625
2484
2574
2535
2304
2585
2455
2304
2445
2435
2425
2374
2374
2315
2374
2305
2434
2364
2474
2585
2304
2565
2444
2635
2415
2565
2514
2244
2525
2505
2465
2495
2325
2405
1473
2414
2756
2434
1423
2375
3647
2415
1523
2395
1503
2565
1392
2445
1413
2394
1463
2384
1493
2364
1473
2314
1443
3857
1503
2535
2484
2524
1433
2374
1512
2615
1472
2284
1543
2484
1403
2454
1312
2435
1553
2394
1463
2415
1463
2434
3947
2234
1523
2655
1433
2424
1492
2325
1472
2444
2344
2064
2625
2014
2344
1513
2364
1563
2375
1502
2445
1453
2635
2445
1503
2394
2144
2474
2004
2525
1512
2635
1513
2284
1723
2284
1463
2274
1523
2424
1513
2335
1442
2415
1613
2555
2905
2404
1453
2484
1423
2184
1433
2324
1353
2595
1483
2445
1483
2665
1443
2425
1563
2605
1443
2234
1482
2335
1403
2435
1443
2364
1453
2435
1523
2374
1613
2484
1413
2435
2816
2354
1473
4909
1472
2344
1443
2464
1423
2405
1463
2294
1453
4398
1433
2405
1532
2415
1513
2274
1493
2355
1432
2645
1372
2525
1362
2284
1443
2645
1503
2435
1563
2404
1513
2395
1292
2976
2414
1463
2525
1553
2485
1472
2495
1533
2565
1583
2455
1473
2374
1513
2354
3517
2484
1443
2435
2385
1473
2394
1423
2465
1553
2474
1283
2464
1523
2324
2946
1613
2435
1552
2465
1512
2455
1432
2335
1443
1433
2424
1423
2404
2144
1482
2535
1934
2665
1913
1413
1353
2545
1443
2745
2505
2485
2485
24536
2514
2345
1422
2595
2485
2534
2665
2615
2515
2725
2164
2335
1422
5260
1723
2275
2244
2565
1493
2415
2524
2725
2525
2365
2235
2525
2354
2404
2354
4478
1413
2705
2585
2604
2384
2524
2515
2304
2254
2735
13395
2685
2515
1543
2474
2825
2505
1413
2524
1473
1463
2475
1323
1473
2355
1433
1363
2455
1372
2515
2675
2485
1793
2725
1512
2344
1463
2454
1473
1413
2264
1934
2565
1383
2374
2174
1252
1823
2535
3266
2455
2775
2535
1533
2374
1573
1473
2475
1433
2354
1884
1643
1923
2695
1432
2495
2174
1623
1994
2565
1472
2635
2525
2875
2614
2444
2585
2354
2284
2705
2325
2384
2345
2425
2364
2404
1473
2345
2736
2575
2535
2304
2365
2375
1473
2415
2295
2555
2885
6442
2304
2325
2194
2545
2444
2685
2675
2445
2254
2455
2324
2375
2364
2385
2325
2495
2565
2414
2515
2375
2295
2454
2514
2565
2495
2575
1503
1813
2405
1292
1894
1813
1553
1843
2836
1372
1894
1994
2625
2124
2485
1362
2565
2565
1302
2565
2715
2605
4389
2435
1453
1883
2475
1583
2484
2084
2515
1913
2645
1563
2595
1553
1412
2424
3156
2414
1634
2575
1422
2545
1293
1403
2564
1403
2405
1763
1854
2695
1423
2325
2224
2465
2595
1443
2435
2474
2345
1513
2295
2505
1543
2444
2534
2575
2374
2515
2415
2264
2294
1503
2455
1502
2325
2535
2374
2575
8626
2524
2445
2405
2545
2315
2405
1553
2554
2574
2534
2585
2605
2515
2394
2315
2414
2755
2444
2315
2394
2304
1473
2404
2405
1643
2254
2345
2585
2534
2585
4618
2494
2365
2564
1613
2625
2625
1603
2665
2525
2795
2645
2415
2375
2555
2655
1493
2585
2725
2665
2635
2605
2746
2585
2545
2434
2574
2866
2505
4829
2725
2836
2575
2464
2404
2564
1853
2425
1803
2685
2365
2595
2595
2736
2715
1633
2375
2485
1503
2454
2264
1393
2384
2545
4809
2945
1363
2104
2434
1353
2665
2555
2746
2395
2584
2635
2575
2815
2295
2304
2224
2304
2304
2274
2495
2564
2495
2374
2655
2705
2435
2414
2344
2434
2505
2565
2525
2485
2545
2444
2715
2826
5140
2675
2324
2384
2605
2264
2475
2465
2314
2515
2394
2385
2605
2545
2555
2545
2755
2675
2534
2405
2425
2254
2384
2625
2655
2334
4018
2545
2584
2625
2635
2315
5089
2495
2655
2575
2305
2434
2485
2395
5160
2334
5891
2635
2404
2264
2465
2154
2094
2554
2545
2585
2404
2244
2514
2685
2464
2535
2785
2685
2655
2344
2595
2565
2154
2615
2715
2615
2625
2415
2545
4749
2314
2645
2224
2735
2505
2645
2264
2525
2545
2425
2404
2344
2264
2435
2505
2665
2475
2765
2505
2615
2695
2485
2445
2474
2595
2625
2475
2705
2595
2805
2374
2334
2474
2675
2284
2415
2685
2375
2665
2614
2575
2464
2395
2515
2625
2525
2735
2454
2966
2645
2775
2374
3055
2545
3266
2695
2395
2354
2786
2515
2464
2224
2394
2815
2505
5360
2985
2745
2765
2655
2334
2645
2524
2865
2545
2665
2324
2385
3196
2324
3607
2665
2575
2244
2454
2514
2465
2495
2765
2494
2665
2425
2395
2915
2374
2826
2775
2625
2385
2585
2895
2725
2475
3286
2395
2515
2836
2775
2264
3056
2545
2395
1894
2555
2475
2475
2374
2635
2505
2505
2695
2455
2605
2394
2494
2395
3336
2465
2615
2655
2685
2504
2555
2645
2595
2635
4809
2305
2364
2695
4910
2284
2675
3416
2505
2745
2575
2665
2445
3075
2304
5129
2314
4649
2474
3867
2474
2995
2645
2465
3176
2545
2996
2465
6763
2654
2575
2515
2655
2775
2695
2525
2665
2484
3777
2495
2294
2455
2574
2655
2605
2385
2705
5200
2575
2715
2595
1813
2585
2765
2735
6312
2474
2665
2535
2675
2725
2705
2655
2605
2755
2605
2435
2725
2785
2384
2625
2665
2775
2625
2625
2354
2345
2545
2605
2885
2846
2726
2614
2064
2344
2605
2665
2925
2785
2574
2946
2665
2494
2424
2585
2625
2435
2354
2775
2434
3526
2605
2354
2374
2345
2304
2785
2505
2324
2384
2435
2485
2435
2365
4949
2554
3146
2595
2574
2465
2485
2354
2975
2525
2645
2434
2495
2504
2454
2355
2725
2485
2715
2545
2424
2345
2645
2645
2314
2665
2615
2544
2615
2906
2555
2424
2515
2405
2615
2545
2635
2625
2895
2685
2514
2635
2515
2404
2224
2745
2354
2405
2595
11061
2435
3136
4749
2575
2555
2294
4689
2445
2504
2675
2615
2945
2555
3006
2414
2505
2956
2584
2585
2895
2745
2525
2816
2785
2745
2595
2424
5460
2745
3036
2645
2535
2665
2605
3036
2946
2425
2685
3917
2365
2635
2866
2345
2715
2574
2655
2275
2495
2424
2936
4108
3857
2564
2885
2415
2415
2455
2505
2425
2635
2625
2484
3416
2755
2574
2544
3847
2555
2554
2565
3326
2434
2544
2335
2595
2435
3196
2465
2424
2335
2464
2565
3887
2134
2605
1954
2755
1843
2555
2425
2585
2555
3677
4369
2725
2394
2504
2264
2314
2765
2225
4478
2505
2645
2414
3537
2324
2395
2455
2625
2474
2756
2335
2585
2535
2094
2645
2064
2304
2675
2575
2585
2504
2484
2494
3837
2404
2635
2565
2635
2414
2465
2515
2545
2445
2494
2565
2505
2334
2775
2425
2585
2384
2504
2415
2595
2514
2535
2425
2424
2394
2475
4699
2374
2695
2505
2644
2445
2644
2555
2615
2304
2254
2184
2475
2634
2706
2324
2414
5009
2695
2675
2555
2294
4708
2315
2545
2374
2505
2264
3186
2485
3296
2836
2866
2485
3005
2394
2464
2374
2645
2424
2555
2494
2935
2334
2554
2364
2645
2374
1833
2695
2444
2816
2294
2444
2445
2324
1393
2485
1593
2654
2585
2544
4037
2505
2485
2595
2334
2726
2514
2454
2394
2905
2404
2634
2365
2565
2384
2525
2465
2595
2595
5260
2394
2685
2515
2344
2715
2294
2474
2344
2755
2775
2565
2074
2765
2525
2364
2495
2645
2415
2685
2344
2525
2425
4157
2715
2615
2485
2605
2675
2675
2665
2775
2585
3587
2685
2815
2635
2986
2525
2795
2725
2765
2905
2785
2775
2855
2645
2524
2755
2485
2726
2575
2475
2845
2495
2204
2705
2384
2755
2454
2875
2565
2835
2514
2745
2524
24396
2445
2495
3006
2555
3126
2565
2525
2545
2816
2565
2675
2605
2886
2354
2535
2474
2836
2515
2805
2525
2715
2345
2685
2464
2685
2705
2494
2455
2525
2515
2555
2174
4548
2695
4268
2585
4188
2475
2695
2395
2334
3105
2514
2395
2615
4819
2635
2795
2535
3096
2605
2645
2565
2836
2424
2895
2715
2665
2394
2364
2645
2635
2295
2795
2595
2445
2825
2685
2585
2434
2845
2655
2665
2645
2575
2665
2484
2645
2495
2605
2495
2645
2534
2655
2575
2765
2504
2826
2625
2605
2585
2475
2785
2615
1924
2675
2424
5881
2545
2565
2535
2805
2625
1363
2215
1253
2415
2264
2615
2595
2675
1944
2565
2514
2635
2645
3236
2494
2535
2605
2825
2555
1833
2585
2675
2585
4619
2435
2545
2785
2836
2565
2745
2715
2725
2003
2515
1843
13836
2504
2003
2465
2084
2695
2124
2204
2134
2024
1844
1493
2695
2094
4889
1282
2475
1844
2665
2094
3015
2575
2515
2585
1303
2625
2595
2866
2535
2654
2564
2565
2534
2595
2946
2645
5110
2635
2444
1473
2585
2655
2295
1222
2745
2464
1293
1964
2425
1804
2605
1232
1974
2835
2014
2705
2044
2395
2525
2524
2605
2445
1242
4498
2444
1232
1914
2525
2014
2615
2064
2745
2726
2675
2474
2625
2715
2775
2675
2525
2625
2846
2625
2805
2554
2715
4509
2785
2445
2785
2675
2404
2394
2615
2515
1853
2856
1884
2405
5560
2866
2785
1833
2515
1884
2595
2485
2665
2345
2605
2635
2615
1913
2645
2494
2564
2615
1864
2595
2054
2755
2415
2074
2675
2345
2565
2575
2505
2645
2304
2535
2334
2645
2835
2305
2875
2585
2354
2584
2535
5260
2505
1953
2445
2634
2524
2555
2544
2345
2534
2455
2645
2515
2455
2505
1973
2395
2474
2003
2455
1914
2455
1894
2475
1784
2544
2385
2485
2485
4228
2424
2475
2425
2525
2625
2434
2575
8506
2375
5000
2435
2445
2495
2644
2494
2555
2555
2555
2505
2585
2515
2524
2525
2525
3677
2645
2414
2324
2625
2444
2584
2675
2555
2395
2545
2325
2314
4869
2384
5560
2354
2364
2394
2675
2415
2284
2685
2715
2374
2846
2565
2485
2444
2575
2314
2365
2294
2695
2495
2705
2624
2564
2494
2435
2435
2665
2394
2355
2875
2385
2305
2495
2525
2495
2695
2525
2595
2595
2695
2384
2725
2675
2665
2545
2685
2475
1462
2625
2395
1423
2565
2455
2635
2615
2855
2404
2604
1353
2495
2464
2345
2515
2384
1493
2545
2294
2545
2144
2635
2194
2605
2234
2625
2064
2655
2034
2515
2124
5501
2014
2775
1994
1393
2765
2144
2645
2264
2545
2284
2665
2204
2634
2294
2755
2054
2615
1423
2154
2485
2104
2655
2434
2074
2425
1914
2534
2595
2374
2615
1453
2124
2474
2074
2525
2064
2625
2054
2544
2534
2375
2614
2675
2164
2355
2465
2104
2705
2445
2846
2424
2565
2344
2485
2204
2584
2554
1993
2585
2595
2094
2384
2635
2194
2555
2605
2574
2104
2605
2574
2244
2434
2454
2104
2515
2555
2424
2014
2474
2455
2534
2195
2524
2545
2555
2053
4729
2414
2054
2254
2575
4278
2344
2314
2204
2284
2655
1974
2545
2555
2054
2695
2534
2474
2064
2545
2625
2415
2084
2474
2334
2154
2374
2445
2044
2535
2525
2574
2004
2424
2494
2324
2595
2475
2094
2535
1933
2484
2625
2204
3777
2574
1893
2295
2415
2334
2154
2345
2534
5030
2124
2435
2305
2104
2415
2545
2104
4288
2435
2174
2264
2726
2084
2535
2555
2103
2484
2875
2224
2524
2715
2534
2514
2565
2374
2705
4799
2294
2525
2465
2314
2524
2585
2304
2575
2614
2114
2615
2244
2575
2805
2735
2184
2555
2345
2454
2394
2013
2244
2364
4308
2625
2564
2665
2514
2615
2475
2414
2254
2474
2425
2575
2395
2575
2455
11622
2545
1533
2665
2484
1934
2625
1422
2364
2204
2415
1393
2484
1522
1413
2665
1583
2154
2465
2394
1453
2455
1312
1503
2484
1382
1774
2585
1613
2655
2715
2715
1513
2405
1523
1803
2505
1452
2525
2746
2515
1553
2354
1443
1593
2355
1673
1482
2474
1573
2545
1382
1392
1382
2345
3376
2384
2675
2485
2104
2344
1403
2355
1433
2284
1623
1443
2495
1643
2294
2555
2455
1503
2404
1393
1422
2394
1493
2364
2545
2544
1783
2494
2585
2505
2565
1883
2495
2365
2435
3977
3797
4819
2505
2284
2484
2494
1904
2635
2424
2565
2845
2555
2505
2795
2495
2465
2735
2195
2394
2274
2665
2805
1944
2806
2515
2364
2284
2565
1773
2584
2395
2755
2575
2725
2565
2445
2555
2555
2464
2765
2615
2555
2354
1883
2695
2565
2675
2424
2414
2785
2545
2445
2554
2675
1833
2585
2254
2635
4518
2755
2655
2525
2695
2806
2364
6262
2835
2564
2565
2495
2664
2535
2655
2384
2645
2584
2494
2495
2395
2615
4698
2564
2284
2465
2695
2545
2605
2605
2555
2655
2595
2565
2735
2815
2464
3787
2405
2705
2224
2505
2555
2866
2534
2895
2545
3567
2635
2304
2475
2855
2264
2625
2394
2575
2394
3757
2415
2575
2534
2705
2565
2515
2574
2535
2595
2565
2635
2766
2375
8136
2254
2265
2275
2394
2365
2605
2524
2534
2364
2374
5441
2454
6873
2565
2414
2455
2564
2264
2605
2605
2575
2655
2504
2585
2014
2935
2234
1312
2685
3296
2595
2745
2655
2615
2615
2665
2595
1793
2765
2585
3005
2504
2985
1954
2444
1823
2895
1824
2515
2716
2635
2585
2665
2655
2485
2805
2265
2414
2595
2595
2374
2715
2675
2415
2474
2334
2374
2405
2545
2514
2425
6412
2455
2495
2986
2345
2585
2534
2675
2715
2515
5430
2395
2765
2455
2405
2725
2344
2315
2575
2484
2584
2454
2405
2665
4708
2364
2374
2425
2685
2655
2756
2404
2695
2395
2514
2505
2374
2544
2374
2424
11271
2755
2324
2495
2504
2385
2405
2485
2435
2484
2776
2555
2545
2584
2535
2425
2444
2796
2384
2464
2514
2324
2495
2645
2395
2555
2735
2535
2645
2364
2435
2595
2364
2614
2574
2325
2545
2415
2565
2595
2584
2595
2685
2405
2395
2405
2605
2645
2625
2584
2444
2625
2645
2404
2525
2415
2585
2625
2635
2304
7614
2635
2475
2425
2505
2585
2565
2454
2565
2415
2585
2585
2475
2395
2624
2475
2525
2425
2384
2454
2685
2525
2514
2685
2615
2354
2274
2425
2584
2475
2504
2484
2565
2775
2425
1753
2384
2495
2495
2064
2534
1803
2585
2485
2384
2555
2414
1863
2925
2665
2625
2535
2525
2494
2535
2354
2525
2635
2766
2364
2455
2484
2434
2474
2655
2615
2044
5470
2474
4889
2565
2554
2284
2454
2525
2625
2134
2736
2645
2495
2304
2304
2224
2395
1923
2544
2454
1873
2615
2594
2575
2043
2404
1874
2605
2565
2815
2605
2535
1783
2624
2294
2475
2605
2455
1793
2564
2475
2574
2414
1933
2625
2465
2485
2635
2535
1453
2314
2675
2534
2475
1643
2414
2475
2405
2475
2004
2384
1793
2886
2635
2234
2455
2455
2856
2385
1924
2595
2435
2415
2414
2054
2524
2395
2535
2445
2575
2454
2465
2545
2525
2485
2575
2405
2314
2625
2384
2475
2475
2625
2324
2495
4569
2445
2474
2344
2635
2455
2495
2584
2495
2424
2444
2585
2304
2335
2625
2404
2765
2535
2705
2414
2504
2826
2465
2364
2564
2495
2344
2946
2285
2785
2595
2375
2424
2535
2625
2284
2705
2435
2234
2445
2305
2444
2795
2344
2405
2305
2434
2495
2354
2335
2645
2415
7524
2525
2455
2525
5009
4789
2575
2776
2535
2555
2595
2565
2705
1453
2795
2575
2144
1463
2384
3717
2575
2494
2645
2514
2504
2374
2805
3677
1372
2485
2404
2564
2634
2284
2464
2314
2655
2474
2395
2384
2454
2395
2394
2505
2435
2444
2485
2415
2345
2685
2184
2335
2455
2735
2624
2634
2534
1363
2394
2364
2715
2595
2765
2775
2735
2545
2455
2565
2645
2404
1884
2535
2515
4749
2385
2465
2595
2495
2585
2715
2604
1963
2455
1953
2485
2645
2505
2696
2525
2845
4579
1503
2755
1412
3567
2265
2755
2304
3126
2484
2415
2365
2605
2695
2455
2715
2825
2355
1493
1393
1763
2535
1934
3536
2475
2585
4558
1854
3597
2445
2845
11913
2445
2865
2525
3085
2354
2845
2635
2534
2585
3657
2474
2625
2725
2365
2585
3566
2705
2474
2395
2484
3627
2534
2485
2385
2334
2955
2484
2605
2094
2395
2695
2555
2394
2805
3557
4619
2695
4789
2765
2585
2475
2755
2464
2505
2634
7835
2325
2806
2505
2575
2485
2635
2645
2445
1373
2465
2655
2915
2485
2535
3497
2465
2305
3417
2425
2725
2475
3045
2454
3897
2635
2515
3757
2385
6742
2685
2404
1363
2434
2344
2535
2484
1383
2254
2414
2735
2274
2424
2595
2374
2555
1913
2505
1883
2645
2605
2594
2394
1954
2855
2645
2715
2094
2434
1894
2515
2154
2395
1573
1863
1413
2604
2063
2284
2234
2334
2094
2675
1523
1794
1403
2444
1904
2484
1853
1412
2485
2034
2415
2524
2344
1542
1814
1333
4469
1944
2474
2535
2465
2334
2565
2685
2364
2414
1954
2414
2004
2604
2294
1864
2675
2635
2786
2655
1983
2275
2485
4248
2535
2114
2645
2414
2725
2475
2535
2615
2504
2154
2575
1423
2505
2495
2735
2795
2425
4799
2404
2505
1503
2465
2715
2485
2474
1513
2575
2685
2424
2645
2685
2404
6773
2755
2575
2345
2294
2545
1904
2564
2645
2675
2384
2074
2314
2375
2504
2475
2695
2555
2575
2505
2565
2635
2555
2294
2445
2515
2425
2555
2605
2355
2544
2003
2475
1933
2575
2415
2405
2285
2435
1954
2906
2444
2555
2384
2344
2665
5320
2655
2445
2895
2405
2525
2866
2385
1754
2655
2766
2435
7273
2495
2475
1874
2565
2715
2515
2255
1803
2615
2665
2595
2605
1923
2574
1993
2645
2414
2455
1994
2755
1714
4919
2404
2605
2004
2856
2114
2454
2515
2425
2484
2595
2494
2515
5219
2434
2755
2485
2004
2445
2806
2435
2695
2114
2445
2755
2384
1963
2665
2635
2515
2875
2395
2525
2404
2524
2625
2324
2525
2765
2585
2505
2715
2745
8556
2825
2595
2434
2434
1432
2515
1533
2555
2545
2665
2515
2334
4308
2305
2394
2345
2435
2394
2695
2355
2354
2635
2545
2425
2625
2384
2405
2404
2355
2254
2365
2495
17333
2424
2345
2425
2405
2535
2414
2455
2705
2695
2374
2585
2234
2475
2845
2535
2395
2565
2374
2415
2645
2434
2605
2515
2334
2655
2355
2525
4879
2434
2875
2234
2745
2344
2364
2755
2595
2524
2916
2375
2445
2345
2565
5209
3797
2655
2635
2635
2455
2686
2605
2705
2585
2514
2534
3847
2444
2645
2554
2615
3597
2495
2805
2565
2835
2795
2625
2635
2625
2524
2284
2565
2375
2545
2866
2585
2474
2625
2825
2665
2435
2574
3767
2495
2585
2585
6763
2444
2414
2495
2775
2565
2826
2615
2634
2615
2374
2565
2675
2615
2745
2354
2585
2555
2505
2515
2705
2454
3777
2615
3737
2455
2986
2695
3066
2475
2294
2575
2896
2524
4108
2174
2495
2295
2615
2375
2565
2534
2635
2715
2635
2474
2615
2445
2595
2505
2534
2264
2605
2835
2475
2755
2535
1403
2274
2505
2495
2565
2745
2655
2424
2765
2514
2615
2685
2594
1443
2385
2755
2565
2554
2455
2736
2355
2796
2435
2705
2655
2564
2385
2886
2475
2625
2375
2315
2615
2375
2485
2294
2104
2425
2635
2475
2414
2534
2515
2465
2435
2675
2365
2785
2435
2495
2675
2514
2445
2535
2525
2264
2535
2595
2434
2815
2435
2344
2405
2595
2455
2395
2474
2565
2314
2535
3387
2555
2424
2384
2545
2464
2445
2434
2355
2374
2505
2585
2445
2214
2695
2093
2634
2114
2645
2525
2946
2394
2545
2154
2565
2435
1954
2475
2264
2404
2504
2535
4248
1352
2335
1293
22882
2455
2305
2415
2034
2214
2514
2796
2495
4839
2385
2816
2264
2725
2284
2535
2434
2604
2795
2815
2534
2685
2515
2435
2324
2344
2534
2655
2495
2254
2404
2675
2735
2605
2455
2604
2364
2494
2835
2584
2605
2905
2615
3577
2545
2525
2515
2544
1473
2635
2415
2484
2284
2485
2204
2474
2475
2504
2504
2445
2514
2404
2394
2475
2555
2405
2365
2374
2335
2324
2264
2485
2335
2345
2245
2294
2304
2124
2214
2385
1533
2354
4909
2314
2464
2505
2474
2455
2354
2425
2505
2364
2374
2334
2554
2565
2295
2485
2204
2335
2335
2535
2465
2344
2385
2304
2355
2515
2314
2454
2314
2465
2295
2394
2524
2345
2414
2535
2514
2504
2454
2645
4298
3096
2534
2564
2555
2364
2525
2625
2675
4198
2475
2435
2455
2665
2395
2735
2395
2345
2766
2345
2424
2264
2515
2475
2464
2384
4488
2445
2255
2364
2395
2315
1793
1993
2024
2104
2385
2335
2524
2375
2414
2545
2274
2284
2605
2094
2425
2264
2535
2625
2515
2635
2515
2504
2474
2464
2425
2575
2525
4899
2445
2635
2505
2615
2535
2414
2565
2415
2715
5660
2485
2565
2565
2415
1804
2615
2625
2605
2575
2455
1683
2404
2514
2584
2575
2835
2565
2385
2574
2574
2494
2905
2475
2465
2534
2545
2735
2575
2766
5030
1843
2715
2474
2665
2525
2464
2244
2795
2304
2755
2424
1834
2595
1984
2505
2875
2284
1473
2324
1362
1423
1823
1353
2535
1833
1373
2254
2755
2645
2675
2996
4699
2846
2505
2464
2324
2735
2445
2545
2464
2525
2705
2775
2395
2525
2524
2675
2404
2464
2344
2465
2285
2475
2625
2545
2585
2454
2505
2554
2715
2474
2395
2414
2825
2615
2445
2625
2584
2615
2485
2645
5060
3296
2574
2986
2464
2645
2695
2415
2665
2665
2594
2485
2224
2494
2504
2665
2385
2655
2585
2474
2495
2995
2515
2584
4288
2495
2525
2605
2484
2685
2424
2384
2675
2655
2685
2845
2715
2715
3637
2654
3596
2214
2495
2756
2225
2384
2415
2364
2585
2645
2355
2474
2354
5550
2625
2504
2464
2605
2795
2605
2705
2474
2535
2314
2425
2514
2455
2615
2615
2544
2565
2465
2695
2324
2334
2544
2515
2746
2515
2715
2464
2605
2525
2364
2615
2385
2505
2565
2474
2395
2434
2504
2385
2455
2505
2494
2464
2565
2545
2765
2254
2655
2384
2375
2565
2524
2354
2675
2345
2415
2535
2405
2494
2274
2685
2344
2284
2294
2514
2375
2324
2455
2384
2414
2575
2234
2604
4308
2445
2295
2595
2495
2304
2324
2324
2194
2314
2615
1373
2445
2655
2284
2355
2314
2254
2364
2394
4669
2385
2675
2505
2465
4468
2414
2375
2615
2405
2475
2324
1373
2334
2374
2294
2485
2434
2454
2244
2354
2154
2224
2395
2204
2425
2355
2505
2424
2274
1483
2315
1533
2505
1303
1342
2424
1393
2354
1412
2345
1343
2305
1352
2314
1392
2364
1323
1413
2465
1423
2244
1253
1272
1403
2294
1362
2565
1493
3847
1493
2324
1283
1342
2484
1242
1372
2264
1383
2294
1373
2395
1412
2304
2485
2364
2455
2455
2595
2354
2534
2435
2494
2425
2294
2304
2364
2535
4579
2495
2324
2344
2544
2384
2435
2214
2495
4910
2525
2485
2495
2595
2515
2595
2384
2394
2405
2354
2394
2344
2575
2835
2385
2494
2334
2365
2324
2394
2615
2645
2605
2374
2495
2445
2474
2385
2625
2445
2565
2484
2635
2645
2555
1834
2465
2685
2254
2445
1804
2264
2525
1773
2324
2394
2505
2505
2455
15028
2505
2605
2545
2545
2695
2745
2425
2504
2726
2525
2314
2414
2184
2294
2435
2365
2335
2485
2345
2525
2554
2555
2434
2555
2615
2445
2414
2505
2544
2435
2665
2805
2234
2554
2485
2625
2394
2274
2435
2655
2635
2404
2425
2504
2434
2445
2354
2525
2435
2635
2595
2535
2394
2324
2524
2554
2535
2505
2515
2604
2735
2265
2315
2495
2565
2565
2715
2465
2534
2575
2555
2554
2294
2435
2425
2334
2475
2404
2494
2404
2455
2455
2544
2245
2575
2305
2384
2474
2415
2354
2585
2375
2585
4799
2315
2345
2204
2475
2364
2595
2244
2565
2465
2495
2375
2414
2384
2334
2434
2415
2545
2385
2334
2605
2454
2295
2154
2434
2675
2455
2424
2144
2665
2375
2244
2575
2365
2555
2254
2535
2254
2404
2285
2295
2645
2495
2344
2665
2585
2665
2494
2494
2625
4758
2715
2615
2555
2675
4789
2545
2585
2504
2444
2806
2615
2414
2565
2404
2434
2405
2534
2635
2735
2665
2765
2535
2605
2574
2665
2314
2495
2675
2625
2615
2565
2525
2495
2595
2605
2505
2525
2505
2425
2505
2595
2565
2595
2495
2454
2555
2665
2515
2424
2615
2555
2655
2234
2445
2555
2455
2464
2365
2645
2625
2615
2564
2444
2324
2535
2495
2505
4920
2625
2454
2455
2765
2535
2415
2254
2585
2545
2625
2554
2625
2846
2665
2535
2525
2484
2535
2595
2665
2624
2695
2425
2565
2455
2585
2755
2705
2615
2685
2254
2515
2555
2675
2775
2705
2435
2325
2565
2525
4739
2424
2405
2615
2404
2484
2916
2435
2665
2384
2624
2494
2505
2395
2454
2535
2444
2414
2334
2495
2364
2405
2535
1894
2394
2003
2525
2204
2224
2104
2485
4759
2324
2244
2315
1883
2375
8306
2385
2124
2194
2144
2264
1944
2174
2084
2335
2064
2445
2254
2445
2425
2314
4058
2484
2695
1763
2405
1523
2484
1493
2685
1443
2385
1493
2635
1452
2655
1462
2374
1483
2425
1553
2444
1492
2394
1503
2234
1483
2564
2715
1914
2836
2485
2404
1953
2675
1793
2435
2725
2445
2404
2144
2685
2756
2414
2284
2695
2184
2645
2465
2835
2635
2074
2415
1342
2274
2384
2284
2585
2524
2485
2555
2474
2455
2856
2465
4187
2625
2625
2274
2465
2545
2615
2525
2605
2495
2545
2435
2304
2204
2364
2284
2445
3928
2264
2425
2415
2414
2325
2344
2315
2334
2364
2404
2284
2445
2585
2284
2375
2275
4528
2215
2384
2285
2404
2395
2415
2525
2294
2335
2525
6923
2415
2444
5631
2184
2354
2274
2485
2274
2364
2324
2524
2355
2515
2174
2405
2324
2445
2294
2174
2545
2454
2425
2375
2475
2304
2404
2545
2294
2395
2414
2274
2274
2495
2615
2595
2355
2435
2395
2364
2325
2324
2224
2274
2304
1523
2294
1263
2305
1503
2465
1382
2435
1413
2375
1312
2334
1492
2324
1332
2395
1402
2315
1272
2324
1243
2525
2625
2304
2314
2495
1953
2475
1373
2635
1232
2564
1232
2434
1323
2484
1252
2404
1222
2545
1272
2344
1413
2364
1273
2454
1192
3627
1263
1283
2635
1433
2625
1322
3527
1442
2554
1262
2284
5120
2655
1973
2644
1182
2455
1282
2324
1453
2404
1393
2395
1403
2434
1372
2315
1382
2394
1473
2405
1373
2615
3106
2284
1233
2405
1453
2434
1392
2444
1463
2364
1593
2444
1423
2355
1263
2385
1523
12383
1422
2475
1343
2315
1413
2495
1653
2394
1463
2474
1303
2244
1503
2424
1272
2434
1413
2375
1392
2324
1503
2364
1573
2325
1433
2354
1483
2254
2334
1482
2355
1392
2255
1403
2434
1373
2464
2965
2274
1382
2324
1462
2294
1402
2295
1383
2274
1583
2625
1473
2394
1473
2284
1503
2224
1403
2555
1322
2335
1383
2274
1353
2255
1413
2254
1443
2465
1452
2425
2314
2334
2445
2385
2585
2594
2294
2354
2324
2274
2335
2354
2314
2254
2424
2334
2084
2355
2454
2445
2475
2314
2244
4488
2515
2405
2405
2344
2635
6633
2315
2244
2144
2364
2395
2375
2264
2445
2574
2355
2354
2324
2315
2505
2364
2295
2244
25648
2355
2244
2395
2244
2255
2435
2464
2294
2214
2274
2435
2254
2335
4098
2374
2434
2375
2354
2385
2234
2334
2344
2314
2314
2385
2415
2355
2224
2384
2344
2505
2325
2324
2404
2375
2334
2475
2355
2414
2264
2305
2384
2675
2375
2284
2455
3637
2275
2255
2315
2335
2394
2394
2425
2304
2234
2344
2194
2375
2314
2344
2404
2214
2264
2525
2435
2344
2454
2575
2425
2384
2274
2274
2244
2315
2425
2294
2475
2275
2374
2334
2255
2254
2304
2765
2274
2425
2335
2384
2395
2394
2355
2505
2365
4278
2194
2485
2254
2424
2224
2195
2344
2324
2305
2554
2284
2394
2254
2234
2294
2255
2395
2234
2294
2224
2304
2455
2415
2194
2345
2194
2425
2325
2275
2265
2665
2534
2535
4128
2394
2294
2545
2565
2245
2204
2315
2275
2324
2264
2314
2234
2364
2254
2435
2274
2675
2334
2384
2244
2305
2244
2435
2274
2264
2535
2335
2364
2444
2685
2305
2345
2274
2344
2284
2154
2524
2364
2295
2264
4117
2405
2214
2375
2284
2244
2275
2354
2464
2434
2444
2394
2294
2295
2324
2394
2785
2425
2244
2255
2334
2344
2355
2384
2574
2375
2554
2364
2315
2205
2274
2524
2295
2364
2254
2234
2294
2345
2355
2355
2244
2274
2504
2254
2334
2174
2214
2275
2395
2274
2265
2394
2545
2215
2254
3516
2375
2475
2284
1412
2325
1442
2314
1433
2524
1924
2485
1512
17202
1383
2324
1503
2425
1432
2384
1443
2475
1523
2455
1462
2274
1403
2324
1462
2225
3667
2405
1423
2394
1403
2404
2786
2255
1363
2265
1152
2245
1302
2344
3546
2414
1473
2234
1473
2374
1433
2385
1503
2335
1382
2444
1423
2324
1443
2305
1413
2304
1363
2434
1453
2725
1463
2274
1512
2565
1393
2455
3256
2294
1452
2325
1433
2364
1392
2284
1462
2354
1403
2505
1392
2334
1423
2214
1403
2425
2204
1493
2464
3818
2235
1423
2565
1433
2395
1413
2375
1413
2305
1493
2365
1453
2364
1513
2414
1423
2565
1372
2234
3036
2344
1393
2234
1432
2284
1362
2565
1453
2304
1492
2284
1382
2415
1623
2294
1473
2224
1433
2454
1413
2385
1443
2445
1393
2384
1382
2375
1443
3636
1383
2325
1493
2284
1243
2524
1353
2465
1372
2274
1362
2745
1373
2244
1363
2444
1373
2415
1403
2315
1463
2504
1312
2454
1433
2534
1453
2344
1623
2354
1433
2514
1202
2564
1453
2525
1323
2404
1733
2374
1492
2184
1353
2294
1473
2194
2284
1463
2405
1403
2585
3466
2345
1483
2445
1353
2414
1223
2425
3787
2324
3416
2394
1333
2434
1403
2304
2955
2345
1432
2555
3276
2585
1482
2284
1423
2515
1443
2224
1403
2425
1413
2504
1212
2514
1393
2495
1463
2544
1443
2465
1342
2494
1442
2044
2445
1413
2384
1403
2575
1473
2355
1433
2364
1412
2665
1443
2194
1493
2315
1363
2434
1472
2275
1452
2374
1383
2405
2314
1503
2254
1353
2484
1492
2304
1293
2375
1473
2525
1403
2484
1463
2455
1543
2254
1513
2404
1503
2525
1433
2185
1543
2324
1393
2255
1373
2535
1462
2795
1443
2515
1463
2365
1483
4168
1413
2455
1473
2274
1513
2635
1483
2384
1453
2535
1383
2244
1333
2194
1533
2374
1373
2284
1362
2535
1413
2305
1133
2355
1403
2515
1563
2304
1443
2294
1483
2505
1623
2495
1533
2445
1483
2304
1372
2274
1413
2275
1573
4348
1473
2304
1363
2335
1463
2374
1372
2344
1443
2434
1473
2695
1392
2365
1503
2334
1352
2535
1433
2264
1492
2285
1383
4288
1413
2325
1463
2374
1863
2194
3507
2434
2334
2345
11371
2374
2274
2254
2384
2334
2304
2344
2365
2545
2274
2424
4839
2374
2445
2395
2534
3947
2525
2675
2565
2605
2344
2665
2455
2495
2515
2355
2414
2415
2315
2284
2384
2274
2314
2485
2304
2525
2354
2415
2335
2515
2415
4829
2234
2525
2505
2414
2595
2595
2514
11001
4508
5560
2345
2264
2465
2314
2425
2295
2614
2475
2605
2415
2425
2184
2414
2335
2715
2305
2445
2524
2345
2524
2304
2384
2355
2615
2354
2224
2454
2365
2535
2866
2294
2384
2435
2585
2445
2304
2265
2615
4789
2434
2355
2465
2335
2395
2645
2394
1353
2244
1442
2384
1433
24576
1463
2384
1443
2414
1322
2364
1482
2425
1412
2295
1372
2274
1392
2365
1473
2314
1413
2304
1442
2404
1332
2244
1383
4599
1423
2234
1453
2304
1433
2234
1413
2284
1233
2214
1473
2485
1423
2215
1513
5060
1293
2285
1353
2404
1263
1473
2244
1502
2344
1462
2244
1453
2395
1523
2534
1412
2225
3196
2394
1442
2505
1483
2354
1422
2334
1382
2414
1322
2395
1413
2485
1553
2264
1433
2304
1413
2244
1413
2364
3045
2295
1463
2485
1473
2455
1362
2434
1472
2374
1483
2415
1372
2304
1523
2324
1293
2324
1463
2435
1483
2354
1382
2144
1463
2325
1263
2455
1453
2354
1253
2344
1242
2294
1453
2344
1283
2315
1263
2435
1483
2615
1333
2394
1393
2585
1242
2385
1283
2505
1392
2304
1353
2725
1363
2404
1252
2385
1262
2464
1413
2394
1233
2715
1222
2354
1323
2474
1252
2395
1853
2545
1333
2385
1323
2345
1383
2415
1242
7044
1242
2565
1242
2464
1282
2485
1843
2494
1292
2354
1272
2585
1653
2434
1273
2485
1273
2425
1282
2494
1242
4869
1362
2234
1393
2324
1412
2284
1413
2364
1402
2255
1433
2275
5030
2204
1413
2595
1383
2374
1453
2184
1292
2364
1383
2304
1372
2414
1393
2545
1423
2254
1222
2294
1563
2474
1393
2244
1423
2374
1312
4859
1373
2455
1313
2515
1373
2735
1352
2395
1333
2265
1313
2274
1292
2595
1382
2435
1283
2274
1222
2334
1303
2415
4008
2355
1282
2465
1242
2444
1222
2535
1342
2575
1272
2625
1292
2474
2815
2364
1212
2345
1232
2534
1273
3026
1263
2385
1262
2415
1262
2455
1252
2555
1293
2344
1232
2505
1302
2354
1864
2434
1523
2685
2735
2775
1292
2535
1373
2275
1233
2394
1312
2285
2345
3977
2475
1342
2525
1984
2415
2084
2244
2575
2284
1363
2284
1383
2354
1743
2796
2274
1462
2475
6442
2284
1443
2374
1423
2705
1393
2294
1442
2635
1192
2485
1432
2385
1332
2294
1322
2374
1463
2304
1323
2524
1293
2365
1422
2315
1212
2294
1473
2175
1332
2425
1323
2294
2073
1482
2334
2294
3236
4668
1363
2284
1403
2284
1433
2254
2214
1322
2304
2916
2404
1362
2214
1403
2304
1432
2475
1392
2365
1463
2324
1392
2405
1413
2375
1363
2445
1402
2334
1403
2355
1513
2315
1533
2324
1883
2524
1894
2304
1363
2364
1442
2354
1443
2324
1303
2244
1853
2465
2414
2945
2174
2365
2444
2475
6812
2465
2464
2575
2404
2565
2585
2635
4378
2695
2736
2585
2585
2475
2715
2665
2575
2425
2594
2555
2514
2475
2455
2505
2395
2455
2595
2455
2706
2494
2615
2445
2345
2285
2374
2514
2575
2464
2464
2234
2284
2385
2415
2485
2314
2404
2294
2505
2334
2194
2264
2344
2394
2344
2234
2325
2334
2404
2254
4629
2284
2505
2365
2424
2014
2325
2244
2324
2485
2445
2385
2685
2194
2675
2595
2524
2404
2695
2565
1663
2505
2524
2525
2454
2074
2415
2504
2385
2404
2475
2515
5420
2444
2475
2354
2425
2595
2585
2435
2474
2755
2345
1963
2495
3576
2435
2415
2385
4659
5199
2415
2474
2404
2404
2325
2394
2214
2304
2355
2294
2354
2475
2444
2414
2494
2545
2385
1803
4408
1893
2575
2364
2365
2414
2495
1673
2484
2424
2464
2484
1693
2465
2525
2264
2335
2304
1723
2525
2545
2385
2455
2364
1814
2464
2354
2304
2725
3878
1152
2465
2114
2304
2505
2645
1693
2514
2164
2365
2425
2364
1753
2254
2785
2315
2404
2505
2756
2395
2324
2434
2324
2435
2515
1373
2114
1202
2295
2124
2334
2375
1162
2274
2365
2304
2314
2344
2304
2445
1714
2404
2334
2355
2315
1673
2384
2334
2405
2595
2294
1332
2154
1133
2084
2355
2134
2444
2074
2375
2264
2325
2385
2355
2495
2565
2355
2484
2104
2164
2424
1753
2385
2415
2345
2384
2454
1653
2405
2395
2505
2504
2214
1663
2365
2083
2334
1784
2454
1723
2265
2134
5621
2615
4619
1673
2314
2294
2565
2415
2374
2225
2354
2746
2364
2224
2314
2244
2445
1893
2605
1713
2265
2355
2494
2405
2495
2374
2615
3286
2054
2304
2575
2385
2525
2364
2635
2364
2355
2254
2505
5350
2484
2204
2454
2405
2174
2655
2314
2735
2344
2525
2494
2444
2595
2494
2284
3186
2314
2485
2615
2144
2434
2184
2515
2434
2795
2334
2435
2564
2555
2605
2535
2535
2525
3346
2304
3487
2124
2605
2264
2355
2605
2575
2425
2475
2264
2585
2364
2344
2144
2284
3677
2374
2374
2244
2235
2645
