1192
3787
6533
5361
7855
5450
7644
3787
7685
5441
7244
3897
7384
3857
7454
3767
7675
3737
7454
3687
7414
3757
7254
3767
7714
5691
7434
3697
7474
3647
7404
3828
7504
3727
7574
5561
7404
3797
7475
3827
7574
3687
7594
4258
7373
3787
7343
4118
7525
5631
7855
3677
8266
3767
7434
4188
7314
3767
8105
5560
7644
3597
7624
4158
8175
5761
7344
3848
8426
3847
7344
4168
7464
5661
7835
3647
7424
3777
7374
3737
7314
3727
7645
5681
7975
4359
7344
5470
7424
8776
7354
3767
7013
3667
7113
4238
7214
3687
7755
3777
7735
5811
7224
3737
7354
5380
7735
3767
7484
3807
7143
4118
7615
3737
8075
5471
7755
3817
7554
5340
7414
6061
7253
3717
7273
4238
7414
4278
7374
3747
7254
3887
7875
5621
7314
4097
7324
3717
7294
3777
7314
5500
7695
5721
7514
3817
7264
3707
7384
4118
7915
5550
7474
3867
7574
4218
7665
4629
7304
3818
7664
3777
7695
5660
7444
4218
7434
3797
7544
3797
7755
3697
7083
3867
7574
5450
7554
4098
7043
4198
7154
3767
7534
4158
7323
3787
7314
3817
7554
4218
8917
3777
7354
3717
7464
6582
7924
5521
7865
3817
7474
4138
7735
5491
7184
3667
8125
3697
7344
4087
7143
5651
7564
3737
7244
3727
7695
3657
6863
3627
7103
4188
7224
4208
7925
5280
7023
4198
7323
3646
7284
4058
7093
4238
7233
4128
7414
4088
7624
4308
7564
4057
7414
7524
7715
7895
7374
7554
7514
7735
9097
5610
7334
5500
7595
7534
7494
7605
5361
7544
7574
7484
7675
7664
7674
7504
7284
7594
7383
7725
7544
7804
7605
7615
7544
5200
7534
7524
7444
7244
7374
7574
7875
8015
7524
7364
7525
7554
7023
7193
8396
7364
7604
7635
7604
6882
6953
7524
7744
7564
7193
7263
8045
7184
7494
7464
7564
7684
7384
7364
7444
7855
7304
7765
7394
7514
7695
7624
7594
7604
7495
7825
7434
7734
7494
7534
7675
7333
7434
5380
7084
7544
7404
7384
7424
7484
7504
7694
7684
7354
7605
6703
8526
7554
7634
7494
7383
7694
7314
7594
7775
7574
7444
7584
7454
7724
7454
7665
7554
7604
7484
7464
7564
7735
7534
4308
7164
7514
7454
7675
7204
7785
7173
7885
7253
7654
6963
7845
7734
7704
7695
7484
7754
7324
7534
9027
7183
7234
7554
7254
7614
7635
7263
7584
7774
7614
7665
7615
7674
7364
7344
7564
7374
7594
7654
7304
7504
7334
7023
7795
7595
7494
7114
7304
6863
7494
7514
7394
7654
7684
7574
7554
7344
7544
7725
7655
7454
7474
7604
7464
6703
6873
7454
7444
7144
7494
7554
7585
7624
7484
7304
7715
7445
7465
7424
7414
7204
7604
7174
7284
7644
7284
8236
7424
7674
7554
7544
7754
7524
7454
7614
7454
7724
7524
7404
7674
7605
7584
7594
7705
7644
7384
7414
7504
7364
6812
7514
7474
7254
8836
7464
7454
7464
7144
7805
7434
7624
7334
7494
7574
6964
7635
6953
7003
7825
7004
6823
7535
7394
7484
7313
7324
9308
7704
7083
7294
7253
7003
7434
7053
7093
7214
7504
7063
7394
7544
7735
7404
7253
7584
7214
7464
7284
7554
7584
7484
7073
7495
7464
7434
7324
7505
7414
7434
7444
7183
7785
7404
7324
7024
7183
7674
7023
6783
7444
7444
7514
6923
8617
7374
7394
7464
6763
6643
7484
7224
7154
7484
6583
7474
7284
7514
7394
6883
7424
7434
7264
7284
7304
6722
7574
6803
6772
7123
9368
7224
6843
6653
7454
7535
7424
7474
6543
7614
7685
7234
7333
7033
7565
6803
7283
7163
7424
7124
8276
6582
7093
7324
7364
7595
7784
7474
7394
6513
7534
6772
8917
7584
7484
6683
7294
6282
6763
7284
7564
7394
8486
7244
6672
6552
7354
8797
7173
7263
6823
7334
7384
7374
7504
6613
7263
7254
7344
7064
7594
7354
7274
7474
6793
7234
7875
7344
6953
6502
7224
6642
7384
7414
7104
7424
6582
6793
7364
6762
6943
7194
7323
6642
7374
6873
7424
6933
6713
6603
6693
7404
7184
6623
7404
6773
6853
7203
7485
7264
7354
7634
7685
7494
7244
7364
7504
7183
7454
7404
6963
7323
7374
6693
7304
7213
7264
6563
7064
7555
6973
7194
7053
7844
7474
6523
7594
7474
6993
7564
7313
7354
7654
7143
7294
7464
7194
7173
7634
7274
7354
6502
6682
6663
6342
7414
7434
7193
5331
6513
7224
7254
7324
7183
7624
7324
7414
7454
7314
7153
7274
7243
7394
7595
7724
7224
7354
7434
7775
7324
7675
34846
7344
7394
7755
7424
7774
7333
7484
7454
7445
7434
7424
7344
7664
7354
7184
6803
7504
7424
7525
7414
7203
7353
7344
7264
7444
7303
7474
7234
7794
7194
7704
7464
7324
7694
7504
7263
7875
6833
7674
7434
7013
7364
7895
7625
7605
7284
8166
7454
7434
7704
7384
6653
7654
7164
7745
7154
7194
6803
7143
5169
7414
7344
3918
7464
7124
8697
7173
7444
5300
7294
5320
7293
5009
7123
7344
7394
7805
7273
7314
5109
7244
7304
6493
7313
7444
7494
6903
7484
5310
7524
7184
6532
7344
7294
7124
5190
7043
7193
7244
7314
5350
7244
7524
7384
6944
7174
6322
8957
6823
6102
8446
5260
7313
7394
7044
7244
7314
7545
7414
8576
6452
7384
7193
7233
7194
7003
6682
7164
7324
7083
6973
7234
7464
7364
6963
6923
6963
7094
7254
7174
6603
7223
7163
6723
7213
7224
7364
7094
7304
6573
7113
7344
7334
7053
7074
7134
7304
7244
6693
7374
7494
7074
7284
7384
7124
6923
7054
7384
7434
6893
7024
7404
6963
7164
6502
7053
9057
7264
6623
6833
7534
7233
7023
7254
6853
7104
7043
6573
7143
6933
7304
7274
7304
6592
7394
7344
6472
7454
7294
6973
6833
6302
7364
7213
7474
6633
7384
7083
6412
7324
7214
7074
7024
7063
7364
7475
6933
7064
7274
6983
9157
7444
7133
7344
7404
7134
6722
7665
7154
6563
6713
6863
7144
7294
6913
6342
6803
6583
7023
7093
7344
6512
7204
7214
7394
6703
6923
7193
7444
7724
7414
7023
7253
7334
6543
6963
7394
7103
7324
6883
6522
7133
7154
7545
7113
7224
7224
6803
7494
7294
6943
6412
6984
6643
6352
6472
6743
6572
7033
6913
6993
5199
7214
7174
3697
9077
6973
6973
3767
7304
7193
6803
6953
6963
6693
7394
7073
7073
6653
6853
6663
6823
7073
7254
7224
6913
7254
6452
6602
7524
7043
7224
6954
6682
8326
3396
6953
3567
7063
7324
7363
6763
6713
6973
7263
7184
3656
7173
6973
6983
6803
6513
6963
7274
7193
3456
6944
7054
7254
7785
6683
6782
7033
3507
7304
7084
7043
7214
6973
6863
7314
7083
7083
6793
6542
6533
7053
7745
7053
6692
6873
7615
7124
3326
7233
7545
7003
6933
6653
7444
3497
7184
3627
6773
7184
7163
6762
6762
6883
6822
7124
7203
6652
6733
6733
7274
7023
6783
6823
6803
6642
6923
6672
6743
7564
6883
7173
7223
6833
7183
3407
7003
6663
6933
7013
6693
6993
8275
3486
6893
6733
7264
7003
6963
7204
6924
5610
6933
5150
7244
5761
6793
5700
3476
7333
5180
6723
3486
6983
5019
21390
3597
6993
4980
5240
6553
5590
6873
6442
3687
5330
6622
5741
7034
3667
5240
7013
5831
7995
7053
3898
5851
8195
5760
7164
6311
5139
6993
5841
6723
6653
5009
5089
7193
5079
7193
6262
5089
6072
4989
5070
7163
6833
4970
7073
6493
6823
5059
6662
5040
7003
6392
3717
5611
6923
8325
4999
7083
6953
6112
5010
6512
7384
4899
7154
7334
7514
5060
7093
3326
5200
6933
3356
6312
4889
7123
5009
6793
4839
7043
3436
6873
5140
6984
5200
7133
5059
7093
5029
7023
3727
5030
7193
3366
6562
5049
6963
5019
6743
7183
7143
7073
7083
6923
6772
7134
6803
7053
7073
7284
6873
7154
7103
5220
7004
4879
6572
6652
6573
6602
7274
7003
7925
6833
7034
6392
7154
6322
7394
7384
7584
6532
7624
8727
6462
6994
9227
7083
7133
6763
7163
6482
7735
6893
7183
7133
7334
6382
7334
7144
6994
6702
6652
6603
6342
7184
7514
7064
8977
7013
6974
7394
7263
7113
7114
7233
7073
7815
7014
7174
6552
8446
6723
6973
6683
7814
6893
7114
6281
6923
7454
7173
6913
8015
6773
6172
6974
7324
7514
7384
6763
7454
7184
9097
6933
6502
6943
7203
6833
7313
7103
6973
7324
7234
6963
7294
7044
6973
7144
7935
5130
6362
5220
7093
6452
7283
6572
6472
7754
6632
7094
6673
7284
6994
7043
6943
7083
6783
6994
6993
7143
6612
6953
6843
6643
7254
6723
6642
6933
6743
6933
6452
6623
6862
3727
6933
8976
3637
6842
3677
7313
6592
6823
6612
6763
6483
6763
3727
5590
6683
5630
6903
5621
7053
6482
7384
6482
7444
6562
7253
6422
6903
6462
6953
6623
6953
4228
6612
6863
5551
7023
3887
5671
6803
7043
5781
8195
6673
6332
6993
6803
6543
7063
6964
6792
6452
7123
7003
6672
6793
6833
6573
7193
6973
6713
6782
6642
6442
6162
6713
6853
6773
6973
6733
6472
6853
6823
8175
6512
6603
6783
6512
6683
6533
6923
6913
6652
7043
6843
7464
6342
6372
6832
6883
6973
6893
7514
6692
6442
6683
6442
6482
6723
6873
6983
7003
6742
6452
6642
7214
6923
6623
6502
6933
6773
6462
6502
6522
6833
7124
7123
7084
6261
6603
6522
6542
6572
6542
6562
7074
6953
7083
7013
6462
6572
6392
6623
6672
6462
6513
6653
6983
6843
7114
5731
6652
5751
6793
6382
6622
6352
6823
6873
6873
6893
6783
6803
6742
6562
6943
7524
6543
6402
6883
6802
7073
6452
6723
6362
7104
6943
6843
6402
6482
6974
9227
6792
6412
6452
6662
7053
6973
6442
6723
6742
6893
6883
6822
6472
6442
6192
6483
6362
8306
6483
7123
6712
6753
6503
6963
6562
7864
6672
6482
6382
6422
6553
6943
6943
6472
6422
6903
6853
6933
6382
6412
6412
6301
6493
6092
6782
6892
6893
6933
7284
6171
6532
6593
6642
6493
6302
7334
7113
6703
6522
6271
6792
6843
6422
6462
6322
6662
6442
6703
6832
6542
6883
6312
4860
6883
6933
6673
4809
6112
6201
6413
6703
6703
6913
6142
6452
6683
8315
6984
6773
6742
6983
6713
6182
6452
6562
6452
5530
6412
4849
6592
6201
6372
6412
6893
6302
6392
6332
6492
6502
6142
6222
6473
6642
6752
6883
6562
6622
6703
6281
6873
6973
6462
6903
6783
6772
6653
6743
6783
6893
6933
6291
6282
5931
6823
6823
6542
6192
6783
6693
6953
6833
6352
6863
4709
6974
5200
6783
5931
6893
6221
6903
4749
6713
4920
6803
6713
6241
6002
6071
6742
6943
6292
3687
5651
6783
4769
6752
4900
6012
6862
7545
7004
6191
6322
6332
6192
6683
4809
6983
5039
6832
6723
6974
7024
6712
5050
6643
4839
6592
6161
6702
4999
6583
6342
5030
6252
4678
6483
6813
6472
4839
6632
7073
5010
6141
6933
4899
6492
6673
6653
6422
6462
6583
4859
6753
6682
4749
6742
6452
6473
6452
6562
6562
6632
6562
6763
6612
6813
6703
6121
6312
6552
8577
6001
6552
6282
6813
6643
6592
6703
6443
6222
6703
6502
6432
6643
6863
6773
6593
6412
6983
6572
6673
6633
5841
5891
6642
6662
6853
6643
6592
6823
6573
6653
6632
5992
6041
6632
6683
6883
6663
6712
6713
6712
6623
6472
6652
6773
6422
6733
6402
6643
6713
6422
6672
6733
5690
4829
6713
6563
6863
6643
6973
3647
6512
6162
6482
6783
6322
6152
6653
6332
6101
6162
5951
6452
6542
6012
6883
6622
6823
6602
6913
6833
6772
6442
6762
6562
6682
6603
6683
6663
5931
6773
6652
6152
6582
6752
6833
6232
6512
3407
6242
6051
6422
6211
6893
4769
6632
6011
6432
6642
6192
4709
6993
5901
6342
6763
6773
4879
6553
8376
6271
7524
6502
6803
10350
5971
6743
7715
6382
6052
6823
6753
6703
8356
6973
6142
6542
6803
6773
6723
6422
6643
6703
6622
6061
6131
6532
5921
6092
6622
6773
4769
6091
4749
6843
6502
6833
6483
6813
6793
6653
9147
6543
6502
6682
6131
6923
6622
13826
6973
6202
6603
6603
6612
6953
6673
6372
6623
6893
6552
6483
6923
6532
6533
4569
8065
6542
6743
5861
5931
6573
6633
6582
6783
6482
6603
6562
6702
6382
6382
6923
6493
5811
6462
6632
6733
6352
6482
6252
6482
6442
6683
6292
6502
6672
6012
5931
6622
6512
8877
5881
6823
6683
6743
6402
6683
6673
6723
6552
6312
6462
6573
6382
6402
6352
6112
6452
6162
6111
5660
6131
6362
6652
5931
5871
6693
6513
6673
5871
6463
6412
5931
6252
6713
6452
6893
6763
6512
6432
6563
6362
5831
6652
6643
6432
5961
6192
6622
5831
6102
6372
6241
6442
6813
5771
7033
6583
6642
6542
6582
6252
6473
6211
6622
6352
7064
6682
6562
5961
9187
6573
5891
5921
7494
6473
6712
6692
6683
5881
7123
6462
6452
6171
6241
6232
7023
5781
7754
5951
6442
16091
16902
6843
6732
6362
6833
6613
7064
5491
5892
6011
8466
6602
6793
6251
6803
6051
7464
6633
6362
4468
6102
6072
6803
6643
7774
4789
8145
3587
7584
3627
6923
3557
6642
4829
8296
4378
6442
4668
6472
4879
7594
3246
7134
3527
7965
3226
7514
3586
7865
3637
6121
6071
3627
5951
3617
6182
3166
6161
7234
3146
6112
3596
6271
3507
6151
3606
10079
3196
6012
3647
6562
3596
8455
3527
6072
3497
8286
4759
8537
3366
3616
3186
7655
3627
6522
5040
8486
3307
5861
3156
8556
4017
7043
3226
6803
3307
8245
4318
7304
3146
6112
3467
6262
3607
6773
3537
8116
4769
6052
3166
6953
6081
3637
6542
8506
5801
8045
6473
5751
4438
6562
6392
6542
6483
6402
6112
6202
6793
5781
6292
6963
6572
6592
6492
5972
6462
6683
6212
6713
6121
5931
6162
4449
5891
5912
4539
6402
6392
4479
6312
6042
4579
6483
6302
5741
6092
4509
5841
6031
4779
5871
5931
6142
6252
6352
6372
6352
6602
6271
6392
6082
5961
6352
6382
6272
6442
5820
5972
6502
6432
6342
5891
6422
6352
6372
6221
5981
6302
5761
6562
6252
14197
6482
6351
5852
6552
6412
6862
6563
6241
6432
5681
6372
6432
6372
6141
6012
6743
5811
6051
6312
6102
6492
5991
6352
6583
5972
5981
6262
8446
5861
6613
6613
6342
5841
5801
5921
6241
6352
6552
6302
6402
6432
6212
6161
6472
6292
6432
6512
5942
6172
6092
6222
6191
6232
6642
6382
6231
6011
6422
6191
5861
6513
6352
6432
6272
6402
6352
6412
5981
6031
6392
6523
6503
6392
6612
5680
5781
5781
9248
6131
6402
6202
6352
6452
5841
5971
4709
5921
5912
5790
6252
6452
5731
6022
6011
6232
6172
6072
6422
5721
6412
6272
6502
5821
5670
6162
6001
5681
6633
6552
6342
6202
6352
6242
6151
6292
5651
5551
6463
6212
6382
5971
6452
6302
5781
6081
6292
6161
6342
6342
5771
6352
6201
6172
5922
5751
6242
6272
6432
6192
5811
6232
5951
6402
6492
5581
6322
6362
6372
6192
6332
6242
5760
6162
5901
6271
6292
5661
6332
6071
6192
5771
6011
6402
6342
6442
5641
6261
6162
6332
6252
6342
5912
3386
6322
6372
6552
5520
6222
6492
6612
6322
5891
5761
5611
6021
6272
5601
6322
6562
6202
6101
6042
6231
6252
6171
6311
6452
6172
5681
6382
5551
5520
6202
6131
6331
6211
6242
6463
6192
6202
6533
6132
6512
6191
6242
6201
6322
6151
4659
5891
5962
6452
4469
6432
5791
5921
6031
6162
4388
5901
5951
5921
6051
6291
6141
5700
5891
5951
5821
6242
6302
6171
6161
6422
5991
6011
5891
6292
6492
6362
5902
5801
6132
6232
8326
6322
6212
6071
5981
5791
5912
6041
6041
6231
6823
6402
6082
6432
6432
6021
6031
5911
5841
6081
5621
5721
5821
6042
6011
5701
5951
5691
6011
6292
5841
5601
5851
5861
5972
5941
6382
6011
6473
5801
5991
6151
6261
6111
7143
6012
5730
6171
6402
6181
5851
6061
6262
6443
5821
5800
6001
5570
5771
5911
5892
6482
6362
6062
6312
6092
5780
5710
5801
6212
6061
6462
6352
6161
6052
5942
5881
6443
5891
6332
6232
5741
6132
6071
5701
5661
5521
5400
6252
6292
6021
5921
5981
5650
6101
5701
5991
6071
6271
5841
5991
5891
5530
5620
8115
6182
6031
5951
6953
6342
6272
6021
6161
6031
5641
5791
5490
6172
6211
7865
6292
5981
6072
6091
6112
6192
6392
6022
6212
6142
6231
6232
6302
5591
6231
5670
6422
6242
5961
6372
6322
6252
6172
5981
6101
6152
6131
4719
5921
4459
5881
6392
6092
4419
4438
6182
4479
6202
6262
6302
4489
6121
4438
6152
4428
6152
4338
4498
6192
4658
6121
6101
6382
4468
5480
3216
5701
4539
5991
6502
6061
4529
5581
4479
6092
5761
5811
6392
6091
6221
5911
4679
6202
4689
6111
6022
4639
6302
5911
5710
6042
7815
6302
8386
6072
6722
5641
5831
5991
5991
5911
5821
6212
7805
5751
6121
5681
7224
6132
7845
5831
5741
6011
8707
5771
5641
5641
5891
5771
5701
5701
5841
5951
5941
6231
6021
5711
5771
5791
6142
8906
6332
7634
5781
5651
5931
6332
5921
5901
6232
7304
5771
5591
5781
5771
5560
6813
5651
7674
5871
8115
5971
5701
5801
5611
5520
7664
5791
7254
5971
7765
5770
5872
5761
7645
5560
5601
5701
6282
6122
5751
5500
5981
5851
6112
6082
4208
5310
5750
6031
5560
5560
5992
5750
5040
6062
4880
5780
6011
5881
5160
5911
4449
6002
6012
5932
5961
6031
4369
5981
4399
6102
4258
6021
5661
5570
6152
3396
5932
5981
6041
5239
5861
5350
6012
5851
5069
5490
4268
6252
5450
5971
6031
6002
4178
8556
5711
6232
4468
5931
4428
6001
5350
6001
6112
4358
6262
4418
5591
5891
5660
4499
5971
3396
5681
5320
5490
5811
6332
5721
5711
5691
5651
5531
5701
5260
6312
5991
5540
4088
6072
6122
6041
4649
6022
4399
5982
5941
5771
5560
5650
5461
6382
5831
5981
5570
4448
6062
5490
6051
4609
6061
4258
5841
5360
6362
6032
6061
6312
6312
6112
6042
5430
4298
6121
6222
6191
6082
6031
5431
5460
5550
5350
5741
4238
6232
5961
5861
5981
6122
4298
5851
5250
6051
6242
5911
6021
6042
5881
5571
5690
5270
5931
7765
6071
5570
5400
6603
5751
6262
5521
7133
7744
7404
5911
6362
5841
6372
6021
7494
5771
6392
5410
6592
5801
6192
5841
6963
5320
7314
5370
5951
5480
7003
5831
5670
5701
5981
5270
7675
6041
6452
5721
5360
6061
5501
5801
8015
5650
5811
5801
5981
5700
5620
5700
5801
5671
5921
5701
6181
5761
5952
6211
5760
5580
8977
5981
5891
6072
5751
5471
5580
5981
6012
5951
5901
6091
5831
5691
6001
5871
5731
6092
5972
5961
5881
5791
5781
5761
5901
6242
5891
5991
6041
6001
6002
5951
6182
5491
5811
5811
6082
5841
5831
5781
5711
5891
6112
5781
5711
5801
6021
6051
5952
5811
5991
5881
6041
5721
6152
5881
5760
5841
6111
5701
5681
6081
4268
5590
6071
6522
5490
4198
5982
6082
3336
6232
4629
5821
5991
4288
6101
5851
4318
5801
5911
5691
4629
5370
4228
6202
5590
5821
5871
5891
5981
5901
4388
6302
6141
4379
5921
6091
4138
5740
6082
14237
5741
5651
5891
5810
5100
5871
5911
5941
5951
5711
5851
5360
5511
5621
5721
5751
5951
6081
5250
5760
6031
6162
5691
5750
6031
6162
5861
8015
5841
5801
5941
4298
5340
5320
5310
5791
6032
5831
5460
5470
6692
5941
5841
5340
5751
5861
5881
5741
5300
6202
5170
5931
6001
6001
5511
5400
5831
5811
5831
5360
5380
5741
5320
5410
5491
5961
5961
5550
5280
5320
5891
5851
6001
5701
5811
5239
5480
5601
5981
5240
5360
5931
5821
5861
5851
5962
5230
5120
5991
5931
5811
5280
5741
5961
5180
5730
5781
5961
5280
5551
5570
5360
5881
5390
29436
15088
5390
5660
5200
5851
5821
4127
5761
4278
5841
6062
5951
5931
4238
5720
5821
5451
5451
5780
5701
5350
5781
5781
5681
4248
5851
5951
5330
5310
5350
5821
5750
5972
7324
5841
5811
5861
6002
5740
5761
5821
6111
5150
5951
5871
5390
5872
5831
5811
5881
5941
5721
5912
5771
5962
5881
5561
6001
5851
5541
5500
5760
5600
5801
5761
4999
5932
5450
5220
5851
5571
6032
5951
5851
5109
5751
5641
5530
5421
5510
5941
5560
5651
5300
5601
5450
5350
5390
5691
5781
5401
5440
5390
5661
5932
5520
5610
5511
5700
5941
5731
5750
5340
5861
6072
5691
5761
5901
5280
5641
5901
5209
5370
5220
6021
5501
5730
5130
5921
5751
5831
5891
5129
5801
5690
5750
5981
5711
5671
5680
5661
5390
5080
5791
5791
5851
5671
5591
5881
7353
5721
5831
5911
5270
5591
7645
5561
6943
5661
5200
5871
6122
5190
6291
7134
4077
5831
6693
5621
5521
6653
5590
5861
5971
5671
5801
6993
5751
3997
6031
5721
4168
5841
6923
4168
5941
5540
5991
5430
5440
5290
5381
4028
16411
7625
4098
5791
4168
5821
5531
4078
5481
5771
4067
5771
4178
5671
5701
5932
4308
5450
5521
3938
5781
5881
4048
5219
5912
3847
5741
5750
4248
5761
5841
4198
5601
5851
4158
5761
6081
4038
5882
5871
3988
5821
5570
5581
5411
5751
5310
4017
5440
5370
4268
5711
5140
4047
5280
5551
4178
5791
6022
5300
5410
5510
5510
4068
5591
5650
4118
4157
5390
4418
5781
5600
4098
5901
3978
5891
4148
5711
4178
5681
4008
5961
4127
5701
4047
5540
4057
4108
4067
5701
4218
5661
4017
5481
3988
4058
5250
3987
5721
5160
5891
5901
5811
5560
4228
4098
5260
4188
4228
5941
4138
5209
4108
5500
5921
4168
5621
5700
4088
5610
5570
5881
5981
4118
5670
5851
5720
5741
5661
5771
5972
5941
5050
5591
5701
5149
5340
5721
4909
5220
5730
5040
5259
5691
5530
5440
5721
5080
5660
5831
5861
5260
5650
13846
5119
5621
5500
5641
5711
5159
6031
5491
5260
5841
5631
5390
5761
5611
5701
5611
5851
5541
5671
5651
5621
5630
5791
5781
5760
5711
5380
5541
5550
5721
5390
5721
5240
5670
5690
5661
5661
5560
5641
5591
4308
5701
4068
5751
5551
5511
5661
3998
5571
5530
5590
5591
5741
3958
5350
5641
5440
5149
5520
5731
5130
5611
5500
5711
5440
5460
5300
5630
5380
5641
5340
5320
5501
5451
5070
4949
5320
5260
5010
5259
5360
5310
5060
7845
5500
5060
5380
5620
5661
5551
5470
5681
5921
5460
5590
5480
5561
5631
5580
5490
5750
5681
5621
5220
5811
5440
5410
5691
5611
5540
9668
5270
5331
5110
5510
5189
5591
5530
5671
5750
5771
5350
5560
7755
5811
5581
5079
5420
5421
5490
4999
5450
5240
5380
5771
5300
5640
5731
5580
5110
5621
5481
5611
5651
5470
5680
5501
5370
5591
5440
5390
5180
5410
5761
5450
5330
5421
5120
5169
5169
5700
5571
5600
5711
5500
5560
5360
5571
5650
5120
5490
5070
5340
5821
5411
5099
5520
7674
5611
5460
5470
5461
5480
5331
5470
5501
5500
5430
5561
4969
5630
5710
5461
5491
5270
9097
4930
5681
5340
5641
5521
5511
5550
5731
5200
4939
5340
5670
5320
5300
5109
5169
5010
5430
5670
5540
5741
5681
5640
5390
5520
5199
5440
5641
5450
5551
5410
5361
5611
5230
5090
4799
4979
5430
5310
5500
5370
5260
4989
5200
5220
4949
5100
5019
4990
5280
5470
5089
5681
5199
5700
5190
4999
5551
5551
5551
7424
8627
5390
5580
5541
5521
5230
5320
4980
5781
5660
6362
5490
6022
5701
5470
5821
5591
5801
5471
4889
5000
6181
5561
5420
5640
5450
8816
5360
5661
5431
5541
5560
5350
5401
6202
5080
5550
6813
5340
7824
5560
5129
5080
4819
5510
5571
7244
5390
4969
5501
6362
4929
5922
5561
5069
5129
5491
7404
5089
5640
5089
5340
5380
5310
4830
5290
4969
5180
5350
5671
5401
5601
5521
5010
5461
5390
5580
5500
5550
5540
5210
5651
5500
5690
5932
5199
5140
5120
5320
5119
5520
5761
5500
5290
5491
5540
5390
5029
5630
5400
5210
5119
5580
5280
5170
5300
5060
5500
5069
5550
5530
5400
5260
5230
5159
5711
5590
4930
5570
4859
5460
5641
5361
5320
4870
5330
5009
9538
5129
4949
5250
5471
5140
5180
4829
5250
5200
5300
5490
4860
5100
4900
5481
4930
5310
4879
5030
4809
5130
5140
4909
5360
5490
5420
5640
5109
5100
5420
5380
5551
5381
4979
4809
5180
5611
5230
4970
5280
5280
5330
5340
5220
5450
5460
4909
5140
5450
5069
5290
5310
5310
5340
5370
5381
5260
5410
5260
5500
5070
4909
4870
4819
4648
4930
4849
4799
4599
4909
4358
4879
5451
5239
4909
5280
4999
5209
5160
5240
4990
5370
5089
5440
5090
5059
5390
5260
5070
5381
5139
5540
5541
5029
5330
5410
4999
5180
4859
4989
4999
5069
4889
5500
5581
5531
5420
5330
5219
5400
5420
5320
4900
5170
4819
4820
4899
5360
5620
5430
5680
5591
5451
5360
5501
5391
5660
5470
5240
5510
5460
5400
5130
4969
5410
5320
5401
4969
5641
5320
4799
5310
5650
5440
5139
5590
5470
5380
5230
5461
5390
5210
5310
5430
5551
5431
5330
5220
5290
4999
5480
5320
4959
5290
5099
5269
5230
5461
5310
3667
5230
5561
3687
5220
5270
5400
5371
5490
5140
5510
5310
5200
5250
5360
5320
5160
5350
5531
5460
5240
5219
5120
5070
4759
5370
5360
4639
5170
5480
5460
5430
5461
5380
4959
4639
5009
5320
5179
4629
5260
5390
5350
5280
4990
5109
4769
5080
5160
5280
5380
5240
4749
5300
5030
5080
5300
5210
5230
5180
5310
5220
5149
5391
5270
5410
4999
4989
5020
5009
7374
5240
5320
5300
5440
5010
5119
5170
7013
5239
5240
5039
4819
4979
5280
5190
5210
5280
5029
4839
5130
5300
4769
5300
4980
4809
5260
5440
5180
5150
5360
5150
5310
5290
4528
5230
5550
5170
5189
5310
5160
5270
5450
5580
5310
5370
5199
5690
5751
5090
5170
5109
4919
5270
5130
5730
4799
4920
4809
4889
5219
5159
5140
4779
4929
5520
5170
4840
5170
5129
5350
5220
4669
4839
5239
5220
4789
3867
5400
5050
5200
5119
4669
3787
3727
5200
5410
4929
5140
5451
5290
5380
5310
5350
5129
5420
5280
5180
5360
5260
4769
4719
5420
5300
5049
5310
5661
5330
5089
5289
5200
5079
5160
5260
5370
4759
5610
5360
5280
5400
5470
5089
5561
5280
5420
5020
5270
5090
5180
4618
5651
5460
5260
5080
5360
5300
5039
4749
5320
5540
5210
5219
5310
5380
5300
5460
5220
5220
5310
5400
5269
5420
5220
5520
5420
5450
5340
5070
4929
5180
5190
5070
5370
5360
5300
5260
5169
4899
4889
4809
5220
5119
5029
5260
5460
5190
5069
5270
5310
5360
5390
5079
5391
4980
10240
5330
4830
5200
4839
4929
5069
5180
4859
5099
5290
4809
3627
4819
4919
3727
5150
5229
4529
5110
3507
4940
4739
6933
5300
4999
5280
5180
5069
5130
4799
5079
5099
4879
5190
5280
5200
6372
4949
5179
5089
5340
5029
5249
4618
5180
4960
5190
5561
5411
5240
5320
4950
4688
5120
5229
3557
5020
5069
4939
5270
5029
4959
4539
5189
5350
3687
4879
5260
5230
4979
5180
5059
4959
2805
4769
5871
2585
5180
6081
5039
5801
5360
6001
5330
5170
5190
5200
5380
5170
5039
2515
4909
5461
5410
4899
2905
5049
5170
5060
5069
5490
2495
4959
5200
5009
5620
5010
4959
5079
5080
5060
4819
5330
5199
5050
5060
4859
5140
5159
4929
5110
5360
5090
5089
5130
4769
5139
5130
4909
5290
5179
4970
5080
4919
5049
6011
5180
4789
4829
4939
4679
5140
5240
5270
5129
5119
5089
5010
5260
4930
4820
6722
5350
5209
5400
5099
5110
5210
4819
5010
4999
5360
7595
5100
5190
5450
4949
5010
4779
4769
5069
5010
3647
5380
5149
5110
4629
4910
4779
5240
3507
4909
5060
9178
4779
4979
4668
4900
9097
5200
4819
4489
4649
4869
5240
5000
4859
4628
4769
4879
4819
5070
5370
4959
4689
4609
4649
4880
4940
4559
4939
4439
5279
4929
4889
4759
4739
4659
4799
4759
5250
4648
4839
4479
5080
4950
4979
4899
4939
4669
5070
5229
4969
4579
4689
5160
5170
5049
4709
4739
5110
4539
4598
4639
6953
4979
5400
4608
5050
5009
4708
5461
4990
5350
4969
4538
4799
4558
4949
4579
4749
4649
4638
5320
6482
4759
4539
4749
4799
5130
5190
4809
4949
4559
4799
4629
5099
4849
4579
4449
4989
5060
5250
5200
5190
4759
4658
4729
5069
4729
4970
4809
4539
7164
5080
4579
4979
4950
5030
4619
4679
4389
5150
5330
5050
4498
5220
5140
5199
5030
4418
5190
5069
5410
4618
5240
4859
4708
5199
5240
4839
4969
5340
5190
5050
5019
4799
5180
4839
5069
5070
5190
4608
5260
4979
4949
5290
4589
5059
4849
5080
4598
4699
4699
4959
4950
4990
5400
5039
4950
4689
2785
4789
4569
4949
5009
5120
4999
5119
5330
2455
4989
2424
4839
4459
4629
5239
4549
3727
4979
3527
5029
4559
4979
4428
3737
4940
5361
5000
7213
5070
4889
5030
5130
4990
4979
4759
4959
4859
4478
4388
4829
4529
4790
4909
4980
4759
4418
4799
4799
4238
3456
4929
4940
4979
4990
4939
3446
4308
2625
4738
4368
4468
4448
5030
3496
4969
6362
5029
4899
4899
4459
4689
4479
4549
4669
4819
4528
4568
4929
4969
4989
5169
4929
5009
5050
5230
4498
4448
4529
4548
5039
4929
4749
4368
4438
4729
4769
4729
4679
7835
5170
4789
4569
4568
4919
3647
4548
4589
3617
4489
5040
3426
4508
4910
3587
4328
15589
3486
4449
5089
3727
4489
4658
4709
3486
4718
4519
4839
4549
3546
4890
4749
4579
4388
4849
3647
4809
4889
5110
4539
4869
3586
4979
4919
3597
4438
4428
3646
4840
4929
4729
3506
4689
4940
3557
4398
4539
3587
4859
4879
4709
4549
3557
4999
5089
4519
4769
5170
4999
5220
5010
4979
5310
5039
4920
4839
4889
4448
4699
4508
4789
4739
4538
4779
4820
4759
4729
4799
4369
4850
4489
4419
4679
5060
5110
5180
4989
4439
4900
4648
4699
4829
4378
4789
5140
5090
4329
5060
4338
4448
5000
4308
4519
4799
4859
4699
4538
5330
4959
4999
4900
4719
4648
7164
4869
4318
4989
4718
5320
4779
4779
5040
3627
4899
3526
4669
3586
4759
4989
4729
4869
3446
4789
3466
4408
4739
3557
4749
4588
3427
4749
4840
3376
4879
4809
3307
4779
4699
4880
3487
4819
4889
3697
4999
5169
4759
4779
3727
4568
4769
3327
4488
5631
3396
4679
4649
4739
5470
5060
3517
6593
4909
4578
4819
4819
5150
3467
4749
4789
5020
3486
4659
4589
3366
5310
4859
4769
3417
4759
4900
3577
4749
4859
3407
4399
4519
3597
5019
4658
4980
4970
4268
4809
4529
4638
4589
4568
4509
5791
5049
4849
4689
4138
4879
4508
4930
4298
4318
4399
4979
4689
4799
4559
4789
4709
4769
4829
4989
4659
4779
5019
4970
4809
4749
4348
4869
5019
4839
4959
4749
4468
4609
4679
4910
4519
4719
4929
4769
4799
4729
4278
4709
4839
4939
4879
4489
5079
4729
4819
4809
4939
4869
4919
4739
7254
4980
5641
4689
3897
4789
5059
3436
5020
5029
4779
4738
4679
5119
4759
5080
4840
5090
4449
4969
5170
4489
4819
4899
4909
4809
4549
4568
4769
4629
4840
4789
4418
4909
4930
4619
4980
4739
4879
4418
4799
5029
4940
4418
4489
4709
4919
4679
4678
4348
4518
4518
4699
4258
4478
5340
4148
4669
4739
4809
4779
4839
5170
4608
4779
4950
4749
4619
4598
4789
7043
4799
4619
4709
3446
4599
4849
3266
4489
4639
3537
4829
4678
4549
4699
4108
4368
4689
4599
4759
4558
4749
4659
4108
4880
4608
4549
4749
4809
3567
4509
3426
4919
4589
4728
4719
4569
4649
4588
5090
4559
4388
4659
4809
4829
4629
5110
5059
4278
4538
4779
4739
4669
4088
4869
4388
4900
4529
4839
4759
4128
4258
4599
4238
4708
4639
4368
4669
4649
4819
4608
4829
3958
4970
4668
4429
4558
4719
4659
4378
32250
4348
4729
4749
4819
4789
4799
4729
4729
4638
4328
4729
4589
4228
4779
4829
4910
4328
4328
8867
4709
4588
4698
4779
4699
4228
4628
4799
4438
4689
4799
4669
4840
4549
4258
4749
4849
4789
4759
4629
5140
4789
4930
4468
4659
4659
4429
4849
4599
4288
4789
4508
4950
4749
4348
4809
4769
4729
4288
4679
4849
4759
4278
4348
4849
4839
6503
3286
4609
4589
4299
4178
4639
3426
4709
4368
4749
5110
4859
2385
4188
2515
4398
4148
4489
4749
2645
4318
4819
4809
4349
4378
4819
4799
4879
3497
9268
3156
4017
3256
4729
4559
4449
4369
4178
4368
4248
4579
4028
4148
4458
4398
3186
4038
3367
4228
4538
4468
4429
4419
3216
4409
4128
5120
4488
4438
3106
4358
3236
4628
3927
4779
3186
4007
3226
4619
4458
4548
4619
4459
3226
6232
4438
4459
4438
3908
3156
4508
4588
4007
4428
3196
4018
4047
2355
4419
4188
4098
4709
4449
4478
4549
25718
4489
4288
4358
4298
4258
4398
8276
4539
4018
4378
3897
4078
4038
4659
4448
4468
4097
3908
4519
4509
4528
4538
4138
4168
3947
4017
4078
3978
4639
4819
3848
4097
4699
3857
4197
4308
4408
4718
4538
4448
4379
4408
4548
4638
4739
4348
4047
4368
4419
4529
4448
3938
4338
4438
4368
4268
4558
4378
4619
4568
4439
4198
4208
4097
8957
4559
4369
4539
4408
4568
4368
4478
4499
4499
4548
4218
4408
4368
4068
4498
4308
4128
4749
4438
4428
5200
4408
4528
4518
3967
4398
4519
4388
4629
4459
4489
4168
4117
4558
4439
4208
4218
4398
4468
6291
4529
4098
3957
4348
4108
3917
4378
4388
4569
4248
4439
4408
4448
4438
3266
4408
4117
4038
4178
4329
4769
4348
4218
4348
4258
4298
4338
4418
4408
3967
4088
4007
2354
4017
2434
7434
2364
4087
4017
2996
4128
2394
4398
4298
2404
4058
2514
4198
2304
4168
2916
4088
2154
4097
2425
4128
2344
3757
4359
2114
4238
2495
4057
2124
4128
2464
3978
2415
3958
2454
4188
2094
4028
2335
4057
4168
2315
4458
4328
3116
6142
2364
4158
2345
4098
2375
6072
2134
4569
2424
4008
2444
3947
2384
4037
2525
3426
2505
3376
2344
3406
2214
3556
2986
3466
2355
3417
2775
4027
2254
3918
2044
4088
2515
4048
2314
4028
2375
4048
2104
3897
2375
3947
2785
4128
2465
4178
2885
4127
2315
4248
2114
4057
2234
4008
2484
4158
2185
4028
2334
3898
3537
2184
3397
2464
3707
3005
3457
2374
3436
2454
3607
2405
3918
2335
4208
3436
2385
4098
2514
4018
2365
4158
2144
4197
2404
4328
2445
3997
2935
4098
3316
2164
3447
2304
3486
2485
4178
3657
2936
3156
2314
4188
2384
4018
4398
3737
4017
4418
3938
4408
3998
3927
4358
4368
4268
3817
4388
4198
4318
4318
4299
4408
4318
4308
3827
3847
4147
4047
4228
4388
4308
4158
3877
4148
3797
4618
3897
4208
4258
4168
3978
4579
3987
3687
4238
4248
4238
4128
3857
3747
3968
3847
4028
3857
6753
4107
4037
3657
4258
4298
4188
3877
3657
3727
3617
3958
3797
4328
3697
4127
3687
3867
3967
3928
4258
4178
3757
3737
3817
4248
3897
4178
4278
6242
4077
3987
4849
4208
4118
3717
3908
3897
4108
3807
4138
3978
4248
3828
3987
4358
4308
4118
3847
3717
3687
3757
4157
4058
3767
3877
4338
4418
3917
4288
4168
4088
4138
3717
3807
4418
3727
4148
3747
3938
4469
4238
4158
4177
4298
3847
3797
4078
4299
4128
4589
3717
3917
4078
4258
4378
4278
4278
4058
4098
4158
4028
4238
4188
3887
3837
3997
4118
3778
4148
4038
3898
4589
3266
4058
4258
4027
4078
4168
4108
4078
4017
4318
4008
4167
4278
4118
4528
4168
4288
4308
4388
4248
4058
4328
4108
4208
6442
4098
4118
4318
3045
4238
4067
4178
3787
4308
4238
4178
4178
4088
2074
3967
4218
4258
4538
4218
3937
3697
4178
4178
4298
4228
4328
4118
4178
3937
4048
4248
4008
3847
3778
3877
3787
4007
4198
4168
4138
4909
3827
3947
4048
3747
3817
3918
3818
4138
4208
4378
4178
3907
4278
4168
3998
4438
4057
4088
3898
4329
4218
4178
4409
3757
3867
4409
3947
4288
4278
4098
4038
4138
4068
4027
3877
4027
3958
3898
4038
4108
3938
4068
3957
6141
4138
4088
3617
4078
4178
3777
3677
3917
4068
4068
4067
3667
3767
4368
3957
4027
3907
4188
3576
4067
4168
3957
4077
4148
4178
3727
3998
4318
4198
3596
4429
4088
4088
4007
3617
4248
3778
3727
4087
3737
3737
4228
4248
3787
4097
4048
4228
4288
3957
3597
3747
3958
4017
4268
4799
3787
4198
4048
4188
3757
4158
4067
4108
3897
4148
4137
4058
4198
3978
4037
3597
4178
3888
4218
4007
4017
3737
4258
2936
4408
3997
4398
4117
2896
4007
3036
4098
4168
5160
4067
4057
4217
3827
4268
3828
3907
4198
4248
2886
4318
3987
4188
3917
4057
3216
4238
3998
2895
3938
4007
2906
4037
4198
3006
4218
4177
2825
4118
4188
2955
4028
4068
2926
4167
6563
3026
4088
3847
4118
3447
4178
4087
4217
4177
4008
4077
4098
4007
4127
4178
3697
3958
3817
4007
4027
3597
3998
6232
4088
3637
3978
3847
3657
3777
4058
3747
4078
3928
4008
3907
3838
4208
3787
4128
4098
3657
4078
4067
3877
4118
4067
4078
6473
3787
3917
4017
4148
4138
3747
4409
4098
3897
3536
3898
3486
3587
3457
3647
3537
3787
3957
3707
3637
3908
3437
3677
3957
3938
3827
3707
3436
3537
3827
3848
4118
3847
3547
3617
3656
3707
3908
3937
4168
3637
3486
3507
3717
3927
3978
3617
3667
3567
3647
4318
4097
3617
5621
3527
3527
3596
3577
3967
3677
3987
3687
4007
4088
4138
3787
3747
3937
4058
3536
4027
4198
3787
3527
3968
3707
3928
3927
3817
3757
3477
3637
3447
4047
3827
3646
3556
3586
3476
3777
4057
3737
3807
3406
4087
4017
4007
3577
3667
3768
3587
4028
3917
3787
3526
3897
4018
3727
3827
3567
1963
3547
4558
3787
4128
3617
2876
3596
4137
3587
3617
3807
4008
3577
3868
3556
3847
4138
3637
4017
3597
3878
3928
3707
3988
3586
3697
3807
4288
3637
3557
3657
3907
3567
4107
3747
3937
3537
3627
3787
3586
3717
4097
3808
3727
4048
3687
3727
3587
3908
3858
4028
3857
3817
3877
14798
3867
3957
3636
3867
3867
3967
4017
3978
3978
3957
3667
3517
3577
3947
3947
4147
3978
3938
4188
3577
3897
3957
4128
3968
3887
3958
3917
3918
3567
3586
3837
3927
4208
3977
3878
3506
3988
4509
3757
3918
3597
3777
3978
3737
3847
3687
3506
3867
4057
4509
3838
3827
3827
3427
3908
3437
3857
3677
3768
3967
3837
3788
3898
4108
3727
3847
4017
3737
3887
3948
3717
3947
3647
3827
3897
3937
3476
3847
3567
5009
3957
3928
5240
3807
3927
3837
3597
4979
9297
3797
4639
3817
3778
3386
3657
3887
3927
4008
3797
4147
3807
3677
3937
3687
3827
3877
3907
3747
3908
3828
4017
3857
3938
3848
3757
3487
3386
3857
3867
2746
3807
2945
3867
3998
3997
3757
4028
3747
3867
3767
2746
3747
3968
3837
3687
2675
3847
3857
3847
3908
3417
3486
3807
3938
3898
2825
3837
3828
3918
3817
3868
2905
3917
2735
3847
4027
3657
2885
4008
2746
3978
3687
3657
2705
3767
2675
3717
2965
3827
3777
3967
4288
3717
3937
4930
3617
3897
2725
3877
2875
3687
3016
2775
3867
4057
3767
3988
3817
3877
2194
3537
3797
1874
3647
3847
3416
3697
3967
2746
4048
3768
3627
4118
3897
2745
3857
3777
4007
3907
3617
3957
3988
3807
3757
4008
3858
3798
2896
3927
2735
3797
3917
3998
4008
3767
2926
3858
3838
3897
3747
2625
3977
3957
4028
3767
3817
3457
3748
3847
3367
3787
4048
3727
1844
3457
3677
3607
3777
1743
3727
3697
3626
4168
3677
3767
3797
3376
3477
3336
3416
3747
3717
3577
3306
3677
3807
3687
3586
4638
3456
3687
2705
3597
2755
6863
3567
3676
3807
3567
1824
4168
3557
7765
3767
3717
3607
3878
3757
3446
3246
3777
3837
2745
3397
2736
3948
3657
3808
3817
3707
2695
3857
3817
3697
4047
3416
2715
3467
3757
3526
3848
2855
3737
3697
3697
3737
3717
3877
3727
5801
3447
3917
7484
3557
3898
3727
3767
2645
3767
3697
3576
2765
3687
2755
3807
5731
3777
3977
3397
4118
3827
3657
3717
3747
3857
3707
2875
3627
2625
3707
3817
3727
3737
3807
3466
3677
3787
3466
3596
3787
3767
3627
3777
3837
3717
2755
3807
2735
3757
3867
3947
3817
3437
2645
3697
3376
3687
3868
3908
2655
3767
3817
3586
3907
3686
2625
3877
3637
3797
3838
3356
2765
3748
3777
3817
3767
3697
2915
3727
3496
1974
3857
3857
3307
3467
3467
2705
3637
3717
3717
3747
3737
2685
3737
3447
3797
3778
3697
2735
3636
2685
3747
3657
3887
3326
2605
3717
3347
3687
3807
2585
3687
3707
3536
3758
6232
2815
3667
3797
3767
3496
3917
3637
3266
7063
3266
3476
3868
3196
3657
3747
3667
3617
2495
3477
3827
3567
2575
3607
2605
3637
3467
3607
3647
3566
3497
2635
3547
3617
3256
3366
3627
2695
3717
3356
3577
3797
3707
2665
3596
3707
2594
3436
3567
3356
3356
3307
3236
3637
3647
3657
2615
3557
3747
3567
3246
2655
3617
3687
3576
3727
3576
2765
3656
3326
3697
3617
3717
2485
3937
2585
3757
3517
3677
3396
3527
3707
3647
3556
3637
3827
3697
2624
3427
3687
2675
3397
3637
3657
3447
2665
4168
3747
3667
3637
3556
3807
2575
3586
2565
3577
3326
3577
2685
3647
3727
3246
3677
2705
3617
2575
3747
3587
3617
2655
3627
3727
3526
3707
3727
3266
3256
3717
3557
2746
3717
2665
3506
3486
3517
3436
3727
2545
3647
3456
3627
3506
3557
3697
3607
1994
3637
2004
3587
3146
3717
3226
3326
3507
3256
3417
3717
3617
3687
3697
3626
2595
3677
2565
3466
3506
3737
3526
3727
3417
3216
3567
3236
3717
3747
3797
3546
3637
3226
3687
3657
3647
3656
3566
3527
3767
3587
3266
3767
3757
3667
3757
3507
3607
4298
3256
3717
3646
3366
3797
3637
3507
3857
3577
3286
3587
3627
3687
3607
3566
3106
3497
3497
3396
3527
3677
3667
3797
3607
3347
3446
3527
3607
3807
3657
3156
3687
3727
3517
3466
3617
3467
3647
3577
3446
3617
3447
3647
3517
3567
3607
3406
3717
3307
3627
3526
3646
3507
3496
3457
3697
3456
3546
3617
3457
3456
3627
3647
3677
3617
3497
3186
3486
3616
3567
3717
3527
3557
3487
3546
3617
3567
3657
3557
3557
3536
3557
3327
3576
3407
3397
3206
3737
3647
3466
3507
3176
3456
3687
2504
6242
3597
3156
3387
3607
3466
3477
3546
3506
4789
3557
3437
3096
1814
3387
3006
3407
3556
3527
3357
3156
3457
3417
3727
3446
3116
3366
3797
3477
5731
3406
4578
3166
1723
3437
3176
3506
3407
1924
3467
3346
3446
3587
3387
3396
3597
3086
3587
3627
3527
3446
3326
3597
3567
3206
6212
3486
3567
3386
3487
3297
3426
3586
3216
3406
3196
3567
3587
3557
3948
3446
3247
3667
3527
3547
3527
3607
3517
3547
3777
3447
3476
3466
3416
3787
5060
3506
3567
3526
3536
7194
3406
3697
3607
3496
3397
3487
3467
3466
3506
3527
3556
3467
3467
3677
3597
3226
3487
3567
3476
3536
3607
3447
3647
3576
3537
3667
3447
3055
3506
3416
3306
3276
3166
3466
3366
3347
3397
3497
3577
3236
3547
3427
3357
3427
3376
3607
3427
3416
3487
3396
2524
3116
2505
3537
2926
3617
2525
3587
2404
3477
3256
3367
3557
3376
2334
3486
3507
3758
3006
2405
3276
3156
3506
3496
2625
3377
3376
3376
3597
3266
2375
3507
3467
3447
3376
3287
3327
3447
3236
3326
3416
3487
3206
2434
3397
3085
2455
3356
3316
3327
3366
2314
3356
3116
3457
3337
3386
3406
3587
3447
3527
3437
3687
3367
3186
3386
3407
3406
3707
3437
3426
3096
3326
3366
3366
3146
3076
3015
3456
3376
3126
3467
3426
3407
3447
3386
3487
3266
3426
3567
3136
3296
3387
3115
3326
3226
3777
3507
3506
3597
3076
3436
3015
3396
3476
3206
3406
3317
3327
3446
3116
3366
3527
2996
3437
3376
3326
3486
3367
3917
3547
3387
3447
3136
3397
2474
3437
2324
3647
3176
3307
2515
2424
3447
3096
3286
3256
3586
3647
3296
3376
3306
3276
3406
5631
3317
3457
3476
3006
3446
3377
3357
3476
3537
3377
3487
5100
3396
4007
3317
4619
3437
4027
3356
3436
3276
3196
3166
3386
3346
3586
3808
6111
3306
3978
3386
3286
3166
3216
5370
4579
3226
3387
3517
3216
3196
3557
2886
3336
3356
2835
3367
3186
3246
2985
2955
2996
3446
3586
3406
3337
3226
3536
3416
3086
3236
3156
3006
3286
3286
3136
3256
3256
3216
3376
3316
3337
3286
3055
3066
2995
3256
3436
3737
3367
3256
3126
3206
3486
2945
3246
3276
3306
3136
3386
3798
3356
3055
3527
7434
3377
3938
3556
3336
3386
3396
3176
3817
2856
3196
3396
3206
3417
3166
3076
3276
2945
3677
3557
3176
3376
3246
3517
3026
3066
3036
3266
3226
2975
3286
3507
3266
3336
3046
3617
2454
3176
3166
1753
2815
3085
2645
3296
2655
2805
2855
2565
2525
3476
2385
2335
2926
3196
3146
3307
3446
3156
2985
3436
3477
3256
3346
3396
3547
2786
3286
3477
3286
3226
3166
3487
3306
3286
3206
3457
3346
5761
3116
3236
3697
3146
3226
3016
3266
3025
3236
3197
3496
3317
3016
3035
3657
3407
3045
3417
3176
3366
3297
3436
3296
3267
3356
3156
3397
3276
3317
3276
3366
3296
3066
3236
2965
3296
3297
3206
3447
3226
3045
3326
3276
3276
3296
3427
2925
3176
2985
3226
3226
3155
2955
3326
3437
3246
3337
3327
3036
3256
3046
3246
3156
3106
3247
2956
2836
3166
3056
3156
3246
3296
3277
2886
3086
3246
3166
3266
3206
3256
3176
3166
2344
3326
3306
3206
3226
3166
3166
3136
3036
2886
3336
3276
3196
3126
3226
3216
3216
3176
3186
3246
3316
3186
3306
3216
3226
3276
3256
3186
2896
3246
3206
3156
3326
3327
3086
3206
3135
3156
3116
3307
3186
2996
3226
3286
3216
2985
3166
3056
3096
3357
2946
3206
5550
3095
3216
2946
2916
3176
3186
3296
3015
3186
3206
2955
3216
3106
3136
3035
3237
3126
2915
3256
3116
3025
3116
2946
2925
2986
2314
3016
4558
3406
4499
2395
3497
3346
3105
3196
3126
3316
3156
3055
2955
3216
3176
3065
3055
2915
3025
3036
2935
3066
3226
3286
3126
3106
3106
3276
3266
3156
3015
3267
3287
3216
2745
3146
3256
3046
3196
3105
3256
3226
3196
2996
2946
3095
3267
3176
3367
3266
3156
3287
3236
3206
3196
3045
3136
3116
3326
2835
4839
2826
3166
3377
3196
2946
3737
3085
2785
3206
3457
3135
3216
3136
3266
3146
3256
3196
3226
3216
3176
3287
3036
3206
3306
3096
3146
3116
3287
2885
3287
3496
3226
3286
3206
4739
2835
3025
2896
4228
2805
2976
2845
3066
3156
3026
3096
3115
3206
3086
3277
3046
3026
4068
3076
2936
3126
2935
3086
4769
3146
3076
3016
3176
3066
3106
3236
3176
3096
3116
2986
2985
3006
2825
3075
3096
3216
3106
3076
2725
3046
3036
3015
3016
2234
3106
2204
2214
3076
3045
2836
2786
2926
2815
3156
2985
3126
2976
2956
3246
3146
2876
2856
4278
2855
3186
3025
4999
2826
3136
2956
2905
3076
3045
3126
3227
3226
3176
3055
3717
2766
4258
3136
3096
3126
3146
3116
2996
3206
5411
6793
3136
2905
3136
2985
2936
2916
4087
3105
2965
2896
3055
4388
3316
3206
3096
2886
2875
4148
3186
2795
3156
4177
3236
4599
3015
3016
3045
3106
3166
3106
3046
3166
3036
3186
2755
3236
3016
3797
2575
3126
3065
4539
2786
3116
2865
3066
3136
3096
3106
2796
2775
2845
3065
3115
3256
4268
3226
3065
4348
3146
3226
3547
3256
3356
3446
3035
3166
3035
2986
3166
3066
3056
3076
3176
3085
3186
2134
3076
3006
2816
2886
3055
3006
2876
2865
3076
3216
3277
3086
2926
2846
2936
3146
2976
2865
4489
2856
3106
3066
2806
2945
3006
3247
3516
2965
3066
1633
2936
2966
3066
2956
1423
14767
3076
2935
2946
2995
2645
2995
2645
2885
2945
2184
3066
2655
2915
3196
2986
2124
3146
2665
2906
2895
2865
2154
2885
3035
5450
3076
2766
2215
3006
2695
2985
3096
3006
2043
2935
2996
3316
2705
2134
2975
2845
2935
3116
2995
2144
2866
3056
2936
3055
3016
2124
2996
2585
2925
3036
2966
2164
5490
2645
3026
2965
2935
3115
2916
3016
2955
2826
3056
2675
3005
2985
3016
2695
2595
3136
2985
2925
3086
2865
2805
2604
2785
2815
2464
3196
2124
3076
2786
2705
2735
2836
2825
2875
2756
2936
2886
2916
2966
2765
2846
2795
2995
3015
2855
2826
2966
3005
2955
2895
2955
2966
2785
2805
2875
3487
3015
3156
3377
4048
2865
2906
2736
2976
2895
2805
2775
2895
2895
2846
2995
2795
2866
2725
2946
2876
2735
2575
2895
2795
2555
2725
2405
2936
2995
3266
2855
2865
2615
3357
2725
2986
2935
3467
2756
2855
2995
2795
3125
2765
3095
2796
2745
2905
2755
2906
2976
2785
4859
2806
2836
2735
2896
2925
2695
3066
2956
2806
2996
3086
2625
2124
2986
2936
2965
2936
2154
3016
3015
2936
3317
2865
3086
3116
2755
2915
2935
2875
2825
2775
2756
2645
2935
2886
2675
3156
2083
2836
3266
3015
3046
2866
2044
2965
2925
2985
2826
2094
2795
2154
3005
2845
2865
2995
2875
3026
2856
2755
2093
2805
2975
2745
2084
2865
1914
2885
2966
2925
3035
2855
2776
1423
2875
2966
2915
2846
2595
2826
2806
2976
3086
2174
2534
2034
2886
2865
2866
2766
2054
2975
2815
2845
2916
2976
2856
2835
2826
2826
2906
2975
2856
2855
2925
2946
2855
2865
2946
3006
2925
2946
2765
2846
3036
2645
2846
2935
2815
2915
2845
2896
2745
2865
2725
2846
2915
2926
2825
2686
2936
2865
2876
2916
3186
2846
2786
2825
2896
2916
2876
2865
2836
2805
2885
2806
2836
2835
3006
2826
2063
2795
2906
2875
2174
2926
2034
2856
2545
2925
2665
2615
2695
2865
2044
2885
2665
2124
2725
2735
2925
2154
2896
1482
2916
2184
2845
2615
2815
2965
2865
2975
2795
2745
2785
2985
2826
2915
2956
2615
1984
2786
3005
2825
2815
2786
2134
3126
2164
2926
2825
2083
2915
2765
2805
2144
2494
2114
2925
3056
2084
2846
2194
2815
2074
2845
2916
2906
3056
2835
1332
3096
2735
2945
2775
1984
2735
2755
2795
2795
2816
2915
2715
2675
2985
2705
1984
3046
2755
2675
2695
2094
2635
2014
2615
2495
3226
2084
2725
1953
2485
2745
2835
2946
2806
1974
2755
2825
2735
2815
2816
2064
2525
2084
2906
3046
2815
2044
2735
1973
2956
2805
2685
2796
2625
2184
2715
1964
2805
2775
2816
2495
2775
2013
2786
2786
2595
2726
2615
2815
2765
1924
2795
2525
2695
2735
2054
2805
2685
3256
2565
1974
2925
2755
2555
2725
2605
2274
2866
1984
2816
2755
2755
2535
2034
2846
2935
2584
2645
2775
1963
2765
2464
2685
2725
2034
2555
2355
2995
2876
2605
3076
2544
2485
2594
2826
2053
2766
2926
2735
2975
2535
1964
2775
2495
2785
2776
2645
1904
2915
2565
2695
2805
2795
2645
2795
2755
2866
2665
2665
2775
2755
2695
2124
2755
2114
2806
1432
2545
1403
2635
1453
2625
2735
1383
2705
2996
2564
2565
2716
3126
2805
2665
2655
2885
2715
2595
2795
2865
2785
2795
2755
2665
2825
2785
2805
2755
2825
2675
2695
2816
2484
3016
2915
3046
2866
2665
2785
2565
2585
2465
2725
2895
2715
2715
2886
2775
2685
2986
2445
2735
2635
2725
2785
2665
2826
2665
2746
2725
2475
2725
2765
2665
2394
1814
2776
1302
2715
2635
2615
2685
2434
1874
2585
2675
1963
2705
1913
2705
2434
2715
1943
2475
2655
1924
2695
2655
1904
2414
2655
2555
2715
1893
2615
1853
2455
2715
2585
2585
2575
2836
1854
1994
2615
2004
2575
1372
2565
1573
2455
1332
2525
1563
2495
1613
2515
1372
2695
1974
2565
1382
2484
1293
2465
1373
2445
1333
2836
1383
2485
1373
2494
1954
2625
1423
2144
1422
3637
1503
2164
1382
2295
1353
2495
1673
16371
1292
2735
2304
2736
2594
2726
2645
2655
2735
2655
2755
2344
2966
2785
2495
2705
2676
2575
2705
2675
2715
2635
2735
2705
3737
2695
2645
2645
2675
2846
2645
2605
2615
2655
2715
2685
2705
2635
2635
2645
2746
2745
2886
2665
2695
2575
2695
2766
2715
2615
3095
2916
2645
2645
2765
2364
2404
2685
2725
3116
2705
2464
2625
2725
2525
2585
2545
2605
2524
2505
2635
3116
2605
2785
2735
2575
2495
2615
2655
2635
2625
2655
2545
2535
2575
2615
2765
2706
4889
2494
2755
2485
2635
2735
2625
2645
2655
2594
2505
2765
2735
2595
3927
2595
2725
2825
2815
2915
2635
2786
2475
2655
2485
2525
2264
2475
2585
2595
2435
2264
5401
2475
2564
2335
2525
2404
2494
2645
2614
2595
2705
2645
2525
2534
2665
2565
2585
2565
2535
2585
2645
2584
2485
2585
2495
2565
2304
2555
4949
2635
2525
2404
2715
2524
2504
2565
2585
2525
2685
2504
2525
2515
2565
2545
2545
2595
2495
2565
2585
2585
2615
2625
2585
2665
2455
2615
2475
2575
2534
2574
2485
2495
2554
2584
2605
2795
2505
2745
2435
2525
2675
2285
2365
1844
2545
2345
2455
2555
2534
2615
2464
2535
2475
2585
2605
2494
2595
2144
2164
2725
2514
2645
2555
2544
2515
2505
2345
2295
2625
2715
2585
2595
2625
2535
2555
2565
2605
2504
2505
2495
2786
2685
2535
2615
2505
2514
2805
2605
2635
2515
2865
2565
2595
2465
2534
2525
2605
2575
2615
2705
2344
2304
2544
2755
2615
12573
2535
2585
2565
2755
2585
2545
2585
2565
2445
2726
2485
2584
2425
2374
2565
2474
2434
2464
2695
2554
2555
2445
2655
2625
2735
2244
2996
2505
2655
2565
2575
2605
2485
2525
2314
2374
2625
2465
2495
2424
2435
2445
2575
2594
2415
2524
2555
2405
2625
2465
2525
2575
2645
2465
2615
2414
2394
2525
2545
2415
2424
2485
2484
2554
2585
2555
2364
2555
2895
2225
2485
4679
2736
2394
2464
2415
2645
2615
2294
2425
2475
2454
2304
2235
2375
2315
2535
2194
2415
2304
2535
2445
2405
2384
2495
2395
2445
2495
1963
2414
2595
2445
2304
2565
2455
2635
2835
2485
2475
2425
2514
2455
2404
2545
2554
2555
2465
2405
2535
3016
2514
2244
2545
2495
2484
2444
2605
2495
2344
2415
2434
5180
2575
2345
2595
2504
2305
2505
2424
2195
2364
2434
2474
2515
2525
2785
2335
2535
2465
2695
2324
2494
2545
2394
2425
2344
2154
2494
2455
5160
2435
2454
2584
2484
2524
2716
2495
2254
2474
2545
2294
2264
2294
2535
2595
2525
2465
2465
2424
2465
2234
2555
2474
2204
2414
2345
2425
2615
2435
2415
2465
2385
2544
2375
2614
2424
2474
2465
2194
2384
2465
2415
2495
2525
2525
2465
2515
2194
2445
2575
2425
2535
2565
2394
2164
2504
2515
2445
2164
2345
2304
2334
2395
2605
2444
2454
2515
2375
2625
2264
2415
2485
2414
2444
2344
2755
2164
2485
2505
2594
2355
2285
2645
2535
2455
2265
2495
2515
2485
2555
2444
2545
2415
2434
2164
2545
2465
2264
2404
2194
2405
2445
2364
2354
2334
2465
2394
2214
2455
2144
2345
2415
2355
2485
2405
2214
2435
2325
2354
2415
2414
2385
2134
2415
2395
3036
2214
2395
2425
2414
2344
2184
2304
2385
2444
2504
2615
2435
2275
2244
2294
2154
2234
2514
2354
2345
2524
2084
2364
2554
2195
2415
2424
2504
2405
2175
2535
2454
2395
2344
2605
2395
2365
2184
2104
2314
2805
2434
2424
2084
2094
2114
2464
2274
2315
2174
2555
2434
2384
2385
2485
2435
2484
2464
2485
2475
2394
2525
2454
6192
2194
2315
2454
2094
2384
2304
2335
2304
2365
2334
2415
2294
2154
2364
2245
2515
2274
2334
2425
2214
2325
2475
2495
2234
2114
2435
2715
2415
2405
2345
2374
2324
2946
2345
2375
2475
2094
2325
2455
2314
2384
2354
2374
2425
2334
2325
2184
2315
2445
2505
2455
2124
2344
2344
2365
2344
2625
2364
2405
2295
2244
2164
2224
2434
2434
2234
2434
2274
2344
2305
2325
2174
2284
2355
2455
2424
2374
2314
2325
2344
2405
2455
2324
2224
2434
2454
2465
2214
2164
2545
2364
2785
2224
2204
2114
5230
2465
2304
2214
2334
2415
2454
2445
2274
2285
2355
2134
2234
2264
2235
2555
2384
2244
2335
2264
2315
2355
2104
2083
2304
2305
2475
2344
2284
2204
2244
2454
2274
2395
2414
2404
2245
2225
2265
2114
2255
2404
2465
2315
2344
5200
2134
2384
2284
2144
2284
2265
2344
2384
2244
2154
2084
2294
2244
2385
2355
2284
2614
2044
2305
2755
2194
2354
2425
2174
2254
2194
2344
2314
2445
2314
2334
2354
2084
2344
2214
2064
2274
1974
2384
2214
2094
2204
2184
2335
2044
2184
2184
2344
2034
2154
2475
2254
2104
2285
2164
2405
2064
2264
2264
2144
2145
2384
2184
2124
2444
2044
2345
2254
2335
2254
2244
2264
2344
2314
2154
2284
2245
2334
2334
2294
2214
2475
2374
2314
2314
2284
2214
2103
2194
2304
2305
1974
1984
2345
2154
2114
6843
2114
2034
2224
2264
2255
2094
1964
2134
2334
2214
2184
3046
2274
2365
2415
2024
2174
2264
2265
2304
2385
2274
3246
2454
2354
2344
2044
2224
2144
2305
2515
2234
2134
2204
2334
2345
2514
2334
2234
2304
2174
2345
2404
2165
2144
3095
2084
2224
2054
2304
2305
3336
1964
2164
4027
2314
2073
2335
2304
2214
2274
2354
2295
2204
2144
1954
2033
2073
2094
2234
2024
2144
2034
2114
2214
2013
2014
2094
1994
1974
2154
2034
2034
1934
2094
1713
2154
2084
2084
2054
2185
2114
2244
2284
2144
1994
2154
2205
2124
2244
2205
1884
2114
2294
2265
2164
2144
2074
2194
2225
2314
2124
2124
1894
2144
2084
2144
2084
2244
2285
2124
3386
2124
2124
1954
2174
2094
1983
2234
1904
2014
2294
2134
2154
2114
2144
2244
2215
2134
2284
2224
2204
2185
2204
2234
2144
2114
2094
2174
2394
2144
1973
2625
2184
2325
2144
2064
2154
2285
2004
2154
2174
2074
2224
2184
2235
2114
2074
2114
2455
2144
2264
2134
2124
2124
2104
2224
3387
2274
1603
2064
2144
2064
2074
2214
2114
2194
2265
2124
2064
2104
1552
2064
2114
2144
1883
2134
1914
2094
2245
2114
3196
2144
2364
2034
2104
2224
2104
1994
2224
2164
2074
2144
2194
3427
2164
2385
2104
1102
2004
2024
2084
1512
2224
1022
2355
2484
2104
1583
2104
2284
2114
2254
2345
2195
2154
2174
2174
2064
2104
2054
2044
2054
2094
2064
1864
2264
2154
2034
2324
2174
2094
2104
2024
1943
1934
2073
2164
1943
2064
2104
2204
2164
2235
2094
2094
2114
1794
1944
942
2044
1012
1994
2024
1944
1984
1924
2425
2224
1783
1984
2054
1823
2034
1794
1874
1864
1934
2014
1983
1923
6292
1974
2044
2094
1413
1924
2064
1914
1964
2014
2134
1963
1834
2114
1914
2004
1944
1934
1583
2094
2014
2014
1944
1883
2014
2034
1943
2254
2104
2185
2224
1934
1844
1903
2093
1934
1974
1944
1883
2184
1814
1904
1954
1874
1904
2215
1814
1904
1933
2755
1994
1994
1854
2355
1924
2244
1934
2084
2034
1953
2014
1964
1813
1863
1924
1923
1803
2124
1893
2995
1914
1923
1984
1884
3045
1874
1844
1934
1823
1823
1983
1833
1994
1953
1954
1984
1944
1954
2013
1963
1944
1843
2876
1973
2124
2004
2164
2003
1903
1764
2134
2104
2044
2154
2014
1824
2575
1864
2084
1984
2053
1943
1944
1953
1874
1944
1944
1804
1803
1963
2064
1783
1873
1853
2044
1943
1893
1914
2014
1964
2044
1783
1983
2114
1933
1993
2084
1964
2104
2063
2074
1462
1954
1513
1953
1943
1964
2004
1924
1443
1964
1733
2124
2084
1964
1984
1723
1894
1843
1934
1994
1974
2174
1864
2114
2675
1873
1993
2194
1983
2024
5060
1993
2084
