2023
20598
11882
12613
10870
11581
11472
11732
10690
11672
11812
11511
11983
12103
11712
11712
11672
10981
11161
10951
10950
10891
11341
10820
10991
10870
10810
11171
11161
11061
10911
10871
11321
11141
10881
12323
10980
11181
11060
10901
10810
10981
11051
11191
11030
11051
11131
10930
10911
10971
10890
10900
11061
10971
10941
11061
10910
10930
10981
11572
11571
10900
10941
11001
11793
11462
11151
10971
11171
10800
10951
10871
11021
11111
11101
10890
11101
10930
10931
10920
10761
11752
10579
10820
11672
11522
10881
12163
10650
11521
10690
11552
10530
10650
10450
10740
10721
10900
11672
11491
11541
11561
10589
11562
11522
10529
10580
11562
10630
11461
10470
11632
11471
10440
11221
10690
11481
11451
11531
11803
10579
11471
11682
11481
11712
11732
11642
10660
10570
10519
11612
8837
11342
8446
11752
11601
11381
11853
10700
11561
11712
11371
10500
8526
10490
8226
11752
11642
11381
9668
11362
9338
10620
11482
10500
10660
10560
11562
10480
10800
10560
11602
11532
11752
10650
11471
10550
10640
11682
11652
11592
11812
10701
11602
10660
11542
10700
11511
11802
11352
11511
11552
11582
11411
11602
11782
11512
11622
11682
10630
11602
11482
10901
10791
11482
11541
11622
11612
11472
8346
11491
11011
10700
9328
11121
8276
11823
11392
11371
11381
12744
8346
13025
8415
11431
11041
11311
11241
11461
11121
11602
11451
11251
10861
11361
10981
8436
11472
13095
8506
11472
11521
11381
11322
8426
11712
11281
11471
11372
11562
8385
11261
8476
11632
10891
11171
11341
8405
11311
11382
8597
11601
11201
11762
11753
11181
11622
11612
11000
11572
8666
10921
8325
11753
11281
11742
11632
11141
11562
11401
11732
11812
11552
11091
11572
11601
11331
11541
11722
11231
10940
6242
11031
11512
10900
11662
5751
11772
11041
11622
11452
11491
8486
11452
21430
8586
11341
11873
8516
10800
10720
8285
11802
11602
8335
11642
10620
11672
8366
11752
11592
10730
11522
8266
11872
11431
11542
11551
11512
11722
11762
8366
11632
11792
11672
11431
11792
11542
11592
11521
11522
11472
11611
11552
11421
11602
8315
11391
11822
11462
12223
10930
11341
11001
8246
12784
10920
11542
10861
11351
10780
12013
11041
13966
10991
11572
10820
11481
11010
11511
8206
11973
11091
11291
8516
11071
11451
8326
12192
11311
11692
11271
8386
11422
11813
8426
11101
10710
8466
11491
12153
11602
13566
8445
12003
11311
12193
10970
11191
8556
11531
10891
17163
8416
11993
11772
16201
8425
12163
11472
12093
11692
11501
10880
11642
11191
11541
8426
11922
11511
12153
11652
11381
11021
11382
8296
12263
10841
8436
11893
11903
11842
11421
11091
11371
11742
11642
11221
11472
11001
11501
10940
11822
11552
11742
11532
11442
11502
11732
11602
11641
11632
12213
11582
6351
11061
13595
11362
10840
11612
11071
10801
11481
11141
11131
11622
10660
8546
12553
8406
11763
11632
11542
11832
11702
8666
11542
11652
6192
11232
11873
11632
11912
11672
11882
11933
11562
11772
11892
11642
8556
11492
10730
11782
11692
11572
11772
11963
11401
11943
11763
8577
10850
8466
12053
11491
5711
11572
8546
11572
11451
11582
11732
11822
11312
11562
11672
8395
11581
11572
11752
11642
11682
11361
11642
8517
11652
11722
11422
11121
11752
8275
11732
10720
11582
10730
11712
8506
11542
8416
11792
12113
11542
11452
8446
11642
11662
11412
11591
11351
10369
8456
11442
8246
11592
11561
11501
11832
11491
10500
11662
10851
11502
11592
5671
10851
11783
11202
13145
11461
11382
11772
8356
10470
11361
11592
11482
8546
10630
10449
8306
11452
11482
11632
11682
11582
11491
12203
11362
11572
12764
11521
10330
10520
10670
10620
10860
11642
10650
11692
11562
11461
11512
10881
12303
11581
11331
11512
11542
11261
10820
11743
11452
11322
11792
11511
11531
10560
11792
11492
11412
11522
11571
11522
11582
13175
11612
11521
11492
11682
11743
11522
11451
10871
10900
10390
11802
11321
11532
8106
11441
11592
11592
8636
11892
8666
12042
7064
11491
6452
11302
6282
12003
6502
11702
6542
11412
6452
11341
5671
11282
6602
11201
6883
11462
6483
11692
6582
11311
6532
11432
6522
11522
5611
11321
6532
11572
6341
10640
6192
10580
11041
6282
11581
8536
11842
11621
10810
11622
8255
11723
11321
11111
10661
11161
10660
11572
10950
11081
12042
8496
11732
10570
10570
10890
11962
10670
10961
11512
11151
11502
11281
11462
11451
11452
11702
11973
11462
10560
8627
11311
8165
11722
8606
11501
8266
21641
8336
11601
11361
11702
11191
8316
11842
11061
10841
11081
11261
10349
10790
11352
11902
11793
11291
8246
13014
11241
12142
11341
12243
8496
11081
8456
15139
11131
11061
10630
11291
8957
13576
11231
11702
11111
11581
11111
11541
11672
11141
11942
9708
15018
11291
5591
11662
11151
11081
11041
11291
8266
12102
10900
11352
11953
11351
16951
11842
16892
5681
11792
6432
11813
11452
5730
11481
12884
11422
13435
11371
8506
11782
11311
11682
11912
11331
11511
11852
11301
11562
10620
11161
10841
10760
11341
8216
11612
11361
12073
11441
11542
10800
10830
11702
10790
11482
11361
11702
11662
11341
10630
11311
8576
11492
11601
11572
11171
11762
8406
11391
8286
11702
11301
9668
11402
11562
11361
11692
11522
11392
11692
11361
12143
10920
11191
11091
12193
12583
11412
11011
11561
10870
11702
11412
10980
5941
10841
6362
10911
6453
10891
6492
11121
6332
10890
6463
11421
6322
11392
6442
11491
5791
10970
5991
6572
10880
5981
10941
6653
10891
6082
11181
5942
10871
6503
10871
6372
10951
10910
6493
11011
6672
11101
6602
10760
6422
10860
7524
10781
5781
10890
6473
11141
6382
11191
6382
11071
6582
10931
6382
10860
6061
10981
6472
10731
6412
10951
6462
10941
6453
11281
6422
10981
6432
10881
5741
11081
6512
10961
10750
6462
11001
6312
11101
6342
10910
5972
10831
6562
11081
11301
6392
10489
11532
10851
10700
11511
10971
14398
11271
13034
10931
11431
11331
18485
11422
16020
11632
11832
11642
11352
11642
12133
10780
11672
10860
11131
11362
11532
11342
11632
11471
11582
11692
11492
10890
11371
11111
11572
11803
11582
11331
11081
11862
11371
11352
11441
11712
11782
10430
11231
11682
10550
11301
10600
10610
11502
11481
11572
11582
5720
10600
11171
11472
11422
11341
11682
11521
11551
11492
11642
11432
11492
11531
11561
10821
11562
11542
11832
11622
11622
10740
11632
13356
11702
11441
11662
11682
11381
11232
11341
10479
11291
29977
11571
11542
11432
11592
11471
10770
11352
11382
11612
11482
11622
11521
11131
11281
13355
10410
11542
11792
11422
11702
11612
11561
11612
11571
11472
11551
11531
10580
10640
11582
11742
11452
11452
10370
11522
11522
11742
11592
11381
11432
11582
11622
11952
11993
11933
10449
11462
11622
12393
11642
11612
12062
11061
11221
10610
11512
11422
10590
11401
11391
11672
11672
11502
11842
11592
11522
11221
11581
11752
11692
11562
11572
11572
11642
11662
10881
11001
12313
11682
11061
11502
10981
10820
10499
11071
10981
10820
12553
11030
11592
10820
11221
10800
11943
12003
11532
11902
11732
11331
11943
11502
11371
10900
10630
10640
11712
11431
11502
11832
11872
11743
11411
11601
10390
11021
11171
10520
11452
11581
11642
11522
11813
11652
11211
11442
11492
11842
11661
11712
11552
11762
10540
10690
10880
11561
12102
11592
10590
11461
11592
11441
11151
11622
11652
11863
11562
8466
11452
10970
11391
11482
11402
10850
10730
11642
11061
14718
10530
11873
10990
12563
11793
10860
11551
11571
11712
10870
11672
11823
33363
10430
13626
11291
11021
11582
11371
14367
11522
11372
11551
12443
11281
11371
10751
11271
14738
11581
10800
11652
12283
11611
11272
11281
16301
11391
11802
11611
11291
11381
10990
11292
12243
11542
14578
11292
13225
11511
12133
16001
11372
11311
11763
12053
11332
11231
11541
11472
11402
11732
11863
12574
11852
11031
11161
11031
11702
10720
11422
10940
10871
10710
11261
10620
11371
11772
13285
11512
11882
11562
14978
11422
11832
11471
12163
11281
11932
11081
11261
11631
18074
11652
16591
11842
11351
11782
17573
11281
11482
10820
11261
11732
11491
11722
11722
15369
11511
11171
10580
11322
11592
12163
11461
12022
11601
11412
11522
17413
11632
11812
11592
11882
11742
11261
11571
17253
11492
12153
11461
17233
10710
11441
11642
11382
10680
12063
11090
11492
11452
10890
11562
11602
13065
11411
12183
11562
10871
11722
11522
11491
11652
12974
11472
12203
11381
11491
11262
11803
11222
10670
11772
6352
11191
11641
15239
10730
11502
12934
11732
15479
11562
12053
11542
11611
11341
11632
11692
11622
11562
10720
6372
10900
10450
10941
11772
11040
11752
10950
11672
5901
11281
11341
11662
10540
12854
11822
11662
11732
13586
11522
12083
11712
11472
11692
14007
10740
12093
11602
11642
11912
16681
11551
12063
11452
10751
15098
10720
12764
11992
11492
11572
12985
11511
10941
11432
11000
11592
11562
11672
11792
12053
15529
11352
10629
11792
14207
11562
11822
11521
12253
11762
10731
11271
12253
11782
11131
11211
11983
11392
13606
11391
11151
11632
11883
11732
12053
11531
11191
11681
11892
11462
11983
11782
11632
10750
11541
12093
11492
16682
11402
11221
11552
11502
11501
16180
11071
12854
11582
11271
11782
11401
11081
15659
11632
11331
11592
12133
11401
11612
11301
12193
11431
11251
10460
10960
11091
12093
11482
10690
11622
13184
11682
12163
11611
10589
11492
14788
10650
11422
8306
11862
8466
11592
6513
10800
6582
11161
6512
10941
6342
10960
6412
11111
6542
10900
6011
10831
6482
11091
6312
10870
6542
11041
5841
10980
5731
10961
6552
11041
6352
10790
6452
11141
6543
10810
6432
10971
6372
10911
6623
11111
6512
10921
5780
11000
6542
11080
6302
11261
6512
11442
6382
11552
5881
11352
7514
11071
5971
11351
6522
15279
6523
11291
6552
11121
6392
11061
6433
11070
6382
10860
6543
11061
6462
11061
6332
11071
6533
10800
6492
11171
6513
10941
6412
11111
11431
6472
11461
6422
12063
6673
11271
6472
11331
6522
11281
6352
11332
6542
11201
6472
12955
6462
11482
6462
6382
5981
11251
6372
6422
5791
11432
6453
11872
6462
6301
5871
11421
5791
11401
6482
11361
5891
11542
6352
11421
6522
6192
6372
11482
6452
13506
6382
6242
5912
12985
6462
11211
6953
11512
6422
11251
7133
6272
6482
11332
6392
11421
6272
6302
6392
11802
6482
11292
6452
11331
6342
11411
6482
11432
5781
11762
7855
12784
5821
11271
5811
11281
6312
14287
5711
11592
6402
6252
6592
11501
6983
11692
6332
11272
6392
5821
11542
5871
13436
6412
6362
6402
11301
5921
13045
6412
11422
6472
11301
6632
11391
6513
11501
7584
11382
6392
11341
6823
11541
6822
11171
5731
11252
5761
11251
5891
11502
6492
11582
5741
6362
7865
11231
6522
11621
5871
11432
7213
12734
6482
6202
6392
11291
6432
11732
6482
13345
5811
11141
6512
11131
6442
11171
7474
11401
6422
11201
5861
11562
5811
11472
6462
11292
5841
15229
5791
11592
6222
5901
11401
6492
6412
6473
11462
6522
11972
6312
11412
6663
6312
6472
11591
6472
11341
6432
6312
6493
11541
6362
11211
6392
12894
6502
11982
5821
11401
8406
11802
11291
10820
8376
11652
11662
10911
9448
11541
8416
11472
11201
11612
11571
11541
8506
12473
11712
8315
11422
8395
11571
11181
11622
8266
11351
11582
11422
11552
11402
11842
8276
12093
11622
11551
8406
11291
11742
8456
11282
8285
11582
11772
11521
11512
11431
11592
11351
11382
11382
11492
11632
11562
11552
11451
11472
11572
11642
11862
11591
11652
12083
12483
11652
11391
11662
11742
11411
11581
11822
10690
10419
11752
11241
10981
11641
11852
11753
11382
11792
11892
11401
11572
11562
10821
11672
12874
11011
11031
11662
12844
11581
11492
11482
11592
10890
11662
11621
11732
11622
11671
11351
13105
11552
11501
11482
11662
11401
21831
11802
11782
11572
11571
11562
11581
11622
11762
12614
11452
11642
11822
11642
11572
11532
11572
11502
11502
11682
11902
11652
11481
11482
20999
10810
10960
11592
11251
11201
12223
10610
10459
11522
11692
11622
11843
11532
11671
11742
11642
11571
11652
11541
11552
11652
11822
11482
11662
11622
11441
11672
11672
11482
11512
11562
10861
10750
11712
11471
11672
11642
11591
11431
11602
11341
8276
11512
10610
11381
8576
11792
8426
11581
10550
11752
8606
10570
8827
11692
11581
11461
11632
8426
11862
11482
9588
11051
13515
11631
10670
11521
10730
11783
8506
11902
11682
10570
8726
10670
8536
11491
11541
11551
11522
11431
11843
11993
11561
5951
6322
10600
11622
11562
10710
20779
10941
12082
11091
11512
11021
11481
11632
11351
11512
11462
11201
12092
18395
11342
11812
11362
11422
11512
11281
11782
11581
11321
11512
11622
11281
11461
11882
11161
11592
11431
10851
11461
11722
11652
11722
11832
11442
12383
10690
10790
11331
11442
11612
11662
11732
11842
10710
11451
11502
11452
11622
11381
11652
11712
11662
11361
11291
11722
11511
11582
11431
10560
11722
11412
11381
11582
11502
11692
11933
11511
11592
11612
11853
11551
11591
11742
11542
12063
11912
12574
11561
11582
10791
11521
10810
11933
11511
11321
11662
11642
11632
11461
11852
11712
10770
11682
11392
11722
11652
11521
11572
11662
11582
11732
11682
10730
11661
11532
11802
11722
12253
11532
11752
11542
11592
11691
11692
11732
10610
11612
12333
11582
11521
11682
11612
10400
10550
11652
11522
11291
11592
10860
10990
12182
11502
11011
10891
11612
10730
11411
10730
11632
11822
11471
11362
11612
11802
11491
11602
11462
11722
11572
11501
11912
11873
11702
11732
11722
10570
11963
11672
11672
11882
10880
11492
11552
11612
11692
10529
11622
11712
11472
10831
11742
11672
11602
11732
11552
11652
11602
10700
11642
11772
11842
12043
11592
10921
11291
11862
11472
11681
11702
13275
11682
11592
11511
11431
11291
11592
11682
11601
11642
11432
11551
11572
11622
11552
11622
11622
11522
11482
11632
12323
11451
11552
11562
11341
10480
11662
11712
11662
11532
11722
12373
11682
11421
11692
11602
12243
11631
11562
13055
11531
11692
11752
11822
11803
11632
11842
11511
11762
19396
13005
11512
11682
11571
10720
11632
11581
12093
10941
10961
11783
10920
10499
11632
11903
11512
11512
11582
11782
11722
11632
10750
11001
11642
11922
11622
11482
11932
10770
11672
10770
11682
11813
10570
10691
11692
11622
11562
10580
11833
11472
10630
11652
11392
11652
10660
11873
11472
12012
11512
12193
11582
11662
11592
11742
10721
10890
11932
11652
10710
11552
10580
11481
11412
11672
11281
11491
11562
11522
11522
13275
11762
11502
11823
11441
11602
8366
11541
10470
10720
11982
11812
11632
10640
11571
10580
10830
11642
11381
11902
11581
10540
10720
11452
11331
11532
11562
11812
11581
10630
12363
11833
10841
11561
11642
12142
11582
11602
10600
11541
13445
11763
11562
10750
11572
11692
10620
10500
11652
11622
11742
11612
10390
11451
10900
10580
11532
11432
11421
11472
11592
10459
11682
10740
11551
11692
10831
10540
11692
11762
11331
11622
10540
11742
10670
11332
11612
10630
11411
8286
11621
11472
11622
10560
10740
11873
11802
11662
11692
11742
12283
11391
12984
13265
11672
11662
11662
11602
10840
10961
10840
11842
11472
11852
11582
11110
10670
10971
11041
11652
11641
11803
11722
13145
10881
11282
10890
12243
11081
10960
11001
12143
11562
11261
10430
11963
11351
11833
14147
12123
11712
11652
10560
11611
11551
11772
11461
11712
11652
11742
13856
11632
12023
11762
11962
11422
13275
10640
12794
11371
12063
11401
11482
11512
11872
11341
11482
11822
10761
11561
11572
15279
12113
12123
11582
14307
11471
12193
11672
13004
11412
11201
11010
12544
10610
11842
11381
13906
11592
17122
11582
11622
12924
11722
12303
12013
10449
11662
8346
8295
8276
8326
9518
13345
8596
12584
8195
11943
8236
9438
11512
8346
12103
8425
15819
8546
12103
8396
12724
8386
12063
8566
14007
8485
11982
8375
11952
8265
13656
11922
12043
8456
11672
11822
11993
8406
13005
11702
15069
11572
14647
11692
13205
11823
14797
11411
14106
11712
12254
11542
11822
11462
12013
11361
11702
11782
8376
12093
11812
17032
10750
12063
11592
12032
11742
11812
11912
11913
11502
12183
11843
12213
8396
11572
12083
11622
16701
11682
12583
11571
12053
8355
11331
11722
11582
11572
11782
11632
11812
11461
6232
11432
10810
11471
12032
11071
11472
11471
11832
14487
11732
11592
6202
11151
10580
11591
11592
11622
11723
11822
11722
11492
11311
10480
11862
8326
11361
8176
11612
11541
11342
11782
11682
11551
11782
11532
11662
11321
10700
10680
11532
10430
10530
11702
10760
10480
11542
11361
11691
11722
11803
11491
11472
10840
10971
11562
11702
11572
10510
11401
11392
11562
11411
19637
11632
11591
11933
11501
11722
11512
10850
6232
10710
11892
10610
11492
11521
11873
11542
11461
11552
10670
10590
10440
11442
11852
11612
6322
10550
10770
11462
11662
11241
11191
10850
11041
11020
10840
6503
11692
11161
11632
11442
11051
10990
11431
10740
10961
10509
10931
11482
11621
11852
11452
8626
11511
11391
8286
11622
8315
11571
11452
11422
11591
11672
11482
11822
11591
11421
11381
11472
11682
11862
11772
11582
11402
11452
8546
11662
8456
14417
11682
11812
8366
11461
10630
10740
11862
8266
15930
10730
10900
10650
9568
11912
8586
11572
11772
11962
8526
11462
8456
11632
11422
11501
11301
16060
11983
11151
11010
11662
10911
11432
11512
11381
11581
11441
11642
11592
11732
11531
10740
11672
10880
11041
11592
10420
11953
11893
11792
11492
11511
11733
10570
11551
10951
11542
11101
10920
11502
10660
13034
11602
11562
11672
11492
11351
11793
11361
11512
11682
10500
10450
10479
11001
11551
10781
11411
11432
11561
10580
11652
8255
11442
8205
11371
11302
11962
10530
10831
11652
11752
11532
11682
11442
11773
11662
11412
8396
11452
11481
10650
10620
11572
12233
11992
11592
11732
11391
11461
11461
11762
11362
6302
10780
11392
11502
11502
11581
11491
11562
11462
10590
11602
11431
11552
11491
11922
11491
15930
11561
11261
10730
11642
11511
12183
11652
12253
11632
11772
11733
11903
11661
11932
11682
11812
11441
15609
11521
11541
11802
11992
12383
14027
11641
13475
11452
11301
16020
11421
11631
12213
11512
10951
11652
12724
11362
12103
11712
11772
11542
12343
11702
11852
11461
12213
11001
10510
11071
12784
10740
11892
11702
12032
11692
12032
11682
10600
11622
11952
11522
12043
12093
11632
11271
11191
10860
10941
11743
10540
12023
11361
11652
11802
12023
11532
12143
11993
11562
11482
11933
10720
12093
11482
11561
10930
11571
10961
11472
12193
11822
12163
11482
11732
10449
11161
11552
14247
10690
11592
10981
11261
11722
12073
10751
11862
11582
11802
11612
11852
11662
13866
11521
11902
11522
11932
11502
13205
12894
11471
10940
12584
11772
12323
10810
11191
10741
12394
11231
11852
11001
11271
10950
11341
11892
11482
11983
11451
10881
11301
11581
11201
10750
11591
10961
12063
11712
11231
11021
11932
11582
13025
8536
11561
5801
11231
6562
10751
6582
11011
6472
10950
6452
11030
6372
10860
5921
6643
11401
5941
11341
5811
15609
6402
11251
7604
11090
6422
15218
6512
11201
6722
11381
5982
11511
6442
10851
5951
11020
6082
11041
6302
11071
6612
11000
6432
10760
5981
11031
11272
6412
12684
6542
11221
6342
11392
6462
11040
6512
10860
6351
11011
6362
11010
6442
10840
5791
11111
11241
6472
11481
6602
11291
6462
11401
10831
5741
6412
11081
6472
10690
11531
6352
11502
6322
11402
6352
11441
6412
11261
6512
11702
6261
11050
11411
6512
12092
7804
11772
6262
11271
6442
11442
6733
11792
10871
16111
10811
11382
10951
10981
10470
10931
11662
11882
11662
10710
8265
11803
11702
12022
10821
11031
11561
11522
11592
8216
11712
11732
10460
11531
12023
8296
12182
11452
8176
8406
10610
10570
10640
8697
12023
11241
8396
11571
11933
8135
10600
10560
8546
11491
11511
8295
11692
14006
8296
11231
10910
10830
8496
11551
11392
11882
8295
11402
11402
11321
11491
11050
10841
11331
10840
11822
11903
11642
11622
11442
11631
16140
11531
11762
11482
11482
11562
11482
11542
11612
11482
11782
11421
11912
11521
11552
11793
11442
11782
11070
10840
11441
11722
11702
11591
11853
11752
11512
11481
11803
12804
10830
10831
11261
11442
11602
11402
11792
11341
11532
10750
11021
11562
10690
10560
11502
11893
11632
11632
11822
11492
11461
11502
11832
11591
11451
11532
11471
11542
11692
11492
12564
11752
11512
11622
18104
11431
11532
11070
10941
11832
11392
11431
11602
11972
11372
11592
11412
11492
11462
11772
11512
11501
11361
11151
11562
11692
11371
11321
11442
12003
11471
11040
10490
11501
11621
11682
11411
11772
11331
11552
11392
11621
12303
11491
11532
11942
13575
11601
10670
10590
11311
11532
11651
11692
11582
11351
11792
11592
11572
10610
10660
11491
11702
11612
11402
11762
11822
11462
11582
11692
11591
11902
11301
11491
11612
11391
11672
14437
12594
11632
11331
11562
11401
11181
11471
11521
11542
11522
11512
11051
11412
11893
11171
11571
11571
10820
11471
11010
10931
11712
11101
10800
11522
11251
11521
11521
21169
11712
11612
11501
11171
11672
15890
11492
11472
12173
11001
11451
11191
10900
11562
11452
11642
11582
11251
11722
11863
11431
10590
11452
8616
11521
11341
11762
11451
11222
11662
11712
14958
11642
11521
11361
10740
11301
11211
11672
11602
11081
11541
11572
11551
11712
11441
11481
11852
11572
12093
11682
11581
11612
11582
11422
11532
11271
11571
11652
11401
11572
10380
11632
11722
11601
11421
11803
11492
11571
11542
12062
11742
11822
11792
11351
11481
11511
11341
11512
12353
10931
11792
11492
11432
11702
11451
11662
11722
11521
11651
11621
11551
11692
11802
11672
11772
11532
11532
11872
11452
11592
8475
11672
11762
11451
10651
11531
11611
9147
11572
11522
11712
8206
11712
8306
11632
11322
11482
10851
11382
11712
11402
11672
11932
11582
11562
11441
11482
11301
11552
11772
11391
10550
10540
11542
11562
11622
11502
11621
11852
10580
11632
11622
11472
11632
11662
10520
11401
8506
12383
9989
11411
5711
11261
10861
11742
6452
11552
6362
11522
6682
11812
6342
11582
5881
13816
6302
11251
7585
11422
6372
11532
6402
11392
6493
11201
6422
11351
6342
11562
6372
12123
6502
11401
6562
11261
8355
8787
11492
11662
8606
11522
11472
15870
11902
11632
11482
11531
11601
10460
10680
11502
11562
11502
11642
11581
11932
11632
11652
11702
11351
11682
11612
12102
11682
11401
11492
11682
11502
11522
11622
11491
11611
11712
11671
11451
11522
11602
11401
11712
11542
11421
11582
11332
11161
11582
11822
11431
11792
11642
8295
11471
11612
11492
11802
11922
11611
11572
11672
11702
11762
10500
10580
11662
11462
11632
11682
11722
11391
11472
11682
11772
11782
11773
11983
11562
11402
11601
8345
11672
12143
11451
11752
11622
11662
11432
11652
11492
11903
11792
11381
11622
11883
11893
11492
11381
11753
11572
11421
11682
11542
11612
11822
11542
10920
11301
11451
11502
11702
11602
11732
11782
11481
11532
11651
11281
11341
10961
10841
11101
11511
15409
11511
11441
11482
11852
11502
11542
10760
11461
11592
11842
11742
11482
11812
11331
10730
12193
11421
11692
8216
12573
8316
11442
9357
11231
8245
11462
9297
11651
9548
11632
9387
11472
11541
11862
11582
13315
11672
13466
11782
12053
11432
12273
8195
11531
8316
12053
11622
17122
11381
8226
11812
11331
8256
11382
8276
11993
11602
11903
11602
11982
11762
12092
11863
11973
11672
11832
8226
12043
11472
11421
9407
12073
11812
8165
10530
11783
10690
11892
8265
11672
11481
11803
11571
11471
11753
11441
11542
11622
11612
10900
11482
11311
8285
11872
10630
11522
10860
16181
8306
11622
11502
10600
10770
8265
11371
11882
8326
11792
11722
10550
11642
11652
11752
8246
11611
8306
11411
10680
10620
11511
10811
11391
11582
11562
10920
10970
11511
21220
11782
11422
11411
11692
10480
11502
12073
10620
11541
11772
11972
11491
11792
11552
11952
11882
10630
5671
10410
10720
11672
10960
11391
10400
9368
10960
10660
11341
11130
11342
10770
10630
11511
11582
10540
11852
10530
11502
10460
11561
10480
8286
11462
8536
11432
11381
11492
8426
10600
8576
11481
11421
11602
11261
8245
11422
11491
10681
10860
10990
8856
10670
8466
11262
10640
10540
10910
11592
6362
11031
10499
11652
8687
10670
8366
11352
10480
11592
8677
11502
8536
11752
11482
11441
11552
11782
12113
11792
11462
8286
11291
11502
11471
11792
12133
11321
11421
11431
11712
11632
10780
10880
10530
11321
11541
11461
11381
11852
11452
10580
11592
11401
11341
11632
11823
11723
11752
11331
11561
11532
11672
11372
10850
11161
11943
11551
10580
11702
11572
11422
12143
11833
11431
13535
11511
11922
11321
11922
11451
12223
10620
11742
11272
16852
11511
11923
11632
10530
13105
11622
11622
11872
14206
11552
11853
11702
10560
14457
12002
17543
11582
11822
11372
11892
10660
12072
11402
14617
11772
11833
11482
14507
10620
11853
11862
11572
11712
11752
11491
11983
11502
11692
11562
11621
11672
17433
11512
11712
11532
11933
11662
14257
11662
11892
10930
11111
10410
12483
11401
10750
11692
11692
11782
12183
11932
10610
11662
11592
11962
11261
17142
11351
11622
10840
10429
11782
11331
11541
11722
12082
11622
12053
11561
10519
11492
12042
11452
11772
11532
11492
11522
11842
11542
11852
10429
11872
10881
11722
11452
19807
11592
12063
11652
12905
10710
12152
11592
11552
11431
17082
11281
11772
11412
16461
11612
10820
11672
15570
10671
12043
11512
11722
11622
12132
11542
11962
11742
11742
11451
11842
11571
11903
11592
11561
11772
11962
11591
11812
11652
10440
12093
11852
11953
11542
11742
11812
14958
10520
12082
11823
11581
11202
11311
10820
12083
11742
15198
11662
12253
11511
12153
11271
11451
10880
10550
10831
11521
11441
11631
10480
8246
11601
12023
11712
11442
8766
11551
11582
11822
11682
11311
10961
10640
10940
11632
11562
11421
11492
11502
11632
11702
14207
10760
11111
11492
9287
10410
9408
11011
11522
11121
10720
11261
9638
11381
9558
10830
12032
10770
11402
11051
9568
11632
9358
11722
11241
10981
10840
10530
6392
10800
10700
10871
11621
9708
11031
11491
11201
9268
10550
9268
10961
11802
10991
10600
9337
10830
11542
10600
9368
10500
9388
10990
11411
11211
10770
10870
9688
12033
9919
10951
11451
11291
11482
10489
9528
11221
9327
10750
9447
11251
11552
10810
9498
11893
8617
11140
11622
11021
8516
10359
9337
10860
11372
11191
9528
11262
8426
11882
11512
11752
10941
8817
11452
11602
11432
11512
11743
11882
27522
10490
11632
14217
10860
12013
11401
10830
12504
11511
11692
12012
11732
10610
14537
11492
11461
11651
11562
11642
11361
15358
11722
17122
11541
10489
10850
11041
14347
11892
11492
14948
12072
11822
12193
11031
15059
11532
13686
11402
11452
11522
11902
11551
11411
8716
10440
8385
11422
10509
10780
11321
10440
6282
10850
11381
11512
11622
10590
11702
11462
11862
28313
11602
8375
11952
12033
11411
10670
11331
11932
11542
11952
11521
10510
11452
26520
10379
8266
11502
11601
11702
8385
11432
8406
11421
10620
10630
10410
11472
8266
11471
9397
10831
10830
11081
8706
11632
8446
11561
11712
11421
11592
10480
8616
11492
10750
11201
11732
11662
11261
8185
11552
11421
11712
11411
11692
11361
12032
11491
10600
11592
11431
11933
11532
11933
10750
11873
11652
11411
11501
11582
11622
9869
10841
11622
10721
11411
11832
10580
11612
12093
11422
8786
11772
11461
11341
11752
11702
8366
11491
10430
11772
11662
10400
8205
10439
8496
14687
11431
11913
11421
12033
10810
11191
11061
11452
11070
11221
11041
9267
11011
11502
11121
13646
10870
11232
11091
11351
10871
11301
10940
11291
10761
11352
10950
11181
10920
11792
11752
14788
9498
11772
12734
11612
9467
11151
11181
11271
11221
11322
11301
11622
10831
11041
10880
10860
11071
10870
11020
11171
11041
10991
10771
10880
10931
10971
10881
11282
10991
11302
10831
10870
10820
10790
11101
11071
10450
11562
10640
10379
10630
11942
10710
11502
11672
11542
11411
11572
16341
11492
11712
11712
11612
11702
10590
11662
10520
12093
10629
14627
11742
11462
8315
11802
11562
10680
8266
11562
11311
8226
12153
11732
11461
11632
11892
11542
11702
8666
11472
11772
11412
11391
10469
11081
10439
11832
8666
11311
8306
11482
11522
11552
8446
11431
8436
11621
10540
11602
11692
11492
8406
11632
11602
11862
11572
11391
8456
11601
8516
11431
10590
11772
11732
18294
11632
11421
12112
11532
15920
10580
11652
11662
11592
11461
11572
11562
6322
11211
10570
11071
11472
6382
11341
12424
11592
10530
11963
15609
11842
11632
11482
10660
11071
10630
11702
11592
12162
11632
10570
11111
13616
10380
10970
11321
8436
10960
9257
8697
11111
8285
11381
10579
11021
9769
11491
8285
12193
11712
8416
11492
8326
11672
11612
11121
11111
11030
9739
11601
8486
10690
6532
10790
8516
11542
11702
11972
8686
11472
8216
11462
10560
11572
11481
11622
8396
11652
8386
11873
10540
11591
10990
11842
11872
11712
11602
8285
11561
8256
12343
10981
11942
11752
11582
11652
11963
11702
14077
11592
11642
9208
10941
10671
10870
6562
11601
10830
11081
11462
11100
11251
11031
10811
10640
10830
11382
11101
11392
11432
11201
11591
11732
10920
11471
11091
11301
10400
14487
10670
10780
11411
11171
11572
11261
6322
11581
11823
21991
10560
11532
11602
11562
11682
6252
9708
11843
9177
10620
9368
11912
11181
11472
11211
11261
11071
11371
10920
11662
11021
11291
11291
11732
13325
11392
10860
11451
11051
11371
10911
11852
10970
11732
10981
11642
11252
11923
10730
11662
10760
11511
10861
11582
10950
11672
6202
10940
11291
6211
9568
11502
6251
10460
6412
11561
6332
11391
6282
11732
6192
11602
10930
11432
10940
6352
11461
10761
11601
5621
11100
11672
6152
8496
11401
11952
11602
10430
10329
10770
11441
8416
11722
11402
11311
10640
11953
11792
12163
6312
10810
10590
10730
11571
11622
11602
8275
11532
11501
13665
10650
11692
8496
11631
8446
11802
11472
10490
10429
10810
8496
11461
8286
11542
11301
11441
11732
8346
11411
8265
11622
10941
11051
11762
11742
11512
11642
8496
11893
8475
11481
11441
10930
10570
10991
11471
11562
11452
11221
11331
11922
10901
10249
10479
11632
11722
11702
11391
11412
14547
11401
12564
11832
10710
8536
11712
11762
11441
11512
11352
11591
11551
11411
11932
11732
6302
10740
6211
11561
11541
11532
11702
11502
11572
11672
11422
11742
11442
11682
11742
11692
11813
11551
11682
11512
11682
11512
8336
10800
8446
11421
11812
11942
11371
8365
11431
11501
11081
10750
10741
11602
9458
11221
11402
10830
11672
11081
10810
12043
11472
11893
11462
6282
10860
10420
11511
11621
11562
11661
11432
11752
13385
11491
11501
11632
11812
10660
11762
11461
11511
11431
11571
11602
11532
11362
11852
11381
11411
10981
11051
11051
12864
11542
11742
11572
11531
11532
11531
10480
11552
11381
10300
11702
11732
11572
11702
11632
10459
11622
10680
11371
11532
10470
11462
11462
11311
11572
11813
11672
11562
11482
8396
11381
11922
10660
12534
11100
11882
10820
10870
11441
10941
11030
10570
11492
11732
11712
11552
11482
11401
12013
10760
10790
11572
11862
11572
11412
11632
11972
10660
11952
11832
11372
11652
11612
8366
10660
11060
10670
11732
11531
15138
11682
11853
11823
11702
10470
11883
11471
11431
11672
10900
13816
11471
11893
11411
11713
10710
11110
11652
11421
11361
12183
10730
14357
11411
11812
11772
11862
11622
13696
11201
10450
11772
11592
11351
11231
10560
11030
11201
11662
16902
11542
11381
10720
11532
14387
14798
11422
11422
11873
11812
11231
11662
11271
11171
11772
11431
11642
10810
10850
11000
10630
11572
11251
10479
11572
11532
11652
11582
10469
10530
11631
11993
11672
11452
11482
11672
11502
11662
11421
11622
11582
11491
10700
10970
10790
11742
10940
11371
11512
11753
11772
10530
11652
11892
12683
11572
12454
10560
11361
12032
10470
10980
11672
11552
11873
10720
10460
12143
11501
13435
11521
13555
10650
10670
11952
10560
16241
10540
11833
10600
12193
11001
17082
10440
11952
10460
15089
10791
11963
12354
11632
14167
10469
10580
12073
10480
11642
12073
11611
10610
13656
10990
12013
11392
11933
11512
11822
11492
10820
11802
11512
13134
10650
12003
11521
10450
12554
10559
10560
11291
11672
11692
10660
13786
10580
13966
11501
18194
10489
10500
11501
11492
10790
10580
16381
11963
10560
11462
10490
11702
10500
11933
11933
11601
10940
10460
11291
11492
11832
10570
10450
11491
11482
11602
11512
11581
12494
22682
11412
11902
11331
11572
11732
11652
11812
10640
11091
11622
11652
10680
10670
10540
10610
11482
11652
11461
10951
11662
10841
11592
11621
10730
10700
11532
11341
11541
11622
11522
11582
21210
11591
10991
11662
10560
11532
11892
11672
11531
11612
11511
11582
11551
10600
10409
11832
11842
11712
11532
11611
11421
11562
10680
10560
12573
12344
11822
11502
11642
11551
11531
11582
10630
11331
11682
11562
10490
10751
10520
11552
11802
11542
10550
10560
11492
12563
11531
11391
11813
11452
10811
10820
10400
11862
11541
10540
11561
11371
11482
10790
10610
11712
11501
11491
11522
11642
11392
11441
11672
11661
11652
11502
11422
11482
10950
10549
10550
11531
11942
11592
11592
11772
11502
11581
10731
10680
10750
11532
11401
11792
11441
11522
11682
10870
11612
11832
11461
11371
11762
11592
11552
10520
11812
11552
11592
11762
11452
11401
11381
11432
11652
11592
11752
10790
11612
11491
11531
11702
11802
11392
11461
11752
11772
13224
10951
10850
11411
11622
11461
11752
13565
11541
11992
11402
11642
11561
11893
11382
10880
10891
12133
11391
15299
11492
11501
11762
12023
11592
12284
11481
12173
11621
11431
11682
11662
11672
11361
11442
11752
11883
11942
11892
11572
11502
11531
11592
11652
11662
11281
11582
11381
11501
11461
11572
14267
11652
11482
11472
11902
10370
10479
11902
11872
11472
12053
11431
11903
11451
11682
11481
11572
11332
11461
10680
11191
11492
11070
10780
11822
10470
11993
11913
11682
12874
11702
11471
12193
11782
11822
11602
14508
11502
11852
10790
11462
11632
17492
11471
11612
10770
11191
12052
12334
11522
11832
11952
11842
11542
11632
11752
11502
11552
11601
11722
11462
11822
11662
11311
11722
11772
11552
11973
11442
11482
11942
11592
11462
12162
11331
12253
11542
14488
11662
11251
10801
11612
11932
11832
11572
10690
11903
11502
11712
11802
11541
10650
11591
11401
11411
11612
11541
11552
11562
11392
11952
11461
11472
11391
11502
11552
11631
11662
11651
11933
10820
11732
11652
11451
11341
12543
11612
12013
11571
11913
10580
11682
11582
11512
11421
11421
11662
11632
12123
10690
11611
11592
11451
11602
11471
10590
11382
11091
10620
11532
11621
11391
11872
10390
11512
11742
11922
11672
11332
11732
12002
11642
11441
11601
10510
11692
11442
11522
11482
11572
11322
10490
10490
10710
11501
11502
10620
11201
10710
10941
11331
10420
10420
10690
10961
11412
11402
11792
11411
13816
11521
11712
11662
11672
11542
10720
10880
10710
11471
11472
11572
10770
11591
11402
10539
11792
11412
12143
10790
11271
11071
10609
8656
11431
11692
11642
8386
11491
8186
11572
10790
11191
11101
11512
8326
11642
8446
11541
11421
8136
11622
10840
10840
10870
10750
8346
11311
8275
11863
10680
11712
11431
8386
11752
11451
8226
11462
11762
8355
11391
10900
11642
11431
11662
12073
11972
8496
11361
11702
11181
11772
11261
21250
12143
11672
6362
10741
10890
11431
11542
8937
11522
8306
11632
14477
10690
11422
10921
8466
10489
6352
12744
10610
11802
11542
8305
11591
11522
10971
15119
11021
8536
11632
8276
12123
11471
8416
11511
8356
11501
10320
8436
11531
11572
11462
33192
19056
8366
11762
8476
11883
10560
11391
9157
11592
8456
11912
11000
12504
8176
12012
11632
11652
10550
13936
11862
13425
11581
11682
11622
11702
8326
11541
15379
11542
11973
11492
11732
11782
8406
11852
11662
11802
10660
12954
8326
15199
12604
11712
16050
8365
11602
11793
11472
16091
11592
8536
13215
8456
11822
11151
9177
10921
15489
11541
10870
11361
10900
11702
10680
11461
13526
11682
11301
11431
11361
12383
11522
11591
12955
6392
11171
11221
11471
14578
11451
11502
12192
11532
11932
11572
13255
8316
12554
11712
14958
11492
8325
11902
8536
11422
13395
11632
11753
11421
11983
8286
12203
11632
12163
11732
11832
8365
15179
11712
11913
8346
11452
8125
10479
11532
11472
11842
11722
10720
10530
11492
11462
8336
11551
8586
11452
11762
11251
11501
9428
11512
11512
11541
11421
10660
12043
11752
11602
11842
10570
8325
11792
11492
11392
11451
11361
8336
11552
8776
11532
11421
10590
10670
11191
10640
11221
10549
11622
11762
11932
11381
11812
10910
13956
11171
11271
10750
17864
10610
10439
11462
11532
11511
11902
11621
10560
11602
10569
11381
11642
10550
11471
11812
10650
11622
11331
11492
11692
10790
11291
10650
11382
11762
11502
11261
10951
11762
10860
11482
11562
10810
10981
10740
11422
11462
10670
11832
11652
11902
11723
11521
11542
10569
11251
10741
11421
11572
11632
11161
10329
11361
10750
10420
10991
10980
10660
11402
11792
11722
6322
11763
11021
11561
10780
11652
11481
11492
11451
11913
11451
11742
11661
11542
10800
11532
10620
10580
11291
20840
11351
10490
11412
11482
11882
11331
11883
11512
11582
12294
8416
10470
8416
11492
11341
11702
8396
10871
8306
11541
11722
11551
11952
11912
10440
11442
11512
11602
11511
10509
10409
10690
13986
11462
11642
10831
11601
11422
12073
11181
11191
11421
11862
11872
10520
10519
11622
11452
11372
11522
11211
10760
10780
11592
11602
11983
11511
11752
11351
11882
11521
10690
10469
11872
11742
11501
11501
11542
11572
10359
10470
10350
11672
11642
11512
11541
11582
11482
11501
10780
11472
12153
10580
10971
11001
11682
10971
10850
11461
10830
11041
10550
10990
10580
11762
12123
11371
11582
11652
11581
11491
14497
11451
10740
11923
11802
10980
10841
10901
10580
10670
10880
11562
11742
12063
10600
11882
11502
11592
11411
10830
11481
11462
11471
11692
11472
8707
11591
11913
10650
10951
10910
10700
11351
11592
11882
11602
11472
11792
11372
11672
11712
11572
11792
11612
10910
10810
10570
11692
11702
11392
10530
12042
10520
10580
11652
11571
11411
10469
10721
11462
10610
10479
11572
12404
11551
11592
10589
11802
11802
11491
10640
11481
10470
11531
11642
11722
11572
11662
11551
11682
11682
11491
11461
10570
10540
10389
11581
11532
11702
11762
11481
11552
11431
11642
10520
11552
11852
10520
11432
11752
11782
10540
11642
6271
11030
10560
6602
11051
11502
10890
11542
6261
10951
11592
10450
10450
11522
11552
12153
11802
10690
11421
8666
11471
10660
10730
15329
10370
11081
10691
8236
12033
12033
10731
12393
11651
11421
11531
11101
10821
11952
11572
17743
11642
13906
11582
11521
11672
11612
12032
11481
13125
11241
10470
10880
10970
10850
11873
11391
11551
11382
13445
11452
10560
11020
11973
10740
11692
12323
11832
11081
11762
10550
11141
11652
13956
11641
11251
11561
10610
11482
12253
11502
10941
10500
11161
10730
15730
35817
12033
10540
14808
12153
11502
11953
11422
11962
11662
11932
13185
11351
10711
17854
11512
12033
11532
11812
11491
11742
11572
11662
11823
12022
11612
11932
11411
10490
10680
10940
11763
11752
10440
11802
11852
10450
18374
10890
11712
11982
10670
10530
12343
10901
11782
11972
11452
14207
10640
11551
11933
10409
15489
10570
12003
11802
10410
10550
10640
11552
10480
10870
10660
10690
11461
11371
10469
10620
10429
11682
10499
10941
11722
11532
11672
10640
10570
11421
11652
11722
10470
10660
11602
10480
11041
10670
10560
10820
13135
11471
10861
10780
11511
10870
10710
11592
10640
11462
11421
11482
10570
11241
11482
11531
11331
11562
11642
11511
10450
11481
11732
10640
12013
10700
14266
11772
10610
11682
11341
11472
10690
10450
11522
10731
10670
11582
11301
11111
11682
10580
10489
11452
11692
11601
11502
11622
11631
11802
11201
10940
11902
11482
11431
11522
11521
12032
11592
11662
11742
11732
11492
11431
11502
10750
10640
11662
11341
11471
12123
11602
11252
11822
11492
11712
11411
11671
20559
11552
11812
11582
11852
11742
11652
11331
10701
11452
11592
11462
11562
11762
11462
11421
11632
10419
11742
11231
11442
10891
11070
10741
11822
11361
11491
11401
11993
14678
10620
11371
11712
11472
11813
11411
11442
10770
10700
10420
11692
8266
11561
10961
9638
12003
8365
11561
10470
9478
6493
11641
8426
10430
11392
8255
11762
8476
11682
10791
11582
10660
8135
8346
11953
8306
11622
8316
8335
11522
8225
11522
8346
8556
11341
8426
11391
8206
8586
11412
8295
8516
11812
8405
10780
11502
8265
11883
8396
11702
11431
8356
10620
8206
11211
8306
11361
11642
8245
11772
11020
10590
11412
11742
10861
11442
11662
11412
11642
10499
10640
11362
11492
11452
11762
11672
11482
11302
11722
11362
11521
11833
11232
11411
11662
11812
11381
11722
12192
11482
11532
11622
11692
11341
11722
11401
11551
11481
11481
11822
11792
11792
11552
11542
11722
11582
11552
11371
11452
11131
13846
11742
11441
11451
11542
11632
11391
11551
11281
11542
12082
11371
11421
11412
11371
11712
11842
11602
11391
11842
11762
11802
11752
11812
11993
13395
11381
11662
11562
11511
11642
11642
11521
11682
11471
11422
11511
11572
11872
10660
11702
11412
11592
11972
11422
11482
11511
10600
10540
11492
11522
11541
11642
11702
14447
11542
11622
11602
11622
11772
11542
11532
11622
11491
11702
11541
11492
11621
11582
11351
11201
11302
11381
11953
44644
11352
11422
21450
11422
11863
11432
11372
11511
11712
11522
11402
11983
11442
11612
12063
11522
11591
11432
11481
11723
11752
11632
10880
11611
13897
11502
11862
11572
11412
11632
11531
11361
11541
11492
11812
11342
11522
11581
11110
11492
11422
11081
11622
11441
12484
11612
11893
11041
11853
11542
11161
11451
11412
11141
11823
12684
11792
11652
12734
11832
11372
11150
15920
37680
10971
11592
11221
10519
11592
10961
11472
11662
11271
11502
10790
10860
12163
11692
11372
11121
11632
11953
11281
11922
11782
10870
10660
10410
11151
11502
11351
10800
11612
12223
11031
11762
14668
10891
11682
11512
12754
11702
11221
15639
11692
10720
11592
11301
11171
11803
11622
10850
11392
11632
10720
10800
12644
11151
11792
11732
11141
11943
11452
10960
11462
10811
11612
11511
11341
11611
11601
11061
10379
10761
10790
11702
11381
11020
11762
11682
11131
11962
11722
10871
11412
11381
12514
12052
10920
11732
11431
11091
11511
11793
10911
11502
11832
11051
11522
11471
11211
11351
11452
12744
11992
11672
11291
11501
11471
10820
11492
11472
11201
11752
11752
11241
11010
10870
10811
11211
6192
10860
11261
11010
10810
11311
6352
11822
11201
11091
11211
11491
6301
11021
11532
5691
6332
10640
10881
11923
10790
11411
6251
11611
13065
11652
11632
11512
6292
11311
11311
11331
6322
11291
14928
10459
6322
14968
11542
6462
11702
11541
11411
11712
11321
11632
11040
11833
13695
11432
11341
11512
11542
11572
11241
11462
6201
11411
11411
6272
11872
10790
6372
10630
10851
10730
10350
11902
11803
5721
11571
11892
11331
11471
11592
11321
11402
11572
12083
11572
11542
11592
11421
11442
11521
11482
11652
11622
11381
11742
11772
11581
11471
11401
11452
11452
11401
11471
11492
11522
11612
11562
11962
11532
11471
5771
11552
11681
10449
10640
5721
11542
10509
10710
11362
6211
11511
10771
11081
11452
11001
11541
10920
11341
43131
11392
11111
8205
10770
10580
8456
11542
11502
8687
11512
11812
8556
11441
11832
11873
8456
11481
11511
11832
10369
11171
11522
11332
11602
11541
11572
10450
10360
11592
11552
11402
10740
11823
11521
11361
11181
10921
11011
10720
10480
11631
11281
10680
10560
11491
11341
10921
10580
11472
11702
11592
11422
8276
11752
10950
11461
11342
11401
11782
10560
11622
11702
11511
10410
10580
10460
11441
10530
11763
10560
10670
11352
11853
10740
10479
10610
12023
10469
10490
10470
11621
8486
11492
11492
11852
11481
10460
11852
10509
11802
10890
10710
10640
10741
10731
10490
11622
11491
10570
10610
10841
11482
10530
10680
11672
11662
10610
10650
10700
11572
11482
10861
10850
11511
11492
10640
11482
11371
11542
10700
10550
10500
11532
10790
10430
10750
10490
11491
11422
11421
10620
11361
11050
11602
10790
10610
10600
10590
10650
11822
11352
11833
10630
10590
11863
11762
10610
10991
10480
11392
11382
11151
11832
11652
11572
11942
11652
11852
11993
14217
11532
11542
11591
10760
12023
11922
10771
10670
11602
10479
11772
10490
11863
11491
11452
11362
11832
11672
11542
11452
10970
11531
11582
11752
10820
11352
11472
11933
11592
11822
11422
11913
11642
11471
11010
10830
10831
10480
11452
11442
11401
11752
11913
11832
11762
10840
10630
10670
8566
11332
11422
8085
11632
11351
11402
11611
10449
11662
12594
11973
11602
11512
8286
11392
8315
11492
10830
11401
10720
11522
10430
10470
10549
11601
12012
10389
13686
12303
11421
11762
12373
10860
8396
11551
11632
11551
10570
11581
10600
11422
8246
11371
10590
11341
11862
11531
15449
14197
11602
11422
11722
10791
8185
11752
11932
11542
11041
10900
10830
11672
11792
11502
11892
11472
11542
11682
11311
10900
11422
10450
8636
11381
11853
10499
14377
11452
13846
11261
15069
11772
11812
10500
11682
11512
10490
11521
11932
11793
11151
10450
11912
10369
13245
11842
10780
17002
11431
11642
11522
12223
11602
13185
11512
12374
11591
12053
10570
13185
10730
11692
8436
15168
10590
11722
11822
11452
8386
11832
10540
12263
11512
15960
11532
8406
12223
11492
16551
11762
11922
11812
8306
11431
8466
11773
11962
11722
11833
8686
10570
5790
11652
10580
11050
11492
8265
12023
11813
12353
12043
10791
8336
12013
10800
12102
11772
11892
8375
12253
11482
17082
10741
12082
8386
12023
8446
11812
10861
11241
10620
11581
8296
11482
12213
11381
11471
12644
11742
11401
11722
12343
10600
12413
11682
11441
10590
11121
11522
12153
11552
10640
8266
13615
11451
11963
10610
8225
12323
8196
11882
12203
8987
11642
11281
5891
14628
10711
10609
12373
12394
15519
11832
12424
5841
11893
10580
5901
11612
11381
6482
11321
10480
12023
11612
5651
11581
11462
13646
10661
8496
11732
11481
15078
11371
11973
8556
11562
8526
12122
10620
14928
8556
10610
11772
12042
11692
8065
11913
10720
12333
11351
8246
11883
11522
15589
10710
11632
9598
11511
9528
11281
11602
15690
11652
11331
11301
8296
12123
11332
11602
10510
12083
8466
11722
8406
12203
11502
10861
10350
12413
11441
8706
11602
11502
11622
11903
11712
8185
10720
9738
11672
15389
11993
11392
6493
11602
11732
11581
6222
11552
11712
6372
17043
11652
8586
11923
10830
10901
10570
11762
11120
11622
11502
10830
11371
11712
10920
11492
10911
11351
8225
11371
10841
11351
10811
11472
11522
11020
11702
8346
11131
11552
10861
11241
11482
11502
10660
10410
11912
10751
11592
11562
10630
11432
11432
10761
11932
11201
11531
11331
12383
10560
11872
12002
11561
11471
11451
10480
11341
11482
11582
11691
11531
10850
11822
11601
11522
11862
11602
11391
11522
10751
11622
12333
11742
16962
10941
12233
11742
11681
11221
11862
12994
11692
10871
13165
11000
12012
11501
11842
10740
11311
10870
11311
10650
11602
11001
11532
11081
11582
10961
12593
10710
11251
10790
10900
11382
11442
11742
11051
11241
11141
10891
10870
10931
11001
10981
11061
10741
13305
11692
10931
11602
11211
15298
10780
11782
11080
11041
10861
11632
11081
11652
10870
11702
10901
18305
11051
11682
11401
11732
11482
11612
11301
11502
10971
11702
12303
11712
10971
10770
11271
12434
11031
12403
11031
10800
11502
11461
10850
12363
10740
11541
10851
12473
10881
10970
10670
11030
11492
11501
12534
11481
10800
10991
11933
12834
11181
10890
10791
12433
10610
13085
11281
10790
11461
12814
11301
10871
10981
12193
10901
10920
11451
10760
10890
12704
11251
10930
10910
12203
11582
10630
10900
12914
10570
11782
12393
11702
11712
19657
11461
11802
12123
11612
11512
11812
11692
11692
12003
11322
11922
17383
10921
11271
12223
11562
11452
11481
11462
11522
11482
11672
11031
11191
10821
10981
11221
11422
10810
10390
10510
10830
10911
11773
11472
11631
10640
11531
11521
11502
11251
11652
11662
11502
11382
11632
11352
11231
10600
11822
11341
10620
10690
11962
11952
11582
11452
12042
11422
11541
11382
11973
11812
10650
11532
10640
11542
11371
11392
11372
10469
11001
11271
10510
10530
10711
10670
11512
11352
11471
10780
11511
11612
11341
11422
11512
11592
10610
11301
10550
11582
11491
10359
11581
11531
12393
10460
10740
11501
11492
11422
10830
11581
11532
11552
11221
11401
10540
11742
11572
10730
11612
11451
11802
11541
11511
11763
10801
10780
10590
11692
11341
11802
11992
11411
10530
11101
12393
10540
11652
11461
11481
11522
11592
10289
10620
10680
10610
12914
10871
11682
11141
10851
10740
11883
11622
10720
10580
10510
11862
11040
10911
11592
11442
10811
10369
10721
10569
11692
11571
11391
11461
11702
11933
11181
11632
10670
12053
11080
10630
10730
10560
11061
10460
10620
11882
11472
11582
10861
10791
11452
11391
11461
10590
10460
11602
11392
10560
10529
10430
11471
10510
10680
11411
11772
11401
10861
10630
11472
11451
10650
10550
10419
11581
10710
10640
10690
11572
11932
10640
10680
10570
11461
11502
11381
10720
11642
10470
11692
11601
10550
10590
11492
11542
11201
10540
10840
11451
11411
10600
10500
10380
11883
11472
11652
11742
11432
11972
11532
10409
11592
15309
11271
10469
11412
10509
17183
10811
10961
10540
11632
11472
10540
10870
10700
23975
10460
10740
11541
12093
11802
10740
10730
11602
11010
10790
11502
11051
11541
11201
11021
10850
11061
11471
11402
11542
11291
10810
10891
10731
10760
11612
10510
11832
11462
11562
11712
11972
11492
11561
11431
11462
11702
11621
11481
10280
11491
11502
11451
11812
11522
11431
11532
11481
10440
11442
11772
11672
11612
11692
10690
11532
11301
10720
11752
11682
10630
11241
11301
11732
10630
11531
11502
10650
11611
11632
11772
10440
10751
11501
11993
11512
10600
11552
11592
10780
10530
10850
10489
10520
10599
11432
12063
10520
11441
11321
11471
11732
11361
10480
11702
11853
10891
11562
11752
11552
11762
11672
10650
11882
11461
10660
11462
11491
11451
11852
11602
11431
10580
11562
11461
11261
11341
11551
11000
11321
11421
11832
11531
11601
11702
10550
20679
11642
10540
10720
10340
11702
11592
11682
11391
10360
11462
11301
11812
11812
11903
11972
11491
11452
10370
11462
11562
11672
11452
11422
11402
11672
11642
11441
11672
11501
11762
11451
11622
11883
13215
11511
11602
11922
10570
10139
11261
11441
11892
11582
11822
11792
11882
11512
10489
11482
11822
10470
11441
11311
11552
10680
11501
11482
10570
11592
11592
11482
10811
10990
11662
11311
11542
11803
10820
11060
10720
11772
11331
10660
11682
11272
11521
11451
11622
10911
11642
11762
11362
11672
11652
10580
11601
11832
11562
11231
11291
10670
11712
11542
11481
11322
11392
10610
11662
11632
10510
11552
11832
10620
11531
11562
11332
11562
11903
10680
12193
12002
10550
11452
11762
11682
11511
11642
10430
11472
14427
11542
10790
11221
11432
11141
14297
10821
11381
11061
11011
11110
10920
10840
11231
11521
10981
11201
11502
11321
11341
11221
10981
11291
11492
11001
11351
11802
11672
11562
11282
11792
11912
11271
11832
11621
11121
10499
10540
11021
11932
11572
11632
11532
11422
11251
11482
11662
11211
10871
10660
11271
11732
11782
11352
11501
12233
11221
9578
6342
11021
5651
11021
10931
11332
6181
10810
11311
11321
11762
11361
11621
11121
11201
11302
11332
11121
12534
11983
11371
11882
11231
12243
11632
11262
11612
11261
11743
12924
11191
12062
11422
11581
11441
11401
11231
11622
11682
11412
10980
11321
11171
13695
11501
18194
11732
11351
17192
11722
17222
11362
12013
11482
12042
11722
11321
11241
11782
11181
11852
11682
11261
11852
11181
11432
11572
14046
11502
10890
11502
11381
10570
12293
11272
10450
11421
11161
10540
11592
11401
11651
11291
11121
11582
11402
11522
10459
11311
11532
11782
10921
10570
10860
11672
11652
11191
11561
26690
11312
11482
11221
10921
14378
11762
10991
12374
11441
10990
11532
11522
11892
11642
11522
10941
11652
11521
11682
11262
11512
11361
11602
11362
10850
11451
11612
10570
10760
12614
12023
11001
11512
10469
11040
11742
11451
10830
11441
11722
10760
10650
11682
11581
11972
11451
11622
11622
11642
12594
11893
11422
11021
11581
11532
10399
12083
10640
10509
11411
11501
10610
11422
11472
11582
11792
11972
11472
33994
10500
12153
11452
11672
11622
11371
11973
11571
11752
11481
10820
11591
10860
11442
11622
11661
11662
11852
10690
11552
11682
11542
11722
10781
11662
10961
11742
10971
12223
11732
12123
10750
11231
10990
11591
10971
10720
12333
12163
10951
11552
10801
10880
10991
11631
10710
11612
12253
11642
10981
11732
10850
10680
10480
11893
11301
10850
11942
11431
11552
11612
11611
10720
11672
11852
11542
11933
11943
10600
11923
11471
11893
11843
12003
11422
21471
11372
11481
10660
11592
11462
10820
11411
11662
11722
11792
11241
11371
11602
12113
11642
11902
11411
10520
10860
11642
12313
8546
11402
11612
11492
10239
10590
11211
11061
11662
11542
11732
11061
12714
10831
10971
11581
11281
12123
11872
11512
10850
11481
13445
11461
11993
11542
12053
11462
10530
11592
13606
10390
11622
11482
10420
11481
15219
11452
12002
13505
11421
11612
12563
10630
15639
11592
10560
11882
17203
11602
17824
10660
11371
10530
11742
11482
11722
11612
11502
11642
11622
11391
12033
11551
11632
11783
11211
11431
11612
11542
11312
11632
11652
11592
13546
11071
11702
11471
11531
11592
12032
11702
11762
11632
11362
11632
11722
11652
11402
11832
11552
11852
11362
11682
11642
11702
11502
11782
11542
11652
11612
11462
10800
10741
11472
11581
12002
8696
11301
11852
10520
11952
11341
11672
11672
11422
11773
35216
11411
11832
11863
11381
11502
11532
11912
11431
11591
11202
10590
11492
11602
11512
10830
11762
11672
10429
11542
11541
10700
11511
11461
11442
11402
11662
11892
11682
11863
11101
10800
11532
10500
11702
10530
11452
11512
11572
11492
11792
12013
11421
11441
11471
11622
11432
11932
10500
11381
11511
10620
11472
11632
11642
11441
11722
11551
11642
11472
11882
10761
11572
11492
10690
11471
11562
11321
10520
10740
11502
11492
11512
11391
14016
11401
11441
11582
10489
11652
11461
11702
11591
11631
11702
11431
12003
10730
11492
12254
13145
11442
11512
11682
11671
10530
11091
10991
10399
10831
10419
11692
11782
11772
11491
11882
11612
11812
11381
10911
10600
11431
11461
11471
11321
11642
11582
10460
12003
11752
11311
11762
11411
10650
11001
10470
11291
11521
11893
11151
11561
11542
11411
11321
10790
11391
11372
11682
11601
11362
11582
11662
11692
11532
11552
11973
11591
11762
11441
11432
10550
10700
8345
11862
11792
11352
12043
10640
11572
8395
11541
8305
11762
11582
11742
11331
11611
11631
12324
11501
10741
10590
10309
11432
8777
11462
8135
11421
11782
11662
11722
10760
8587
11612
11472
10821
10870
10550
11803
11793
11572
11571
11662
11522
11561
11692
11551
11331
11461
11692
11722
11481
11452
11872
10910
11863
11452
11722
11682
11873
11462
11472
10350
12464
11863
11472
12123
11662
11632
11642
11661
11481
8656
11582
8356
11803
11441
11572
11962
8276
11371
11442
11662
11562
11202
11061
10741
11461
10750
11713
11592
8296
11511
11582
11381
11622
11371
8436
11361
18575
11562
12143
10901
10509
16150
11262
11472
16291
8266
11502
14717
11672
15249
8175
12283
11342
12614
10740
12804
8095
17313
11591
12103
11662
10660
15298
8276
17894
11271
8385
12173
8416
11471
16822
11541
8356
12002
8405
11982
8196
11892
8325
11592
9478
11672
8296
11512
11763
8205
11692
11542
11342
11011
10841
8426
11542
11813
11451
12203
11161
11020
8336
11913
10780
11441
8626
11382
11040
8326
11823
11672
11251
8506
11411
12533
8165
11481
11892
11782
8225
11502
10920
8256
11562
12313
8346
11602
11552
8246
10760
10750
8405
11441
10820
8396
10470
11421
8466
11662
11432
8326
10430
10530
8225
11432
11852
8246
11662
8346
11602
11522
11582
8356
11552
11472
8586
11591
11622
8677
11762
11742
11351
14657
10870
8326
11572
11652
11932
11562
8556
11612
11421
11632
11532
11692
11581
11802
11582
11692
11482
11392
11391
11742
11452
11421
11702
11502
12053
11642
11521
11722
11501
11572
11512
11521
11472
11381
12032
11762
11552
11462
11482
11692
11582
11482
11482
11843
11772
11331
12062
11441
11922
11752
11581
11421
11562
11111
12023
11832
11361
10800
11692
11452
8336
11962
8506
11702
11682
11552
11863
11622
8306
11852
8416
11371
11442
10971
9227
11682
9248
10910
11793
10931
8366
11812
11592
11742
11732
11592
11362
11502
11451
12443
11371
35477
11572
11722
11722
11571
11502
11351
11482
8236
11972
11722
11743
11431
11793
11462
8196
11572
11972
11732
8426
11522
8616
11391
11411
11512
10750
11803
11521
11522
11511
11572
8386
11953
11432
11882
11512
8256
11462
11892
8346
11842
11592
8265
11912
11471
10741
11481
11842
11702
11762
11381
11601
11722
8316
11783
11522
11883
11572
11551
11511
11492
11621
11853
11802
11662
11411
11451
8206
11541
11932
11221
10720
11411
8436
11782
11572
8195
11482
11542
12003
14448
11722
11481
11492
11412
11341
11692
11392
11562
11662
11511
11722
8616
11371
11692
11422
10530
11592
11852
11442
11742
11532
8236
11862
11642
11412
8336
11682
11521
11301
11742
11281
11572
11452
11492
11582
8406
11632
11422
12193
11472
11371
11421
11712
11451
11511
11732
11892
11542
8405
11682
11762
11792
8285
11411
11962
10730
9238
21991
9327
11040
8355
11612
11061
9398
11572
8315
11592
11712
10930
9138
11662
8135
16481
11882
11842
11893
11612
12002
11803
8165
11481
11682
11361
8246
12033
11481
11762
8496
11843
11341
11742
11952
11541
11401
11452
11422
11832
11542
11622
11692
8496
11612
11572
8486
11492
11431
8346
11652
12073
11442
11472
11531
11401
8275
11853
11601
8385
11872
11762
10590
11612
8165
11692
11541
12002
11722
8135
11532
11641
11953
11562
11341
11622
11602
11561
12284
11612
11471
11532
11472
11572
10560
10780
11662
11512
12423
11542
12103
11632
11651
11872
11682
11411
11502
11792
11942
11371
11492
11812
11642
11631
11922
11552
11501
11641
10841
11642
11692
11672
11612
11662
11231
11492
11642
11432
11621
11442
11522
11902
11542
11612
11712
11722
11732
13957
11752
14367
11301
11882
12493
11562
11662
11582
11372
11802
11662
11742
11531
11492
12013
11351
11722
11502
10530
12013
11722
11362
11722
11742
11662
11332
10811
10339
11492
11551
10770
11622
11892
11682
11782
11342
11592
12072
10710
11461
11341
11802
11662
11722
11692
10480
11672
11662
11972
11612
11692
11632
11462
11722
10469
11722
11502
10500
11602
11572
11502
11782
11562
11722
11912
10640
11532
11612
11622
12003
11762
11681
11051
11111
11682
11591
11491
11692
11120
11371
10690
11552
11301
11722
11892
11712
10570
11862
11502
11863
11531
10860
10990
11151
10790
10850
11241
11822
10901
10449
10800
11362
11943
11481
8556
10690
8556
11562
10730
8316
11512
11611
11442
10720
8276
11482
11842
10720
11151
10751
8385
11752
8496
11642
11672
10540
11602
8356
11913
11522
11602
11672
11512
10911
10720
6292
10440
11572
11572
11602
11031
10681
10540
10570
11301
9378
11481
9458
11933
8596
11572
11651
11382
11662
10811
10600
10620
10540
8065
11532
11371
8186
11632
11692
14226
8516
11883
8265
11411
11181
8756
11802
8365
8186
11361
11001
8226
11241
11001
8186
11221
8336
11281
11552
11542
8296
11141
11762
8496
11592
11993
8286
11552
11531
8225
11682
11442
8255
11732
11442
8316
11271
10650
8356
11461
8226
11552
11622
8296
11702
11542
11632
11181
11090
11221
8215
11161
10940
10890
11081
11261
8266
11111
11521
8637
11492
11631
11732
11271
8306
11441
8687
11702
11411
8546
12003
11642
10630
11070
8136
11952
11882
12574
10560
10700
10850
11612
13615
13075
11381
11441
10570
13084
13756
11471
11903
31840
11562
11581
11852
11923
11541
16331
11732
11582
11391
11702
13916
11682
11581
11482
11572
14678
14116
11982
11231
12513
14808
11331
11301
13916
11892
11562
11581
10670
10520
11932
11522
11632
11732
11702
11752
13195
11391
11602
11391
11812
13866
10710
11402
11482
11622
11391
11001
14027
11632
10520
11712
11512
11481
11722
11662
11312
11411
11632
11301
11802
10410
10540
11742
11372
12052
10850
11502
11451
10690
11472
11281
11582
11381
11582
10770
10570
11562
11511
11472
10640
11481
11441
12082
11662
10941
10751
11031
10931
11692
13255
11541
10810
11671
10510
11672
11642
10549
10931
10680
11471
11411
12062
10460
11622
11802
11632
11572
11501
8276
11883
11773
12022
12283
11692
10389
11562
11582
11872
12153
11472
10730
10780
10630
11792
8636
11752
8336
11602
11472
11572
11491
8256
11552
11983
11462
10610
12043
8536
11472
11532
6492
10921
10570
11381
11582
11551
10560
11772
11882
11862
10530
8255
11552
11792
11622
11902
10640
8586
11702
10981
11602
11672
8255
11562
10930
11241
11561
8546
11561
11913
10800
11772
10850
8186
11632
11422
11621
10570
11441
12754
11983
10240
11893
10630
11852
11622
11562
10830
11621
11482
11651
11501
10780
12002
11512
11933
11562
11492
11762
11562
11522
11481
11682
11532
10350
11882
11712
10710
11732
11752
11572
11742
10420
11571
11762
11502
11732
11521
11502
11612
11572
10480
11552
11632
11492
11742
11522
11231
11752
11582
11692
11351
10650
11251
11652
11422
11522
11672
11522
10950
10419
10881
11792
10580
11591
12062
11541
10490
10580
12213
11682
11802
11662
11512
11482
11411
11582
10660
11662
11902
11672
10700
10941
11411
10990
11562
11421
11332
11021
10580
11601
11902
10560
11462
11412
11472
11531
11712
11772
10510
11733
11491
10570
11601
11462
11472
10510
11642
11642
12112
11772
13816
11321
10810
10800
10539
11331
11171
10490
11362
11071
10179
10841
10670
9969
9828
10630
10360
12343
10740
9418
10129
10299
10018
10289
9809
9808
9448
9098
19847
9488
9538
9558
9367
9147
9267
8446
9137
9118
8106
9177
8676
8846
8556
8586
8536
7674
8286
8125
8106
8155
8065
7995
7855
7904
7293
7905
7675
7684
7564
7264
7273
7384
7274
7053
6903
7223
6813
6843
6773
6392
6412
5891
6382
6121
6151
6262
6021
5891
5800
5881
5691
5209
5610
5791
5000
4979
5310
6051
4619
5560
5180
4900
4989
4899
4268
4608
4599
4458
4538
4509
4208
4168
4258
3827
3977
4117
3917
3767
3717
3667
3516
1633
2925
3136
3136
2845
2956
2946
2906
2876
2745
2735
2645
2685
2505
2254
2033
1983
2144
1583
1823
