1954
13095
10951
9508
10991
9398
10981
9598
10911
9358
11010
9477
10900
9498
11151
9498
11201
9337
10991
9358
10990
9458
11081
9418
10990
9318
10770
9558
11131
9458
11040
9478
11061
9538
12534
9268
10991
9498
11031
9468
11722
9328
11001
9428
11011
8306
11141
8396
11712
8275
8877
11632
8335
13025
11582
8536
13766
11532
8305
13075
11632
11592
11602
11732
10620
11622
11651
11462
11461
11481
11421
11512
11552
13075
10900
10770
11662
11402
11451
11612
11592
11602
11472
12012
11722
11662
11782
11562
11682
11191
11482
11823
11451
11752
11612
11722
11541
10480
10529
10489
11953
11572
11492
11672
11482
11662
11462
11562
11492
11572
11753
11672
11561
11491
11712
11591
11502
11542
11472
11462
11412
11612
11862
11602
11541
11702
11552
11582
11652
11442
11271
11621
11521
13566
12012
11502
11592
12283
11462
10671
11451
11281
10730
11802
11492
11562
11522
8245
11512
11522
11101
11542
11431
11742
11582
11472
11542
11472
11441
18495
11581
11442
11512
11682
13356
11552
11482
10269
11471
11592
11441
10730
8286
11601
11641
11953
10750
11622
11782
11412
11682
11702
11441
11341
11591
11752
11611
11622
10640
11612
11101
11452
10721
11331
11652
10600
11511
10720
11632
11502
10580
11001
11451
11552
11552
11421
10860
11562
11261
11521
10700
11902
10580
11621
11581
11332
11432
11442
11782
11462
10580
10681
11562
11672
11492
11391
11682
8556
11451
11592
8376
11521
11582
11402
11822
11472
10470
10069
11682
8486
11562
11562
9368
12573
11792
11482
11662
11782
8686
11422
11642
6393
10861
11512
10600
11512
8537
11743
11562
11652
11652
11562
10520
11592
10660
11491
10700
11601
11561
11641
11742
11532
11893
11542
11843
11512
10570
10449
11592
11592
11963
11562
10610
11481
11512
8546
11471
8336
11612
11893
8486
11462
11682
32692
11502
11753
11562
11892
11622
11451
11592
8446
11632
11522
11652
11602
8426
11632
11452
11873
11551
11822
8537
11251
8726
11552
11362
11562
11461
11622
8596
11542
8335
11852
11482
11432
11852
8536
11702
11561
11451
8326
11612
8557
11302
11662
11541
11792
11412
11321
11572
11611
11482
11572
11532
11482
11692
11672
11572
11372
8236
11672
11622
11552
8496
11402
11672
11522
11391
10650
6433
11702
6382
10921
11612
11522
11742
11662
11692
10630
11661
10480
10720
11802
10389
11662
11722
11702
10700
11451
11642
11351
11512
11712
10630
10329
10540
11482
11401
11652
11542
10580
11682
10530
10570
11742
11532
11622
11793
10630
11682
11742
11492
10480
10690
11712
10780
11792
13265
11652
11672
10731
11582
10590
10660
11532
11802
11642
11572
10790
11321
10710
10761
11692
11812
11702
10489
11551
11642
10701
11321
11351
10691
11502
11762
11742
11382
11552
11332
11602
11722
11632
11542
10539
12083
11822
11662
11552
11551
11642
11532
11502
11581
13134
11912
10610
11541
11461
10560
10450
11612
11362
11442
11452
11562
10991
11662
10690
11442
10740
11622
11571
11572
10590
11712
10640
11662
11541
11592
11622
11021
11561
11742
11501
11481
10630
10530
11642
11412
10640
11702
11361
11582
11471
11772
10540
11421
11411
11692
11762
11562
10700
12353
11672
10470
11501
11953
11561
12303
11531
11562
10410
11662
11401
11662
11571
11612
11612
13365
10429
10640
11632
11642
11712
11451
21511
12243
11492
11511
11562
11652
11792
11922
11452
10500
11622
11722
11461
11422
11422
10590
11562
21972
12754
10670
11481
11451
10479
11472
11321
11522
11602
10730
10750
10389
10620
11652
11501
11411
11481
11471
11372
11120
10890
10439
10790
11231
11502
10570
12043
11822
11572
11452
10590
11812
11562
11562
11000
11562
11993
11501
10460
13826
10500
11421
11772
11471
10569
11752
10700
10640
11532
11732
10450
11561
11462
11451
11792
11812
10560
11742
10750
10560
11682
10781
11542
11522
10700
11562
11712
11512
12754
11702
11712
11763
11622
11773
11472
11402
10750
11501
11983
11191
11572
11171
13005
11381
13145
11452
11381
13345
11271
11401
11301
11672
11502
11242
11802
11642
11311
11301
11402
11291
11723
13435
11642
11341
11531
11342
11422
11411
10740
13255
11702
10871
11943
11823
11371
14077
11512
12423
10710
11382
12143
10429
11922
11481
15199
11762
11472
11882
10620
15589
11401
11813
14057
11442
15880
11321
14257
10650
14748
11412
10650
12022
11742
13155
11601
13445
11652
10660
12143
11461
11342
11461
12123
11752
11361
12002
10540
11472
11551
12885
11642
11591
12133
11561
13265
11502
10670
16972
11572
10600
12203
11611
11512
11812
12424
11612
11351
11512
10519
11571
11732
11582
11632
10530
11491
10460
11532
11662
11361
11422
11321
11401
11652
11401
11562
12975
11081
11411
11442
11742
11652
11412
11352
11432
11782
11482
11442
11492
11562
11261
11703
11371
11241
11521
11392
11281
11481
11942
11431
11703
11451
11702
11491
8426
11452
11331
8396
11892
11422
11501
8155
11301
11131
8206
11512
11411
8276
10751
10690
8186
11672
11452
11441
11652
10760
11983
8215
5641
11051
8226
11311
11401
10670
10960
11191
10760
8286
11502
11672
8536
11542
11341
8365
11612
11391
8306
11672
11602
11482
8235
11442
11521
8276
11592
11352
8396
10620
10650
11661
8627
11702
11572
8476
13536
11632
8205
11642
11592
8346
11401
11401
11352
11502
8205
11752
11562
11692
8806
11572
11452
8465
11522
11742
8506
11622
8486
11632
11872
11612
11742
10469
11983
11461
10721
11502
12003
11612
6312
10990
11511
11441
10661
11481
11652
11562
11291
11432
11682
11402
11502
11351
11943
11612
11171
11492
10490
10780
11582
11591
11452
11472
11452
11542
11332
11551
11592
11622
11542
11542
11351
11682
11411
11752
11391
11161
11452
11402
11482
12894
11231
10850
11442
11652
11451
11632
11281
11802
11421
11562
11282
11502
11521
11642
11362
11562
11602
11482
12574
11402
11482
10480
10650
11551
11692
11301
11391
11301
11301
11873
11732
13105
11822
11321
11632
11602
11611
11702
11382
11362
11932
11351
12764
11582
11392
11382
11491
11552
11391
11452
11542
11482
11542
11522
11522
11662
11682
11512
11332
11462
8216
11441
10330
10309
11602
11341
11572
10400
11431
11702
11662
11602
11451
11482
11532
11421
11261
10740
10780
10299
11482
11411
11462
10640
11692
11231
10760
11432
11512
11422
13014
11532
10530
11562
11472
11682
11561
11572
11441
8285
11362
11441
11843
10580
11632
11371
11592
11532
10770
10801
11512
11521
11401
10429
10971
10850
10910
10630
11561
11552
11552
10490
10910
11602
11471
11381
11512
11422
11411
10690
10520
10590
11482
11591
11421
11492
11241
11422
11542
11512
11772
11552
11742
11542
10580
11381
12213
10900
10750
11041
11581
11331
11652
10360
11422
11512
11712
11532
10780
10550
11561
11401
11401
11422
11632
10620
10540
10480
11502
11432
11482
11431
11621
11662
10951
10861
10520
11592
11772
11642
11511
11331
11742
12484
11652
11281
11572
10370
10480
12013
10470
10489
11522
11552
11582
11581
10580
11371
11511
10439
8886
10510
10670
10630
11481
11572
11592
11532
11442
11742
11431
11652
11421
11702
11652
11973
11472
10559
11682
11541
11181
11712
11692
11451
11833
11562
10941
11131
11031
12914
11001
12153
11231
13515
11612
11481
10880
12493
11222
11021
11020
10860
10830
10620
10840
10930
11591
11371
10951
12414
10821
10910
10980
10821
11081
10771
10980
11021
15189
11351
13004
10841
12945
10820
11030
10911
10820
10880
11081
10981
13165
11882
12433
12865
10971
10740
11131
10940
10841
11442
11292
12163
11010
10941
10920
11121
10870
10781
15439
11001
11832
11161
13926
12514
12193
11822
11401
10850
17603
10971
11201
10830
11612
10921
10920
10971
11542
11041
12845
10750
11963
11612
10821
10720
11883
10740
11832
10730
11782
11352
11622
10800
12464
10750
11412
10690
10891
12904
13956
10871
10950
10981
12865
11091
10870
11051
13105
10981
10991
10721
11873
12413
10941
10950
16121
11061
17573
10901
11792
11251
11662
10991
10991
11021
16851
10961
11632
10710
12494
10790
11682
11652
10701
10920
10971
10861
11662
11562
11502
10941
17983
10900
11642
12283
11612
10871
16110
10771
11191
10900
11893
11412
10951
10860
11452
11041
11542
10751
11862
11432
11341
10861
11262
11101
11511
10890
11031
11632
10870
11051
11060
13426
10851
11692
11752
10970
10930
11191
12503
10770
12955
11091
10950
12263
11181
10910
11081
10831
10811
10881
11061
11351
10820
11041
11121
12534
11031
11782
10951
11141
11001
11602
10780
10901
10770
12113
10700
11462
10890
11271
11532
11672
11090
11602
11121
11502
11081
6322
11081
10840
10951
11281
10991
10951
10971
11081
14687
11141
10901
17052
10990
11121
10831
11762
11011
11151
11051
10750
11382
13055
10830
16802
10991
12123
11051
11772
11151
17293
11131
12483
11532
11562
10780
10910
10881
11672
10900
11582
11010
11421
10771
10861
10911
11001
12494
11632
12384
16381
10730
12343
10951
11803
10961
12012
11141
11591
10920
12895
10860
10981
11121
11612
11131
10790
11081
11221
10711
16721
10940
17022
11311
14277
10921
13986
11091
13806
11672
11882
10980
10881
11462
13024
10760
11442
10871
12584
11001
11232
13205
16882
10790
11532
10981
11412
10881
10840
12333
12594
10840
10980
12554
10990
10830
10720
5730
10971
10891
11512
11061
13045
11021
6412
10951
11472
10811
10840
11361
10800
10781
12964
11201
10750
11051
11221
10880
10740
6212
10941
13225
10811
10930
10790
26570
10941
12173
11051
11011
10800
10920
12283
10881
10860
12263
6271
11241
11120
10940
10460
11402
10641
11692
11451
11501
11592
11511
11522
11522
11682
11011
11522
11662
11021
10720
11562
11392
11682
11191
10971
11492
11542
10751
11612
11823
11632
11742
11873
22763
11612
11462
11111
11582
11582
11201
11301
11551
11482
6232
12153
11512
5761
8706
10711
8476
11642
8706
11822
11501
11311
13045
11632
12944
5861
11772
13075
10560
11522
11712
11432
10881
11703
13265
11752
10940
10921
11522
11562
11672
10570
5781
10821
11762
11692
10810
11792
8806
11742
8647
11441
10730
10950
9578
11482
5801
10800
11441
11652
10821
11512
12183
11853
11361
11672
11652
11652
10579
8346
11571
11512
11571
11531
11712
11611
12123
11592
11491
11542
11522
11572
11723
11151
10861
11522
10991
11642
11431
10901
11020
11723
11652
11422
11642
11632
11933
11402
11551
11602
11462
11432
11602
11291
11522
11501
11722
12022
11472
11452
11411
11451
11472
11572
11652
11552
11572
11612
11611
11362
11572
10940
10841
8385
11511
11422
11541
11722
11211
11402
11722
11672
11712
11561
11562
11632
11562
10960
11682
10489
11542
11401
11542
11542
11562
8406
10410
12173
11802
11382
11601
11451
11331
12664
11031
11762
11542
11662
11722
11652
11432
10580
11642
11582
10530
11622
11452
11362
11141
11512
11582
11422
11492
11662
11762
11512
11131
11542
11472
11411
11541
13105
10580
10940
11692
11562
12514
8386
11111
10901
11351
10620
11612
11782
10620
11582
11712
11432
11632
10780
11342
11582
11542
11923
13105
11041
11231
10680
11672
11341
10750
11522
11522
11541
10540
12554
10741
12013
11382
11682
10791
12003
10950
11442
11491
11612
11632
11722
10821
11702
11752
10811
11702
11912
11762
11522
11622
11622
11492
11792
11582
11662
11542
11532
11491
11722
11812
11522
11342
11031
11632
11441
11452
11431
11612
11541
11542
11552
10570
11441
11442
10570
11592
11692
10720
11753
11742
11542
11542
11712
10479
11371
11331
11542
11601
11572
11572
11642
10630
11772
11371
11381
11411
11452
11392
11571
11702
11381
11642
11672
11451
11722
11442
11622
11442
11441
11852
11712
11862
11662
11622
11642
11441
10509
11352
11592
10560
11602
10540
10560
11512
11572
10590
10680
10660
11772
10510
11692
11412
11612
10490
11652
10720
11421
11612
10860
10420
10379
12063
11381
10580
11572
11572
11762
8135
11491
10691
11382
11652
11732
11050
10750
11422
11572
11702
11381
11191
11061
10600
11352
11532
11602
8376
11602
10490
11131
6512
11692
11572
11592
11682
11452
11692
11491
11512
11652
10520
11572
11502
11542
11632
11822
10771
11742
11411
11692
12052
11412
13666
10530
11642
10490
11081
10710
12183
11392
11452
11742
11762
11491
11331
10540
12323
11452
12664
11452
11501
11491
11642
11712
11782
11512
11712
10851
10610
10870
11562
11572
10670
17222
11983
11512
11492
11982
13345
11251
11912
10510
11782
11812
11462
12003
11863
11752
10700
11952
11472
10710
12904
15579
11482
11983
11452
11321
11662
12053
10700
11782
11622
11482
11602
11782
11431
12313
11642
11421
11752
12042
10760
12003
11652
11392
11602
15560
11662
12143
11512
11622
11592
12343
10740
11813
11672
11612
11812
13255
11742
11852
11632
13826
11431
11932
11422
10520
11592
15439
11552
11942
11642
11482
11431
11612
10510
12033
11572
13326
11591
11913
11411
10290
11552
13004
11532
11953
12263
11902
11973
11342
11672
11722
11852
10600
12243
11562
11872
11271
12052
11692
10520
11762
12023
11522
11972
11682
13025
11501
11422
11762
11452
11832
11812
11362
13004
11452
11532
11622
10870
11531
11772
11521
11923
11572
11582
11472
11862
10510
11852
11451
11542
11632
12364
11321
11742
11412
10440
11602
11452
11722
11693
11582
11612
11512
11962
10499
11471
11662
10700
11982
11432
11652
11452
11581
11502
11612
10690
10741
11833
10660
10520
11733
10710
10781
11892
11562
11641
11732
10610
11602
12072
11441
10650
12323
11562
11562
11601
10590
10440
11612
11672
10690
10811
10760
10710
11461
11612
11352
10761
10620
11592
11692
11502
11502
10671
11682
10660
10490
10470
10319
11492
11501
11692
11892
11151
11672
11431
10820
11572
10580
11581
10610
10419
10570
10630
10920
10570
11482
11531
11712
11783
10539
11712
10700
11402
10610
10540
10530
10820
11692
11652
10680
11522
11412
11762
11882
11401
12484
11351
11602
11742
11932
10660
10540
10860
11542
10720
11893
10951
21290
11592
10470
10961
11351
11702
11051
10389
11502
11511
11442
11702
11391
11481
11631
10490
10941
11632
11882
11471
11382
11582
11091
11591
11651
11030
11582
11271
11552
10810
11602
10820
11833
11341
10921
10630
10339
11001
11622
10390
11502
10650
10850
11552
11502
11522
10930
11081
11331
10711
10780
10690
11642
10661
11551
11662
10710
10801
10750
10720
11472
11592
11491
10449
10671
10390
10440
11461
10429
11551
11381
13165
10760
10510
10549
11471
11672
10470
10349
11852
11382
11582
10620
10711
11943
11572
10620
10660
10590
10610
10690
11561
11763
11432
10580
11852
10540
11652
11492
10580
11612
11742
11492
11361
20739
11702
11572
11582
11522
11642
11431
12153
11973
10610
11652
11231
11682
11692
10530
11472
11983
10721
10509
11622
11572
10580
10600
11571
11522
11462
10520
11552
11803
11863
11471
10790
11672
11392
11822
11041
12233
11642
11662
10479
10550
11602
10520
10530
11692
10530
11571
11792
11552
10590
10690
11491
11451
10781
10450
10771
10700
11421
11742
11733
10881
10871
11552
10830
11561
10560
10890
11672
10730
11592
11412
13064
10781
10550
10640
10640
10660
11462
11672
11361
10369
10850
10640
11492
10490
11612
10740
10560
11522
10480
11302
10800
11462
10549
10790
11581
11441
11591
11482
11632
20408
11612
11491
11492
11743
11511
10510
10971
10830
10510
12183
11411
11471
11091
11441
11612
11191
11692
11862
10931
11902
11121
10690
10961
11832
10961
11001
10620
10760
11051
10730
11101
11602
11081
10951
11441
10811
10930
11371
11722
11171
11162
10680
11161
11612
12503
10510
10469
10850
11622
10840
10810
10930
11501
10520
10900
11301
10409
10520
11201
11682
11512
11843
10590
14918
11001
12644
11462
18625
10449
15780
10480
15339
10530
12002
10670
15269
10530
12073
11632
12043
12012
11472
11572
11582
14087
11382
11211
11211
11502
11502
11872
10920
12334
11452
11101
11462
11642
10590
14337
11452
11531
11382
11923
11572
11972
11422
11952
11572
13035
10549
11763
10730
10370
11792
17363
11362
11872
11812
11512
11411
11953
11491
12013
10630
13485
11672
13004
11451
14297
11532
13585
11652
11782
12132
10580
14477
10660
11992
11612
11792
18204
11772
11753
12013
11451
11461
11722
11572
11562
11311
11422
11642
11612
11381
11823
13024
12013
11652
11612
22583
11591
11451
11431
11471
10980
11803
11472
11712
11672
11652
11733
11511
11541
11352
11241
11631
11722
11842
11572
11582
11632
11642
11221
11732
11802
11482
11742
11492
11502
11492
11542
13155
11562
11531
11763
11561
11592
11592
11952
11462
12153
11532
11411
12013
11582
11502
11572
11481
11532
11652
11482
11371
11511
11572
11662
11551
11482
11502
11752
11692
11291
11492
11471
11252
10810
13806
11582
16932
11472
11803
16842
11471
11251
11332
11351
11311
11431
11312
12122
11512
11621
11713
12043
11592
11742
11472
11732
11783
11482
27512
11512
13766
11492
11571
15580
11421
11612
12884
11742
11532
17263
11692
13305
11762
11482
11551
11612
11231
11702
11471
11592
12564
11452
11782
11362
11231
11983
11342
11672
11611
11402
11281
11852
11601
11462
11431
11381
11522
11531
11412
11191
11522
11522
10800
13095
11000
11762
11422
11612
11571
11823
11482
11441
11561
11371
11632
11692
11382
11642
11592
11392
11101
11612
11672
11331
10610
11622
11552
10540
11531
12374
12022
11882
11281
11782
11672
10730
10569
11652
12444
11572
11582
10460
11141
11492
10820
11472
11332
10480
10891
11421
11842
10951
11693
10480
11521
11312
11551
11371
11532
10911
10791
11471
8396
11552
11421
11462
11592
11361
11571
11973
11511
11562
11372
11411
10961
11892
12033
11953
8206
11582
10800
11071
11121
10820
10460
6372
11411
10610
10490
11121
14628
10420
11121
10430
10439
10910
11442
10480
11020
10410
11732
12013
11171
10550
11803
10950
11611
11081
10810
11432
11682
10550
11541
11632
10710
10500
10770
11602
10540
11422
10530
11502
11422
10530
10820
10410
11542
10420
10420
10790
10470
11502
10409
11441
11903
10450
10400
12023
10600
10560
10570
11392
11442
11662
10570
11622
10980
11531
12023
10680
10761
10930
10911
11452
11431
11551
10469
11602
10690
11462
11521
10630
10690
10671
10750
11642
10730
11411
10620
11301
10530
10570
10519
10510
11852
11522
11552
10770
10520
10570
10951
10570
11271
11492
11562
11591
11662
11803
12273
11482
16151
11452
35287
11491
11031
13144
11531
11983
12082
11872
10731
10460
11521
11803
11562
10750
12023
11522
11502
11602
15409
10600
11962
11411
11823
10640
12504
10861
10450
11722
17372
11672
11041
10860
11562
11392
11933
11452
13335
10530
13255
11522
10781
11371
12023
11572
12043
15479
11552
11561
11692
11702
12704
11682
11552
11492
11792
10600
11902
11471
10570
11952
15589
11552
11231
10390
10971
10861
11612
11622
11422
11823
11561
11542
10540
11121
11441
10429
11482
11561
10510
11582
10460
11442
11551
11501
12023
8186
11551
11381
10940
11501
10851
11311
11041
6301
10751
6382
10820
10730
10830
11341
11521
8486
10931
9357
10539
11071
32351
11041
11371
11361
11531
11061
10871
10570
11081
11622
10800
8215
10981
11552
11101
11251
10420
8225
10940
10860
11061
10830
11461
11201
10881
11522
13476
10980
11382
10911
11011
10941
11311
11652
11291
10910
10991
11511
11912
10851
11803
11462
10951
11862
11592
15599
10780
11552
10800
11892
10931
12003
11511
11151
11752
13005
11001
10880
10931
10901
11522
12133
10760
12033
11672
12053
11501
10871
10970
11481
11161
10980
10820
10921
11462
11862
11040
12003
11542
11091
10820
10981
10881
11642
20017
11672
11742
10921
10871
11111
10720
11251
10951
11962
11682
11081
11261
11512
11552
11091
11461
12072
11592
14287
11652
14367
10821
12083
11642
11081
11422
12213
11662
11342
11712
11482
10730
10560
11041
10640
12103
12283
10539
11442
11892
10791
12183
13174
17423
13074
11822
11372
11912
11432
11752
12233
11612
11442
11322
11893
11382
11532
10941
11983
11692
12203
11732
11441
11522
12092
11371
12193
11612
11452
11582
12012
11541
17634
11712
11782
11572
11432
11592
36428
11602
12954
10941
11632
13966
11481
11282
11481
11712
11612
15710
11431
12022
11592
17082
11351
13796
11652
12253
11552
11912
10841
12824
10941
11662
10821
16571
10751
10901
11392
19085
11612
11582
10921
10981
11031
11091
13856
11441
11091
10931
11382
11702
11311
11561
10820
10761
13495
10891
11201
11331
10811
11732
10931
12023
11010
10751
11161
11041
11682
11372
14969
10981
14207
10770
11943
10950
12593
11502
11541
12453
11571
10970
11702
10830
12453
11011
11542
10740
11902
12744
11712
10851
12203
10630
11351
10991
11572
11652
10991
11031
11792
10620
11531
11392
10911
10911
10770
10970
11482
11712
12042
10920
10870
10810
11723
10750
11222
10991
16361
10951
11331
10960
11442
11021
11221
10790
10820
11622
11832
10841
10910
10881
11552
11983
12354
10810
11572
11201
10830
11291
11221
10901
10870
10871
10710
10781
10850
11642
10870
10861
11491
10891
10750
11131
10951
11551
10810
12344
10770
10970
10941
12573
10810
11411
10480
10930
10860
10540
11642
11993
11321
18274
11331
10620
11272
17823
14107
12683
11442
11341
11733
8486
10479
11542
11622
11441
11672
8175
11452
11001
11763
11591
10600
11792
10741
11702
11482
10419
10740
11401
10830
11592
11933
11571
11511
10300
11612
11381
10741
11231
11782
10440
11502
11482
11581
11472
10450
11822
10610
10260
11672
10640
11752
11702
11462
10670
11943
11552
11452
11672
11462
11762
11612
11522
10651
10760
11702
10660
11452
11973
11822
10901
11332
11261
11451
11672
8356
11712
11211
11532
11481
13896
12183
10500
11482
11642
11752
11562
11282
11502
11492
11532
10550
10801
11833
10539
11762
11371
11472
11341
11471
10479
11321
11531
11582
11552
11442
11562
14407
11452
11461
11311
11502
11702
10600
11432
10710
10740
10480
10680
11592
11601
10590
10790
11732
10430
10449
10771
11301
10419
11522
10770
11692
10720
11693
10460
11331
11641
10580
10630
10600
11512
10460
10380
10470
10750
11402
11481
11722
10900
10550
11542
11521
10550
10870
10520
11602
10820
11732
11632
11452
11471
11592
11812
10750
10480
10640
11121
11312
10500
10941
11512
11672
11462
10670
11431
11161
11382
10640
11702
11382
11502
10429
11521
11522
11602
11362
11431
11482
11361
11572
11382
11402
11621
11552
11622
11622
11402
11512
11482
12133
11271
11361
11823
12163
10399
11632
11502
11452
11552
11641
11772
11612
11412
11422
10539
11652
10429
11351
10810
11201
10950
20348
12052
10810
11702
11572
11412
10960
10950
11963
10960
11532
12013
11692
10890
10870
10610
11552
11572
10681
11622
11632
11562
10570
10499
11291
11642
10480
11041
11532
11642
11582
11401
11682
10660
11461
11321
10580
10550
10610
11482
10620
11682
11531
11411
11482
11982
11582
11522
11501
11381
11622
11462
11883
11582
11391
10409
11662
11722
11392
11471
11442
11622
11281
11542
10550
11692
11572
11522
11582
11592
11662
10690
11442
10830
11582
11551
11862
11582
11442
11491
11442
11612
11612
11682
11792
11501
10911
10770
11562
10921
10951
10910
11652
11541
11642
11541
11712
11361
8216
11442
11702
8346
10610
8195
11402
11351
11542
11672
11441
11692
12333
8306
10529
11462
12082
12413
10650
10610
10650
10710
10650
10670
8506
8335
11482
8426
10570
11492
11682
11442
12002
11592
11482
11752
11833
11602
11632
11672
11551
11582
11592
11451
11571
11442
11322
11341
11481
11652
11392
11392
11531
11491
11441
11662
12153
11722
11562
11512
11011
10660
11642
11772
11472
11611
11351
11582
11461
10580
11642
11352
11612
11291
11522
11652
11622
11241
11712
11342
11191
10901
11812
11452
11432
11502
11642
12163
11492
11562
11622
11521
11532
11392
11682
11922
11752
10590
11752
11622
10820
11432
11491
10570
11431
11702
11382
11642
11412
11652
11442
11782
11542
11542
10951
11111
11602
11631
11601
11562
11652
11351
11421
11331
11602
11722
11551
13996
11291
11241
10831
11422
11652
11452
11632
11712
11472
11552
11542
11501
11552
11492
11561
11511
10519
11532
11842
11412
11612
11702
11592
11371
11712
11402
11422
12243
11582
11171
11812
11451
11752
11602
11391
11572
11632
11892
11491
11913
11531
11471
11622
11321
10890
13085
11482
11461
11602
11651
11492
10550
11552
11522
11412
11412
11562
11492
11541
11832
11552
11572
11832
11882
11582
11601
11552
11722
11652
11562
11531
10540
11662
11432
11422
11522
11301
11441
11381
11501
11442
11431
11361
10860
11682
11452
11502
11401
10911
10710
10810
11773
11512
11562
11462
11692
11411
11382
11291
11472
11321
10610
11211
11622
11552
11422
11602
11561
11352
11592
11652
11672
11672
12082
11863
11652
11502
11561
11382
10079
10950
10660
11853
10580
11632
11622
11431
10920
11391
21030
10870
10620
11472
11763
11562
11442
12263
11301
11512
11963
11762
11472
12053
11392
11422
12243
11622
11862
12153
11492
11582
11983
11281
11462
12132
11562
11401
11411
14277
11291
11752
10850
11481
11561
11792
10490
11572
10810
11732
11983
13676
10750
11832
10590
11402
11000
11401
10550
10950
10499
10790
11632
10941
11632
11040
11392
15599
10560
11802
10430
10930
11843
10540
12013
10851
11472
10770
12143
10530
10780
10880
10570
11542
11682
12142
10459
11512
10931
11932
11482
10691
10901
12023
10690
11371
13565
11521
10941
10440
10460
12063
10710
11642
12133
10620
11181
11743
15550
10470
11912
11982
10430
11412
12123
11572
12884
10510
10720
11822
10560
10569
11000
11562
13225
11762
13776
10570
10530
11943
10680
11060
11392
11682
10640
12042
10751
10600
11712
11913
11571
11071
10570
11612
11762
11712
11381
12384
12103
10430
11391
11922
11612
11953
11452
11692
11611
10700
10891
10780
10830
11252
11141
16861
10881
11081
13556
11582
10800
11101
10801
11371
11351
11592
10781
14096
11081
11222
11772
11982
12082
12664
10930
11091
10751
11080
11392
11381
10530
11712
11352
10460
11662
11913
13886
11051
10930
11692
10921
11933
11542
11391
10931
10490
11391
12083
10751
12032
11582
11793
11431
10711
11531
11452
11982
10630
12133
11341
11642
11431
12183
11652
12123
11782
10720
11362
10820
11481
11441
12303
10800
6302
11422
11582
11241
11171
6181
8455
10660
6342
11091
6392
11081
5761
6442
10840
6723
11101
5771
7595
10761
6362
10741
6352
10941
6673
10821
5771
10730
7344
10751
5761
10780
5871
10820
6282
10821
6513
11251
6392
10760
10991
6392
10910
11241
10760
10831
10910
11742
10800
10640
10870
10820
10559
10801
10840
11301
10831
10800
11292
11091
10701
11392
11031
10841
10459
10851
10901
13235
11061
10730
11542
10811
10880
10440
11001
11011
11302
10960
6261
10780
6172
13195
11352
10800
10520
10851
11371
9358
11491
6352
11351
11883
11111
6282
10460
11121
11351
10730
11592
11091
11312
10891
11642
11091
11502
10800
11552
11301
11572
10800
11672
11070
11822
10780
11471
11412
10871
11592
8296
10800
11602
10951
11391
11441
11031
11632
11972
10800
11131
10870
12132
11031
12123
11361
10981
11462
12153
10780
11482
12132
11822
11992
11541
10710
11592
15078
11402
13356
10810
11682
10861
11672
10580
11451
10890
11622
10470
12263
11441
12714
11272
12003
11502
11141
10429
10459
11782
11873
11331
12143
11291
11452
11351
11281
11752
11361
11401
10720
10760
10760
10580
10811
10821
13015
10720
11442
8426
10480
8375
11732
11321
10811
10500
11392
11572
11421
11542
10620
10610
10580
11401
8466
11742
8196
11562
11391
10851
10430
11171
11252
10630
11302
11381
11541
11622
11552
11642
11421
11351
11582
10580
11732
8537
11622
8196
11442
11822
11181
10490
11061
10570
11572
10841
10730
11271
8236
11331
11382
10590
10520
10730
8516
11461
11422
11401
11361
11522
11532
11672
12132
12503
11832
11722
11582
11251
12113
10600
11592
12093
11652
11742
11492
11772
10801
11411
6443
11943
6382
11872
11321
11261
6222
11983
6462
10470
10830
6342
10370
10500
6322
11652
6281
11411
11382
6062
6212
11723
11411
10289
10850
10911
6261
10961
10811
6242
11411
11421
11332
11471
11431
10770
10791
10740
11171
10830
10961
11101
6282
11462
17443
6312
11532
10490
10510
6192
10941
10971
6703
10871
11442
6111
10510
10349
6292
11241
11521
6302
11452
11482
11923
11712
10921
10951
6392
10840
11421
10901
11612
10900
11060
6241
10761
10650
6212
11482
11462
6212
11592
11682
11341
11913
6162
11081
10931
5841
10600
11021
6271
10981
12273
18205
5711
6332
11412
6453
11612
11471
20278
6271
10770
13005
11491
11532
11531
6432
11010
10630
10550
6261
10981
10810
11582
6272
11692
11231
11642
11561
10670
10910
6502
10971
11351
11521
11682
11582
11492
11481
10861
11342
11672
11641
11502
12072
11392
11511
12172
11371
11522
11452
10459
11401
11552
11442
11372
11492
11571
11541
11501
11422
11521
11302
11632
11461
11431
11631
11321
11632
10550
10880
10610
11301
11773
11302
11712
11812
11332
11672
10960
10770
10590
11391
11462
10530
10520
11541
11572
11702
11361
11551
11662
11852
11462
11572
11471
11642
11371
11482
11482
11472
11652
11391
10470
10660
11111
10711
11411
11402
11431
10700
10580
10330
10450
11631
10890
10881
11402
11382
11261
11372
10500
11762
11712
11452
11321
11442
11582
32882
11532
11542
12073
11652
11492
11482
11572
10460
11372
10600
10620
11602
11562
11742
11432
11582
11903
11933
10510
10490
11471
11562
11642
11402
11282
11321
11352
11562
11321
11381
10549
10620
10740
11041
11452
10520
10960
10449
11001
10640
10810
11531
11361
11231
11482
11552
11391
11121
11141
10910
13215
11742
11451
11531
11813
11411
11612
11501
10881
10770
11582
11502
11382
11561
10370
10790
11491
11331
11441
11251
10750
11011
11361
8426
11291
8726
11472
11441
13045
11342
12072
11421
11512
10630
13636
11732
11562
8216
11462
11431
11502
11722
8286
11432
11361
10830
9859
11522
11422
8245
11542
11291
11402
8496
11802
8516
11562
11972
11292
8516
11551
8366
11542
11482
11432
11913
11621
11421
8055
11432
11411
16501
11541
11070
9528
8416
6312
15539
11622
11071
11302
11281
6472
11442
10670
11451
8255
11642
11392
11612
11451
11431
11431
10580
11602
11782
11542
11642
11472
11742
11612
11331
11722
11682
11381
11422
10489
11322
11592
11392
11532
11682
10830
10770
10450
10560
11452
11441
11522
11662
11351
11572
11792
11491
10369
11622
10340
11351
10900
11812
11432
12023
11793
11332
11482
11231
11462
11832
11792
11722
11521
11472
10600
11512
11471
11331
11471
11552
11662
10410
10430
10470
11591
11652
11282
11491
11382
10389
11422
11772
10520
11362
11381
11482
11361
11702
10620
6342
11061
11412
11391
11562
11732
10670
11592
10821
9568
10510
9258
10981
11471
10860
11482
11351
10309
11301
10439
10610
10450
8416
11522
11542
11382
11442
8466
11862
8386
11642
11522
11772
10349
11472
11392
11501
11412
11722
11522
6442
10550
11081
11532
10570
11662
11322
11442
10890
10680
11862
10380
11562
10389
11672
11972
11472
11041
12544
10610
6181
10800
10469
11411
11021
11963
11612
10910
11241
11332
10860
11321
11241
10951
11882
11331
14286
11512
14007
10741
11512
11311
10710
10691
10741
13686
10670
10720
11472
11571
11191
10730
10670
10770
11301
11281
11131
10941
11652
10930
11552
11191
11522
11041
11421
10430
13445
11381
11171
10499
11182
10911
10380
11432
11852
11622
12062
11672
10600
11601
11823
11531
11903
11492
10410
11592
11983
11381
11932
11742
10349
10951
11422
10329
12033
11412
11372
11512
11822
10570
11181
10419
11552
12403
11502
11642
11432
12052
11381
12083
11292
10410
11522
12072
11572
11853
11622
10369
11973
11412
11582
11592
11922
11371
11010
10389
15639
11642
10560
11742
11813
10610
10840
10721
11292
10701
11411
14167
11712
10660
10540
10580
10429
12013
11722
11932
10420
11371
11612
11422
11863
11672
11411
11672
11802
11541
11552
11783
11492
11572
19446
10519
11361
11402
10300
11632
11452
11361
10660
11411
11392
11261
11422
10750
11372
11532
11491
10721
8355
11432
8476
11502
11562
10610
10570
10349
10700
11532
11472
11431
11311
8336
11452
10399
11521
8416
10971
8396
11532
11632
10790
10931
10600
8766
11472
11251
11502
10780
11431
11442
11501
11231
11542
11432
11342
11361
11401
11652
11492
6462
11351
10420
11552
11452
11482
10681
10650
10529
10500
11462
12183
10931
10680
11442
11472
30518
10530
11001
11061
10519
6182
11251
11401
11141
10480
6242
10780
11471
11301
10400
11462
11411
11561
11411
14778
11592
8256
11532
11531
11461
11882
8135
5771
10740
5721
12483
5711
11863
5941
10830
6092
10991
5912
10660
6042
10980
6001
11071
5901
10720
6042
10790
5851
10841
5841
12414
5841
10860
5991
13766
6943
10730
5911
10840
5881
11462
6052
10841
5751
10820
5811
11942
6543
12734
6111
11040
5781
11842
6783
10890
10841
10380
11722
10971
10751
11712
10399
11351
11571
11551
10640
11391
11221
11792
11021
11622
11511
12844
13105
10931
10951
11541
11772
10761
8435
10470
8326
11372
11171
11662
11812
11672
8606
11451
8656
36038
11472
11923
11402
11372
11422
11371
11572
10429
20348
11883
10590
11301
9558
11411
8335
11712
11562
10751
11632
10470
8256
11642
11462
11471
10490
11481
10360
11632
11110
10770
11722
8085
11502
11542
8606
11491
8817
11773
10820
11491
11391
8245
11331
11551
11111
11481
8256
11592
11492
10800
10580
10991
10470
11842
10509
11171
11601
8366
11461
8285
11502
11501
11542
11862
10460
11833
11532
11512
11863
11591
11241
6232
10921
12674
11452
11471
8526
11502
11441
11452
11331
8286
11421
11572
6472
10960
10440
11331
11371
11492
11542
11522
11562
11843
11542
8265
11411
11422
11411
10620
11482
11452
11372
11312
11041
10801
8235
10540
11481
11942
11461
11502
10300
10610
10430
10550
11582
11602
11472
11372
11392
11461
11272
11161
10710
11151
10911
11351
11272
11722
11382
11382
11441
12123
11461
12383
14637
11783
12203
8436
11722
8325
11502
8476
11251
11492
11462
11732
12183
11702
11351
14166
11612
11451
11402
8386
11793
11482
11451
11462
11672
11501
11472
11412
11612
10540
11562
11441
11472
11402
11472
11372
10480
11382
11312
11441
10900
14217
11692
11792
11461
11341
11592
11342
11462
11372
11501
11572
11482
11692
11782
11863
11512
11642
11372
10761
11452
11582
12123
11341
11511
11452
11772
11511
11492
11352
11702
11302
11502
10830
11562
11211
11692
11311
13636
11312
11451
11572
11482
10670
10430
11582
11391
11672
10600
10500
10459
10610
11592
8366
11652
8266
11732
11672
11722
10469
10590
10980
11381
8335
11512
10600
11572
8486
10570
8296
11472
8436
11512
8315
10820
9668
6232
11191
6051
12393
7965
10810
7313
10890
7544
11101
7043
12504
5841
11172
5871
11532
6172
11091
6001
10970
8566
5730
11081
5801
11492
9618
6082
12854
6502
11021
6492
9257
6663
8616
6772
9678
6021
9709
7504
10850
6031
10951
5921
11402
9338
6001
9318
7714
9618
7173
13025
7925
12974
6012
10550
8426
11321
10449
11652
11572
11632
10820
11582
8356
10700
11672
11321
10479
8616
11381
8566
11261
11512
10510
10711
11291
8656
11411
8246
11331
10660
10620
10651
10600
8476
11341
8205
11471
8295
11311
11452
11411
10450
10529
11362
11802
11572
11511
10771
10810
11712
11542
11492
11772
11352
11462
10439
11541
11471
11602
11361
11242
11833
11361
11272
13315
11592
11321
11372
11692
11702
11682
11452
11282
11381
11602
11532
11902
11591
11471
14317
11452
10660
11561
11502
11502
11371
11321
11411
11692
8165
11542
10741
10910
11651
10901
10911
11301
11000
11362
12383
11732
11832
11391
11472
12203
8226
10800
9267
10821
9498
10781
9417
11051
9608
10690
9368
10951
9638
10831
10971
10620
11421
10880
11011
10850
12233
10710
11392
10640
10940
10811
11552
11081
10921
10850
11501
10760
11261
10630
11001
10921
10770
11271
10850
11451
11552
11121
10810
11612
12253
10931
15920
11391
10770
10680
11120
11782
10951
11581
10831
10871
10840
11672
10690
10900
10760
11411
10781
11371
10770
10780
12353
11712
10760
10760
10820
11462
12975
11882
11672
11391
11071
11431
11422
11612
11342
11923
11672
11452
11561
11451
11312
11381
11582
11512
11491
11281
11341
11501
11602
11762
11411
11332
11311
10590
11562
11562
11512
11642
11992
11783
11461
11852
10640
10750
10500
11381
11822
11612
10560
10490
12894
11482
11272
10810
11542
12313
13174
11592
11461
11692
10981
10980
11141
11552
11632
11362
11441
11953
11652
11321
14588
11411
11452
11432
14367
11311
11772
11823
11401
11542
11773
10580
11923
11302
11361
11141
11251
12454
11932
11412
11272
10620
13746
11361
12313
11492
13565
12414
11402
11572
11341
11622
11912
11191
11822
11572
12002
11521
12113
11522
11432
11030
12865
11351
14978
12013
12323
11452
11381
12473
11983
11331
11812
11542
11552
11291
11802
11471
11932
12163
11431
12193
11371
11532
10640
11021
11341
11822
11281
11272
11271
12003
11391
11942
11552
11802
11522
11912
11282
11282
11772
11562
13115
11492
11382
10820
11942
12874
12003
11332
11302
11171
11913
11793
11271
10570
11451
11381
12984
11421
14377
11572
11281
11342
11933
11742
11662
12042
11712
12033
11471
11531
11141
11372
11241
11672
10900
11451
11201
11332
11341
11361
10720
11571
11982
11863
11331
11932
11862
11332
11632
10710
11802
11652
11933
11251
11482
11341
11411
11962
11442
11451
11412
11542
12083
10890
13515
11883
11341
13045
11642
11972
11461
10600
11842
11441
11802
11562
11541
10961
11362
11472
11943
12403
11552
11291
10920
15279
10991
11912
12093
12093
10730
11542
14878
11943
11572
11421
11822
11372
11111
10861
11381
11241
17433
11452
11952
11422
11682
11491
12153
11361
11843
11372
11362
11702
11522
11422
11522
11893
11411
11782
11442
11692
11131
11421
11692
11882
11341
11351
11091
10640
11832
10360
10520
14758
11431
10780
11702
11712
10751
11572
11001
11331
11321
11502
11742
11622
11722
11501
11281
11662
11472
10540
10550
11441
11451
11371
11211
11662
11472
11732
10951
10550
11772
11091
15229
11652
11692
11822
11431
11471
11382
10400
11291
11492
11391
11662
11632
11482
11652
10510
10419
19967
11422
11983
11441
11471
11602
10710
11491
11421
11582
11722
11642
11581
10560
10379
10811
11552
11542
10600
11221
10600
11431
11713
11341
11381
11481
11462
11722
11732
11622
11712
11602
11101
10970
10901
11141
10821
11181
11662
10720
12193
11712
10921
10891
10880
10901
10981
11231
10600
11231
10790
10951
11040
10680
13285
10660
11101
11091
10810
11151
10870
10860
10860
11051
10580
11302
11371
10400
11512
11862
10590
10761
11672
11812
11351
11401
11301
13666
11622
10610
10410
10821
11532
11512
10810
11452
11792
17563
11351
11442
11010
14067
15209
11271
11331
12203
11272
11191
12153
10790
10440
13515
11462
11561
17543
11332
22713
15009
11572
11462
11571
11361
11622
10881
11171
11341
11652
11652
11441
11401
11572
11863
11442
11462
11542
11632
11402
11381
10510
11482
11251
10580
11362
11532
11371
11241
14848
11361
11501
11431
11651
11492
10540
11632
11672
11381
11371
11452
11261
10319
10389
10670
12574
10319
11211
11652
10460
11612
11452
11121
11412
11842
11783
11762
11592
10520
11401
11642
11521
11492
11592
10810
11582
11362
10380
11421
11422
10810
11772
11422
11562
11201
11361
11612
10420
11231
11321
11401
10450
10590
18585
11552
11572
11522
11632
11541
11381
11481
11802
10379
11783
11241
11422
11371
10369
11752
11482
11281
11432
11722
11512
10410
10820
10800
11532
11973
10279
11281
11531
11612
11692
11491
10380
11672
11441
10720
11412
11512
11592
11532
11622
11602
11371
11602
10460
10690
11361
11361
11362
11191
11752
11702
11572
11351
11471
11331
11782
10560
11351
10750
11361
11251
10600
11231
10761
11401
10530
10650
11411
11451
11391
11401
11431
11542
11321
10961
11051
10509
11472
11792
12323
11592
11772
10450
10550
11612
11161
11341
10580
11482
11732
10550
11332
11432
11371
11682
11401
11462
11522
11502
11581
12433
11482
10750
11482
11652
11401
11572
11472
11542
11341
10350
11151
10670
10941
11652
11362
11642
11481
11352
10340
11432
11512
10460
11341
11452
11381
11692
10861
11402
11512
10450
11241
11361
11431
11562
11682
11481
11412
11421
11562
11392
10771
11221
11792
11482
11592
11342
11362
10740
10420
10579
11362
11532
10480
11292
6392
10740
11312
10590
11502
11462
8195
11392
11492
11592
11672
8185
11552
11932
11832
6412
10991
9247
6302
11101
9287
8857
10920
9237
6402
10861
6433
10831
9408
6322
9347
6352
10951
5740
10921
9628
6723
9307
6452
10760
6212
6572
11141
9248
7924
11091
5932
10751
6342
10810
6613
10800
5911
11261
6442
11021
9298
6633
11041
6272
10760
9227
5922
10921
9248
6312
9588
5751
10801
6392
11101
5761
11141
6332
11201
9508
6302
9307
6452
10860
6242
11201
6672
10891
9327
6422
10991
9328
5931
10710
6342
9377
5881
10790
6602
11101
9458
5901
6572
9238
10850
9148
6382
10990
6232
10991
5721
10761
9288
6012
9317
10780
9588
5871
10720
6452
10891
6523
10751
5811
10840
9357
6432
10640
9288
6342
11051
6312
10890
5771
10730
5831
10660
9308
6142
9498
6412
10881
6342
10841
9498
6823
9668
6432
11011
6382
10911
9307
6442
9198
6482
9247
6192
6542
9258
6332
10891
9158
5851
10921
5941
11010
9258
5801
10711
7935
10750
9187
6222
10820
9358
6472
9207
6282
9428
10560
9237
5931
6472
9408
6503
10710
6362
11091
9268
6613
9147
6562
9188
6252
10750
9258
8436
9267
6602
10850
6382
10951
6382
10951
5961
10770
6352
10941
6412
10780
9227
6483
10730
9178
5821
11422
7224
10840
6262
10760
6311
11131
9458
6552
10740
6252
10981
9278
6292
11131
9468
11271
9227
6372
10801
6382
10720
5891
6542
10760
9428
6352
10890
9709
6271
11161
6222
10840
6332
10760
5771
6483
13706
11492
8596
12374
11561
12073
10600
11902
10850
11512
11842
11532
11621
11532
11021
10711
12473
8316
11662
11912
10580
11842
8256
11622
13135
15098
17032
11451
12283
11461
11692
11511
13906
11521
11842
11401
11802
11883
12093
11572
12043
11682
11993
8336
11902
11772
8435
11983
11772
9478
11922
16671
11983
10510
12303
8235
11692
11923
8205
11893
11481
11272
9537
11541
11833
10439
11933
8236
11422
12224
10489
11742
8376
12173
17123
11591
12163
11692
11922
8216
11872
11351
11702
11832
11352
17343
11452
11382
11913
10730
11752
11491
11652
11852
11612
11903
11812
11401
11321
11622
11541
8295
11632
11512
11482
11843
11832
11442
10780
10751
11622
11943
11672
11802
11592
11371
11291
11452
11532
10490
10660
11422
11632
11532
11592
11331
11753
11451
11853
11481
11552
11551
11321
11452
11672
11411
11672
11642
11552
11502
11462
11251
11492
11722
11371
11461
10680
10650
10440
8195
11552
12123
11641
12353
10830
10921
10981
8216
11091
13085
8195
11602
11431
8226
11522
11902
8106
10991
10961
10900
11622
11461
10821
10770
13265
8285
11201
11091
11351
10870
10590
12033
10950
12483
10910
10821
8346
10890
11461
8206
11101
11291
11011
8687
11482
11182
11061
11371
11492
11432
10970
10810
8166
11161
11131
8305
11462
10590
10410
8205
12263
10680
11401
11462
10850
11182
12493
8326
10970
11622
11612
11632
11772
10831
11181
11842
11061
8215
11622
11561
11362
11762
11402
11672
11381
11461
11992
10750
10530
11522
11401
11581
11692
11512
11982
11441
11472
11632
11451
11822
11061
11551
11491
11582
11662
11462
11251
12994
11452
11492
11491
11502
11802
11422
10900
11682
11441
11492
10871
10660
11091
11241
11652
10520
10931
10540
11271
11702
11532
11472
11481
11872
10480
10549
12634
10410
10430
10540
11853
11562
10520
11642
11301
11552
11381
11612
10370
11271
10771
10771
11401
11482
11331
11311
10820
11462
11582
10590
10660
11462
11612
11502
11632
10600
11632
11361
11331
10660
11421
10490
11382
10519
11331
11522
10640
10350
11492
11422
10630
10841
10730
11602
10239
11742
11582
10510
11442
10549
11391
10520
10560
11602
10390
10650
10590
11702
11452
10781
11672
10821
11572
10570
11391
11822
11431
11451
11391
11261
10891
10540
10570
11502
11502
11522
11471
11441
11662
11732
10560
11411
11372
11462
10640
11742
11542
10359
11502
11893
11501
11752
11542
11932
11542
11562
11642
10620
11322
10730
10941
11713
11281
10691
11312
11431
11562
11542
11872
11702
11341
11401
11462
11241
11441
11863
10610
11642
11381
12013
11522
11291
11622
11742
11341
10540
11442
11391
11532
11512
11422
11472
10711
10510
11241
11392
11792
11031
10519
10610
11552
11992
10479
11482
11311
11472
11421
11512
10460
11601
11301
11672
11571
11532
11592
11331
11372
10981
10971
10931
10780
11031
11171
10590
10761
10830
10840
10670
10981
10880
10690
10800
11131
10830
10830
10740
11101
11111
10871
10790
11051
11001
10870
11011
10941
10981
11402
10781
10981
11041
11030
11021
11972
11001
12053
10410
12003
10630
11602
10841
11551
11712
11531
12253
11722
11833
11792
11502
11121
11452
12153
11712
14467
11933
11712
11361
11912
10960
11802
10660
12152
11592
11872
11642
11712
11773
11853
11972
11461
11692
11942
11632
11532
11051
10470
11392
11943
11292
14317
11912
11382
11812
11542
11903
11882
11462
13565
11481
11993
11802
11532
12002
11923
11602
11992
10640
10359
10580
11411
11582
11352
11722
11612
11802
11461
10901
11351
11472
11422
11462
11552
11381
11492
11531
11772
10450
11131
15640
11652
11321
11392
11782
11401
14317
11852
11702
11662
11442
11722
10560
11461
11492
11391
11552
11612
10800
10981
12163
10761
10971
10710
10901
10930
10680
10901
10730
11091
10920
11091
10700
11412
10860
10670
11392
10890
11642
11702
77246
10560
10299
6262
11481
6563
11702
11782
11672
6282
11391
10800
10800
5721
11722
11452
11341
10630
10690
10761
11642
11451
10640
6322
10850
11612
11963
11892
10881
10650
11071
10960
10891
11242
6222
12604
11442
11743
11562
11071
11050
11221
10840
10910
6322
10921
11692
11572
6292
12403
10971
10881
11532
11471
11552
11502
12633
11762
11602
10550
11421
17212
13035
12003
11762
12593
11712
11612
11903
11752
11311
11442
11913
10500
10480
19366
10320
11933
12523
11562
11522
11592
10540
11271
12133
11341
12263
11712
15208
11672
10891
11111
13445
11471
10439
11682
10830
13365
10860
11101
11812
10700
10710
16011
11281
11582
11782
11572
11422
11642
11662
11772
11452
11191
10290
10630
13345
10710
8496
11762
10480
11141
11031
10400
10980
11071
11512
10800
8526
10840
8236
11221
21521
11582
11601
11411
10971
11321
11181
6372
10510
10850
10791
10490
11531
8386
11612
11652
11141
10831
10610
11803
10891
10600
11181
14277
8647
6212
11071
11161
10760
11903
10960
11922
11321
11812
10830
11081
11943
10901
11832
11041
10790
11823
11131
11923
10931
10790
13966
10870
12323
10850
11342
12032
10930
11952
10750
10079
11031
6392
11983
5751
6281
11231
6282
11893
10941
11812
10941
11752
10821
10801
12032
11221
10460
11472
10800
10670
10700
10820
11331
11031
10580
11462
10920
11311
10810
10930
32561
10820
10650
11552
10740
9438
10560
9698
10710
11371
12674
11051
12003
9288
10900
11742
10760
11301
10821
6282
11642
6182
10640
11391
9468
10931
11582
11010
10841
10881
11462
10419
8546
11382
11332
11481
11802
8316
11402
11401
11782
11592
10289
11402
11471
12244
10900
10871
10550
11522
11421
11371
11512
11621
11793
11592
11662
11421
11291
10660
11522
11471
11472
11883
11261
11171
11571
11892
11462
11722
11472
11832
11392
11712
11061
10580
11551
11602
11422
11833
11522
11522
11802
11632
11492
11722
11532
11402
22181
11582
11261
11021
10620
11471
11822
10710
10330
22072
11622
11632
11471
11682
11882
11391
10359
11601
11602
11742
11452
11351
11692
11391
11341
11502
11632
11282
11502
11342
11392
11872
11501
11542
10680
10640
11913
11562
11412
11652
10660
11892
11692
11732
11412
11672
11702
11542
11962
10720
11342
11522
11682
11642
11642
11462
11522
11662
11462
11492
11541
11391
11703
11422
11642
11321
11462
11332
11612
11662
11221
11812
11392
11562
11882
10510
11682
11342
11522
11782
11361
11501
12103
11181
11702
11812
11371
11592
11952
11402
11963
11311
11342
11322
11592
11241
10861
10459
10880
11652
11412
11612
11382
11612
11822
11421
11301
11472
11722
11171
11642
11030
11271
11592
11011
10951
11571
11471
5600
10770
11331
11281
10590
12835
11392
11452
11411
11712
11552
5600
10730
10530
11492
11822
11472
8436
11372
10730
11552
12113
10640
8506
11662
11472
11572
11702
10720
8326
11522
11431
12023
11201
10831
10479
5901
11742
12103
10780
11602
11572
12012
8336
12143
11763
13576
10941
11983
11522
11883
11562
12083
11422
10840
6392
10780
10850
8236
8315
8336
10680
11502
11712
11321
10490
10279
11412
11261
10861
10489
10640
11642
11662
11392
11722
10519
11452
11482
11983
10921
11342
11612
12002
27983
11511
10470
11602
11512
10450
11422
11462
11432
11432
11402
11592
11883
11502
11762
11292
11541
11942
11451
11501
10439
10911
11452
11502
11962
11472
11322
11542
11382
10490
11813
11402
11461
11321
11281
11662
11592
11682
10600
11632
11562
11632
11672
11743
11612
11471
11502
11782
11822
11372
11611
11061
11531
11311
10880
10720
11061
12213
11582
10470
12374
10319
11501
11421
11842
10470
11642
11381
11401
11622
11662
11642
19757
11561
11372
11762
12022
11492
10440
11532
11391
11642
11382
12133
11923
11742
11912
11572
10520
10950
12704
11291
10740
10891
11421
11392
11591
11572
11422
11471
14047
10550
11352
11602
11672
11532
11431
11551
11342
11742
11101
11501
11432
11552
11061
11432
10610
13425
11382
11672
11702
11712
11191
11261
10951
11762
11402
11542
11331
18485
12073
11852
11752
10610
11442
11402
10500
11461
11582
11411
11471
10460
10881
10420
11421
11442
11432
11652
10600
11602
11672
11462
11421
11242
11592
11351
11402
11281
11672
11281
11551
11672
11311
11512
11552
11923
11422
10660
11372
10360
11532
11402
11421
11482
11582
11461
11722
12283
11491
11572
11662
11441
11522
11381
11292
10480
11371
13546
11742
11783
11392
11431
11471
11452
11402
11512
12143
11451
11361
10630
11592
11913
11702
11732
11592
11882
11361
11702
11892
11601
11502
10730
10861
10670
10770
10449
11332
11251
10419
11141
11542
11502
10630
10650
10600
11983
11713
11732
10630
11873
11252
12795
11421
12093
11662
11933
11362
10300
10610
11512
11451
11742
11462
45255
10560
11382
11311
11502
11752
11762
12063
11541
13135
11522
11321
11522
13275
11792
11541
11371
11462
11782
11452
11582
13025
11522
11382
11672
11461
11652
11913
11571
11802
11232
11912
11442
11772
12113
10480
11782
11552
11592
11362
11231
10780
11772
11572
11372
11432
11652
10429
11522
11551
11322
11622
11512
11642
11502
11602
10861
11421
11672
11472
11472
11611
11582
11452
11582
11562
11351
11542
11682
11692
11501
11331
11431
11822
11312
10650
11722
11331
11602
11702
11742
11652
12514
11472
11572
11522
11441
11882
11542
10490
10369
11482
11342
11842
11712
11602
11672
11331
10880
10721
11211
11552
10660
11341
11381
11362
11472
11502
12153
11943
11522
11872
11601
10419
10700
10890
10379
11872
11401
10510
11562
11361
11572
11542
11461
11672
11492
12073
10821
10440
11792
11892
11401
10931
10540
18615
11542
11672
10820
11492
11491
15630
10549
10450
10901
11732
11482
11541
12183
11342
11672
10810
11732
10981
10671
11442
11412
14087
11392
11662
11261
11522
10941
12103
11391
11873
10480
11572
10850
11391
13235
11311
11923
12303
11943
11352
10530
12864
11261
11912
11642
11371
11631
12163
11912
11802
11221
10430
11622
12083
11552
11962
11772
10419
11322
12193
11321
10509
11532
17453
10550
12083
11361
12073
10510
11632
11322
10540
11902
11441
11412
11352
11812
11582
10991
10540
10590
11341
12123
11813
11031
11212
12163
11702
11882
11612
10480
10741
10740
11892
11491
11591
15900
11862
11752
11642
11752
11532
11912
11412
10480
11712
12003
11733
11421
11672
16110
10410
11793
11291
11511
10520
11061
11722
12133
12033
10450
12293
11482
11672
11532
17142
11732
14798
11482
11582
11191
10490
11552
12002
11532
12493
11392
11993
10751
11071
11341
12093
11632
10830
11432
11822
11361
11772
11451
10600
11502
12113
11482
11101
10300
11903
11422
11842
11422
11843
11352
11111
10631
11471
11502
17002
11512
12403
11532
11562
11622
12013
10580
12734
11722
11602
13545
13696
11361
10761
11782
11391
10480
11472
11382
11462
11371
11652
10309
11402
11472
11793
11492
11501
11521
18806
11572
10549
11332
11602
11301
11272
11713
11551
11883
11551
11632
10319
10450
11702
11442
10811
10590
11351
11843
10630
11361
10851
11622
11682
11913
10590
11521
10771
11021
11752
11381
11411
11882
11802
11892
17032
10389
11391
11532
11962
10530
11913
11621
10620
11361
23745
10580
11611
11441
11302
10370
12083
10781
11311
10810
11752
11291
10820
11201
11742
11692
14167
11812
10519
11492
11742
11321
11893
11662
11392
11241
11782
11321
12343
10440
11852
11471
11501
11381
12033
10530
11331
10299
10870
9287
10820
11301
8436
11532
11451
10770
10480
10740
8596
11562
8416
11612
12182
11531
10671
8115
8346
11712
8286
11321
8265
11511
8917
11783
8115
8366
11732
8276
10740
8236
11552
11612
11412
11511
11422
11421
11392
11492
11342
11402
11602
11431
11422
11281
10600
11822
10760
11441
8185
12053
11071
10700
10700
11342
11732
11802
11863
11481
10710
11421
8516
11442
8205
11531
8196
11591
10630
11822
10811
11422
11772
11622
10740
10710
8286
11552
11372
11732
8395
11832
8396
11282
11672
11391
12143
11451
6442
10841
6192
10560
10851
13495
10781
8186
11451
10580
10940
10620
11472
10549
10871
10489
11852
11562
11362
11512
11702
8756
11542
8205
11612
10320
11332
10520
8166
11421
11662
11732
11883
11952
11351
9167
12003
11722
10770
11952
11922
12153
11772
11432
11822
10519
8366
11592
11332
11551
11292
10569
12433
10650
11351
11341
11432
11401
11501
11391
11582
11932
11401
11612
11501
11431
10590
11431
11272
11592
10880
11101
11321
10620
11371
11321
11672
11351
11742
11641
11461
11492
11171
11451
11101
11021
10710
11542
11141
11452
11462
10490
11331
11462
11391
11602
11842
11492
11552
14517
10780
10570
11842
11562
11612
11332
10700
11051
11171
11181
11662
12534
11592
11552
21741
11742
10590
11171
13095
10640
11532
11471
11893
11582
11411
11752
10730
10770
11262
11341
11272
11762
11432
10670
10951
11632
12003
11432
11642
11812
11321
10740
11902
11532
11422
11622
11802
14067
11571
11763
11432
11392
11512
11442
11882
11692
11632
11352
11341
11351
12002
11862
11562
10489
11793
11742
11702
11802
10650
10831
10700
12033
11281
11752
11461
11191
11502
11412
11392
10570
10680
10539
11762
11401
11412
11352
11872
11361
11552
11462
10389
11471
11402
11371
11672
11471
11401
11732
11451
11852
11632
11402
11652
11131
11471
11342
11311
11522
11291
11521
11642
11211
11482
11863
10340
11191
11692
11542
11803
11422
11762
11501
11712
11662
11482
11251
10940
10590
11862
11582
10620
10660
11592
11773
13225
12994
11371
11442
11812
11652
13455
14116
11511
10490
11482
10500
11692
11912
11512
10489
10480
10590
11482
11351
11772
10440
11211
11732
11412
11511
11632
11521
13275
11893
11391
12544
10600
11542
10610
11331
10520
10530
10730
8176
11452
10540
11592
11863
11502
11341
11622
10670
11331
8346
11792
8335
11712
11452
11422
11432
8656
11341
12013
11182
10490
10871
10811
10570
7745
10801
6271
11091
6322
11031
6362
10840
6352
11381
6412
11151
5861
10680
6422
10950
6302
10791
5941
10960
6652
10951
6272
11241
5861
10680
5981
10911
6442
11061
6663
10891
5871
10700
7003
10470
5761
8175
10600
8366
8436
11762
8185
10440
11302
11742
8516
11361
11462
10951
11792
10841
10730
11822
10540
12112
11291
6392
10911
6212
10610
11552
10610
8276
11652
8175
11572
11472
11602
12163
11591
11271
11893
11091
11471
8657
11692
8375
11441
11682
11412
8416
11632
8386
11341
11552
11331
11321
10841
11492
8236
11632
11622
11421
10550
11582
11702
11532
11361
11532
10500
11511
8606
11501
8146
11511
11251
10840
5621
10851
11231
8155
11492
8236
11561
10490
11292
8166
11221
8306
10390
8205
8146
11702
8095
11642
8135
8345
11512
8316
8195
12193
8296
11491
8326
11622
10640
11422
11451
11291
11652
10430
11392
11382
10640
11272
10680
11612
11451
11621
11572
11492
11532
11351
10681
6111
11952
11272
11231
11081
11261
10801
11361
10780
11081
10931
11312
10670
14707
10930
14407
10560
11492
11451
11631
10871
11592
10921
11532
11843
11672
11561
11632
12513
11431
11591
6653
10560
8226
11471
11642
10210
10489
10409
8225
11362
13455
11362
11932
11522
10630
11803
10911
11471
11491
11482
11461
11392
8195
11712
11572
11632
11331
10650
11432
11632
11572
11932
11382
11542
8426
11932
11452
11401
10520
10540
10480
10580
10570
11421
8196
11522
11752
10880
13285
10720
11712
10650
11802
11782
10750
10891
11301
11311
11412
11151
11171
11371
11301
11892
10490
11282
10480
10560
10980
11502
11692
11561
11542
10369
11462
10339
11862
11361
10580
11201
10590
11562
11552
10690
10540
11201
11642
10449
11252
11131
11733
11541
10781
10620
10920
11462
11532
11602
10460
10530
11572
11642
10730
10670
11341
10690
10680
11362
10500
14437
11452
10770
11551
11401
11311
11371
11432
11391
11492
11272
11632
11502
10559
11391
11992
11401
11582
10741
10720
10960
11632
11642
11512
10820
11261
10910
10790
10861
11592
10780
10871
11421
10710
10510
10580
11402
13475
11972
11541
11341
10770
13034
10330
11943
11492
11802
10770
13416
11411
10790
11401
10419
11722
11863
11442
11371
12173
11541
12283
11312
11672
11021
11090
10821
10860
11030
11011
11742
11342
11291
11401
11452
11762
11792
11311
10400
11912
8255
11812
10900
11511
10680
12143
10871
11652
10851
11682
10860
11091
11532
11051
11452
10791
10980
11541
10460
10740
10941
10911
10840
10750
11431
10450
11642
10780
11481
11491
11361
11431
11753
10720
11742
14257
11011
10731
11061
11311
11071
11322
11051
11011
11361
11020
11020
11001
11271
10870
11461
11401
11451
10580
11311
11672
11682
10971
10419
10891
10650
10920
11692
11582
11051
11482
11482
10870
11442
11421
10870
10741
11090
10780
11361
11572
11412
10980
11512
11582
11071
11512
11431
10830
10490
10550
11321
11672
11291
11011
11672
11773
12103
11091
11712
11391
10931
11732
11472
11131
10570
11732
10961
10680
10851
10771
10479
10960
10490
12023
10820
10790
10680
11883
11551
10570
10881
10730
11432
10901
11532
11602
10970
11512
11411
10731
10891
10319
11080
11672
11902
11171
20789
10840
10309
10730
10440
10931
11442
11392
11762
11201
10900
10870
11351
11902
10469
11472
11922
11882
11492
10791
10810
10500
11371
11382
10500
11000
11211
13004
13385
10670
10469
11281
10951
11532
10660
10861
10941
11602
11451
10871
11782
11692
11963
10550
10610
11632
11742
11842
10630
11642
11602
11632
11081
10570
10851
11381
11602
11732
11441
11752
10540
11572
10790
11372
11572
11482
11381
10671
11341
11341
11171
11592
11762
11562
10820
11111
10550
11772
11813
11522
11662
11582
10780
12112
10460
11882
11361
11271
11632
11752
11672
11632
11882
11401
11492
11412
11902
11461
14547
11882
11622
11261
10480
10820
11702
11421
11562
11722
11692
10610
10760
10420
10941
10550
11472
10640
11692
15629
11522
11622
10730
11842
10881
12043
11482
11000
10430
10800
11843
12293
11932
12804
10569
11211
11652
12033
11562
11922
11482
11953
11622
12253
11451
11672
11432
11893
10500
11471
10870
11542
11071
12043
11612
11501
10870
10751
11431
10590
11421
11823
11392
10519
10620
11402
11502
11642
11421
10830
10810
10750
10891
11602
10650
21330
10590
10610
10911
11621
13325
11792
11582
10509
11662
11521
11131
11451
10449
11622
12033
10651
11642
11492
12093
10600
11101
10660
11532
10830
10480
11782
10870
11572
11441
10990
10400
11271
10951
11261
10681
10650
11201
10410
11371
10900
10931
11561
11932
11562
11291
12274
10650
10349
11862
11231
10741
10540
10891
10470
11402
11572
11532
11392
10770
10550
11902
12464
11682
10730
11382
10570
11762
11432
11601
11441
11552
12173
11642
11641
11632
11331
12413
10450
11432
10841
11893
11492
10840
10550
10590
11321
10379
10570
10430
10700
11793
11291
11471
10580
10299
10550
10520
16330
10751
11762
10610
10700
10810
11682
11722
11451
10570
11131
11572
11762
10651
10751
10991
11722
10570
10620
11101
10400
11522
12053
11893
10600
10840
11001
10530
10550
11992
11993
11512
10580
10630
11362
12043
10831
10570
11703
11441
11311
10690
10901
10400
11571
10810
10560
10340
11551
11492
12012
10540
10590
10480
11602
10870
10350
11421
10690
10510
11773
11722
11903
10860
16140
11482
11512
11772
10870
11011
11572
11531
10690
10610
10440
11271
11902
11763
10460
10409
11502
11632
10570
10560
10850
12013
10650
11612
11571
11452
10299
10840
10550
11572
10580
10320
10520
11321
12374
11401
11682
12082
11992
10920
11392
12012
10560
14297
11692
11641
11452
11532
11331
12173
11591
11922
12153
11331
14727
11582
11552
16461
11542
11892
14918
11332
11832
11492
10390
11571
11432
10369
11602
11451
11361
11612
11572
11592
8556
11591
8536
11321
10550
11301
10459
11682
11552
11652
11342
11982
11853
11803
8736
11922
11562
11572
11822
11562
6262
13245
10921
12614
11612
17012
11551
17002
11321
12624
11392
13937
11822
11351
11772
12263
11402
6362
11181
11832
11342
11662
11502
6232
13856
11031
11431
11612
11422
11622
11983
11873
11682
11732
10911
11622
12393
11432
42310
11452
11822
11853
11712
11702
11652
11382
8446
11773
11341
11622
11441
12223
11412
11893
11762
11522
11522
11863
11792
11432
10540
11331
11662
11622
10570
11672
11773
11501
11461
11402
11511
11542
11722
11631
11472
11392
11641
11722
11632
11381
11221
11382
10961
11091
11501
11382
11381
8496
10440
11922
8366
11472
11652
10640
11452
11361
8386
11532
11532
11592
10771
11662
8195
11793
8456
11723
11441
11402
8206
10600
8316
11682
11582
11482
8196
11501
11561
10340
14377
8355
11752
11792
8415
11823
11442
11382
10460
11702
11551
11422
11632
11252
10810
11892
11482
11962
11782
11682
11471
10800
11412
11382
10360
11181
11081
10660
11632
10330
11492
11391
11322
10841
10951
11381
11662
11352
11371
10530
11571
11371
11331
11531
11441
10460
11532
11732
11461
11432
11371
11341
11531
11632
10771
10520
10409
12033
11351
10539
10781
11351
11401
11472
11652
12203
10460
11411
11392
11472
11501
11511
10530
11261
11362
8095
11161
11041
9959
10920
10530
9768
10509
10701
10560
10530
9608
10249
10399
10029
9789
10079
9818
9778
9738
9558
9197
9578
9257
9277
8957
9347
9178
8476
9137
8917
8987
7855
8726
8566
8546
6192
7694
6162
8165
7995
8045
8316
7344
7805
7064
6953
7875
8035
6873
7675
7364
7785
7324
7845
7114
6362
7064
6803
6122
9537
5912
6652
6392
6432
6142
7103
6082
5621
5440
5400
5520
9448
5671
5149
5601
7885
5510
5220
5230
5049
5019
4879
4459
4588
4649
4609
4539
5821
4388
4669
4568
4248
4218
4469
3868
4207
3998
3887
3677
3677
3296
3787
3376
3316
3186
3095
2985
2735
2905
2955
2946
2625
2374
2364
2825
2545
2365
2445
2284
2164
2114
2074
