1984
20368
11071
11021
5811
11743
11572
11762
5811
11913
11211
6392
11482
11411
11672
11121
11642
11041
11622
10840
11682
11221
6282
11622
5720
10870
11642
6322
11131
10690
6392
10900
11802
11051
11572
11021
6502
11802
10931
11812
10851
11532
11181
6362
11552
10841
10660
12494
11612
10960
11903
12463
11602
11171
6362
11672
12905
11602
11361
11682
11061
11642
11031
11642
11422
11792
6342
10890
11632
6272
11021
10690
5690
11031
11572
11412
11491
11481
11391
11441
11612
11612
11502
10781
10950
10650
11672
11582
11541
12103
11292
5761
10891
11131
11622
11832
11101
8455
11592
10921
11832
12073
11572
8415
11581
8386
11491
11432
10610
8506
12263
11592
11531
11582
8796
11682
11692
11442
10760
11812
11422
11612
11662
12133
11692
5711
10971
11662
11621
11392
11672
12172
10540
12243
11221
11631
5580
11131
11411
11632
11642
10500
8536
11722
10590
11542
11602
11392
11542
11873
11552
8215
11332
10710
12253
10550
11471
11451
11662
11221
11412
10599
11631
9989
11682
8376
11692
11552
11632
11952
11572
8857
11652
10109
12173
10701
11692
11552
11692
8456
11743
8316
11432
11572
11621
8587
11351
8266
11752
10771
11401
11461
8375
11462
11511
8276
11351
10841
11621
10680
11442
11642
11442
11542
10640
11552
10700
11752
10399
11632
11602
11622
11692
11932
10830
11151
11522
11141
11451
11531
11501
11612
11592
11712
11552
11362
11061
13606
11722
11502
11551
11852
10761
10970
11532
11662
11522
12032
11742
11582
11452
11562
11642
11551
11531
11412
11502
10660
10710
10630
11621
11661
10680
11561
11742
10540
11872
11622
10640
11552
11481
10880
11662
11521
10741
11622
10419
11682
11622
11341
11622
11501
11702
11642
11702
8386
11672
11672
8376
11682
11591
8466
10650
11602
8496
11752
8557
11631
11541
11551
11762
11682
11652
11662
8335
11551
11582
10770
11481
11802
10550
10700
11511
10710
11532
10711
10680
11772
10710
11762
11652
11912
11502
11451
10730
10570
11983
11541
11471
10640
11632
8416
8366
11712
8456
11732
11642
11812
9438
10710
8676
11561
10660
11512
8506
11712
11762
11511
11402
11652
13174
11512
11562
11612
11762
11572
11532
11612
11602
11602
11632
11692
10480
10671
11582
11251
11081
11672
10920
11211
11311
10991
13665
11812
11822
11581
11061
11581
11662
8857
11732
8296
11331
10980
11241
8707
11632
8395
11642
11592
11492
11742
10630
8376
11752
10600
11722
11802
11511
8466
11542
10810
8446
11652
21440
11682
11923
10720
11592
11592
10560
11582
12664
11672
6382
11050
11873
11632
8746
11652
8416
11823
10740
11291
11171
11471
8536
10720
8426
11933
10680
10499
12053
11562
8406
11471
10640
11551
8406
10730
8406
11642
11772
11952
10620
8346
11371
13035
11241
10570
11682
11572
11532
11622
10640
11732
11672
10430
11522
11562
11492
11442
10840
10760
11952
11561
11622
11662
11181
11401
11662
11401
11442
11562
11411
11712
11943
11872
10901
11292
11301
11832
11712
11662
11572
11541
10691
11662
12093
10721
8306
11571
11532
11812
11562
8516
10499
11632
10771
13335
10710
5651
11111
10510
11542
12574
11552
6582
10871
11632
11462
9808
11852
8556
11521
11612
10630
10901
10650
6322
11282
11031
11401
11832
11682
12132
11672
17253
8676
11512
8386
13997
11581
11482
11392
11612
10910
11923
11671
11792
12052
11922
12513
11241
11101
10690
11512
11391
11602
11582
11552
11571
11572
11411
11602
11652
11632
10661
10680
11642
11041
11502
11522
11452
11722
11802
11782
11592
11692
10941
11732
11692
11661
11322
11581
11632
10550
11782
11592
11532
11552
11823
11602
11331
11752
11562
10670
11973
11402
11752
10369
10750
10429
11421
11571
11652
11591
11662
11581
11562
11642
11803
11612
11612
11592
11622
11622
11712
11451
11882
10660
11662
11833
10459
11823
11561
10660
11722
10820
11532
10891
10410
11572
10579
11000
12764
9268
11492
11412
11241
11452
11011
11171
11432
8346
11561
11692
10419
10961
11381
8265
11732
11532
11532
11582
8376
11622
11572
11752
8526
11602
11682
11622
11492
11682
11311
11662
8586
11201
8326
11462
11381
10921
12303
11782
11341
11011
10961
11422
11632
11802
11391
8496
11302
11191
13065
11111
8395
11792
11171
11532
8627
11231
8766
11742
11362
11712
11322
11532
11492
11191
11452
11742
12754
5731
12513
11491
11833
11311
10891
10560
11492
11321
11382
11341
8506
11021
11071
13125
9188
11361
11041
8356
11281
10931
10930
8436
11282
10840
8286
11111
10990
10550
11171
10890
11652
11171
10821
11832
11081
11051
10600
11201
11241
11442
11051
11722
13806
11191
11621
11332
11100
11472
11171
10830
11582
11071
11532
13064
11011
11381
11802
11131
10620
11321
11482
9007
11862
11502
8216
11652
10390
11752
8576
10670
8325
11952
10740
11742
11772
11641
8365
12674
11501
16591
10470
11872
8757
11793
11552
5700
12935
11642
11812
11702
11622
6352
13024
10640
11401
12092
11532
11732
11872
11532
5801
11812
5661
15940
11542
11812
11792
10610
10580
11491
11542
11662
8566
8305
8656
11631
8295
11472
8556
11682
8536
11321
5641
11381
9839
5701
11401
11301
10670
10870
10971
11050
10940
11011
8206
11201
5861
11782
8476
8176
8556
11552
8486
8166
8426
11582
8306
11432
8426
8316
11642
8226
11271
8366
11071
8506
8306
5500
11021
8616
10620
10840
10470
8526
11572
11902
8426
11712
12032
8245
8205
11582
8276
11552
11662
8426
5591
10811
8276
11752
11872
8436
5580
10821
8345
11692
8476
11552
8465
8566
8376
11802
8256
11451
11822
8386
8396
11611
10971
11401
11843
11071
8406
11622
11161
11432
11601
11081
11591
11381
11692
11461
11232
11371
11963
11322
11532
11722
13285
11592
11171
11110
11502
11852
11021
11542
11812
11111
11662
11341
10871
11541
11241
12223
11592
11552
11261
11782
11562
11942
11522
11522
11452
13445
11652
11773
11632
11742
11261
12554
11522
12073
11502
11642
11572
12002
11261
11572
11451
12072
11672
11923
11582
11702
10570
10991
11762
12203
11562
11602
11632
11712
11682
12133
11541
11501
12604
12093
11942
11501
11402
11492
11822
12163
11733
11502
11922
12053
12023
11512
12233
11692
11221
11351
11782
11441
11451
11372
11902
11602
11742
11191
11853
11421
11011
11903
11702
10960
11923
11532
11572
11742
11813
11662
11993
11502
11502
11681
11581
10700
11702
10630
11622
11622
11792
11501
11441
8687
11642
11602
5710
10940
11511
6152
13305
11031
13155
6332
11141
11752
11181
12182
11492
5651
10890
13225
11863
11402
11712
11482
11592
10470
10530
10369
11491
11511
11421
10620
11822
11732
10680
11692
13356
11542
11652
11702
11632
11742
11552
11913
11551
11492
11572
11752
11532
11742
11632
11512
11412
11371
11482
12123
11762
10830
10691
11582
11491
11632
11612
11742
11621
11531
13245
11752
11752
11852
11722
11351
11532
10570
8326
11752
11592
11561
11582
11932
10559
10620
11581
8296
11552
10720
11723
8606
11532
8315
11662
11442
12593
11662
11612
11271
11792
11482
10519
11802
12043
13455
12233
11451
11632
11682
11902
11632
11702
11802
11471
11261
17053
11281
11531
11551
11302
11632
11982
11261
11812
11773
11191
11862
11231
11742
11692
11251
11652
11591
11131
11772
11552
10891
12904
11752
11592
11712
11411
11221
11812
11542
11431
11522
11392
10930
10740
10720
11742
11652
11442
10490
10600
10630
11191
11682
11612
11592
11472
10650
11561
11452
11802
10650
11722
12704
11311
11822
11592
11462
10590
10831
10850
11702
11602
12022
10761
11091
10800
11802
11331
10850
10610
11401
11542
11522
11742
11542
11532
11561
11712
10219
11552
11571
11522
11612
10610
11401
10670
35306
11442
11742
11521
10620
11452
11602
10540
11582
11662
11662
11882
11251
10560
11552
11482
11732
11412
10480
11582
11562
11522
11501
11702
11582
11031
11121
11632
11101
13455
10570
10940
11121
10600
11602
11692
11372
11552
11381
11592
11662
11852
11532
9468
11291
9639
11011
9408
10921
10951
6582
10921
6672
10921
6403
11291
5801
10831
5821
11161
6452
10961
5721
10960
6402
10910
5681
10990
7634
10971
6563
10920
5821
10961
11061
5831
10960
5831
10630
8686
11472
11432
10770
10821
11762
8486
11602
11742
10950
11762
10690
8607
10439
8255
10710
11592
11531
11652
11401
5751
10570
6292
10580
10690
11602
10420
8686
11431
8325
11431
11471
11682
8726
10931
8446
11552
11572
11632
11602
8226
11692
11792
11291
11351
10821
11492
8326
12012
8265
11592
11512
11732
11581
11982
11722
11361
11963
11521
10710
11501
11893
10971
10910
10910
10670
11421
11702
11562
11552
10810
11582
11672
11451
11642
11782
11512
11712
11722
11652
11402
11492
11331
8315
11080
11772
9267
10680
9377
11031
11662
11040
9799
11402
10981
9668
10599
9428
11021
11632
10821
11541
11081
11622
10680
11592
10951
11081
11492
11191
11271
10690
10841
10910
11852
11001
9588
10630
9438
11171
9438
11772
8706
11121
11522
12904
11662
10640
11080
11141
10560
11101
9658
11431
9397
11612
9518
10961
11552
13326
11602
12443
10690
10931
9868
11471
11582
11602
11522
11492
11482
11612
11702
11372
10750
11462
11592
11712
10810
11051
11692
11512
11362
10580
11612
11512
10510
11461
11712
11963
11702
11742
11712
11522
11692
11441
11392
11592
10770
11592
11562
11632
11391
11351
11632
11782
11562
11622
11572
11372
11522
10630
11642
11682
11452
11752
11212
11522
10419
11541
11572
11582
11682
11632
11512
11492
11602
11542
11612
10720
10590
10529
11822
11532
11452
10681
11361
11652
11762
11020
10920
11171
11862
11512
10890
10881
11001
11342
11031
12824
11031
10840
11000
11622
11692
11491
11021
10980
10831
10840
12063
10911
12804
11621
11632
11762
11491
10880
10851
11902
11051
10980
10961
10771
11101
12494
11752
11201
11141
11201
11061
11171
11521
10891
10840
10941
10960
11071
11462
11051
11071
10831
11612
10960
11232
10981
11362
11000
11181
11010
10700
11041
11642
11382
10930
11071
11742
10780
11842
11652
11902
11511
10961
10810
11772
10870
11612
11792
11622
10810
11292
10840
11692
10981
11040
11161
11681
11201
11131
12884
11862
10800
11582
10780
10950
11151
11521
10920
10960
10770
11592
11172
11291
10850
11632
10780
11662
11051
11642
10930
11622
11101
11692
11131
12624
10870
16692
10840
11902
10770
11602
10891
11661
11361
11622
10991
12173
10750
13194
10820
11391
10981
13726
11241
11692
10960
11241
11511
11492
11512
11402
13145
12614
10911
10920
11041
10971
11141
11401
6021
11070
7555
11372
6853
11312
5791
10981
8015
10860
6482
10810
5901
10930
8005
10760
6442
11241
6041
11231
6502
11362
7033
11090
6161
11181
7685
11081
6552
12443
5871
10961
6032
10941
6452
10950
8426
11452
7294
11462
7774
11191
5810
11131
6422
11090
7404
11001
6071
10881
5902
12303
6743
11111
6412
10931
6513
10810
6733
12444
6332
10870
7164
11933
11071
5861
11161
5931
10980
6533
10841
7464
10901
13536
6622
10821
5811
10950
5851
11562
6402
10700
7814
12584
5811
10800
5921
11201
7875
11041
6402
11020
5901
13926
8486
13144
8226
11532
16321
11682
14487
8346
14207
8316
13656
17063
11602
12183
10911
8496
11572
13085
11572
11762
11512
9037
11872
11542
10810
7043
12543
6713
10990
5921
10930
6372
13416
7434
11011
6563
11000
7585
12454
7844
11011
6783
10900
6522
11522
7774
10981
6382
10931
6342
10991
5791
10810
5831
10741
5882
10781
7334
10840
5901
11041
7273
11432
7554
10840
5971
10970
7564
10951
7594
12193
7735
12584
5901
11141
9007
11041
7544
10831
7053
10820
6041
10861
6452
12333
7214
10881
5781
10990
7494
11231
8837
10921
5791
11021
5951
12503
7675
11492
5871
11041
5921
10861
6412
10870
7384
11181
7574
11221
7834
10800
5921
11251
5751
11462
6653
11041
5952
10911
6953
11392
7194
11151
5831
11532
5811
11752
6392
10790
5962
11161
5841
11471
6462
10930
5872
11081
6603
11501
6412
10811
5921
10800
6552
11331
7003
11001
5861
11051
5730
10951
7304
10931
7343
11291
5841
10860
7173
10480
10740
11392
11241
10550
10530
11222
10990
11502
10811
11431
11742
11382
11502
11401
11441
11412
11972
12012
11471
10880
11732
11401
11582
11482
11662
10761
10690
11722
11371
11652
11502
11431
11622
11622
11572
11532
11812
11482
11702
10580
11702
11481
11451
11381
11521
10399
10600
10560
11762
11602
11482
10770
11762
11862
11542
11762
11762
11532
10430
11772
11542
11652
11572
11742
10610
11692
11491
11612
11541
11832
16601
11582
11622
13084
11702
11521
11993
11672
11551
11732
11622
11812
11712
11903
11491
11311
11401
11371
13416
11652
11722
12834
8336
11872
11672
11661
20368
17072
11872
13856
11602
16170
11462
18214
11582
12152
11562
17433
11722
14246
11732
13706
11632
12062
11341
14438
11512
11873
11412
14417
11582
12513
11652
12473
11471
8346
11421
13866
11542
17423
11522
11511
11542
16711
11722
11021
10891
11411
11501
11952
11512
12193
11582
11672
11371
13386
13475
12033
11451
11802
11572
13456
12464
11942
11522
11361
12233
11732
11401
13295
11752
11442
12013
11621
11823
11472
15780
12654
11512
11672
8816
11582
11843
12443
10920
10900
11030
10941
10901
10990
11041
11011
12593
11251
10901
11011
10831
11081
10991
11031
11241
11090
11392
11091
11592
11151
12994
10931
11592
10851
11442
11211
11321
10830
11432
11151
13386
10831
11412
11772
10680
11542
6251
11321
11692
10580
11391
11591
11692
8406
11551
11552
11582
11392
10560
10549
11271
11010
11442
11532
8325
11432
11552
10830
9699
11793
8536
11582
11732
11651
11592
8386
11671
11592
10710
11652
11702
11732
11702
11883
11512
8356
11602
11562
11712
11672
11632
11622
11251
11001
11802
11652
11342
11512
10800
11632
10630
10701
11612
11752
11521
11462
12153
11632
11632
11702
11572
11642
11562
11682
11441
11512
11652
11692
11462
11652
11702
11642
11932
11702
13436
11442
11552
11411
11452
11832
11572
11562
11581
12013
11572
11933
11632
11642
11852
11842
11873
11422
11632
11552
11351
10650
11672
11402
11031
11762
11962
11632
11572
11672
11862
11581
11471
11602
11201
11782
11452
10830
11511
11522
11582
11661
11712
11842
11882
10840
10680
8296
11492
11581
10520
11501
11542
11471
11532
8837
11521
8416
11422
11221
12403
11261
10500
14367
11522
11411
11662
8637
11862
8516
11482
10740
11882
11591
11702
11542
10730
11141
11071
10780
11552
11532
10570
11682
11561
10630
11782
11773
11592
11692
11612
11832
11692
11922
11422
11853
11451
10620
11632
11893
10570
8697
11712
11802
11712
11612
10740
11652
11592
12934
11452
11672
11542
10710
11392
11692
11692
11502
11521
11541
11662
11452
11792
10650
11612
11502
10660
11832
11471
10570
11682
11582
13205
11502
11432
11622
11431
11561
11482
10780
10770
11722
11542
11591
10730
11582
11171
10670
11772
11733
10640
11602
11692
10540
11832
11692
11582
10550
11541
11682
10761
11571
11752
11482
9338
11071
9287
11261
10961
11101
11101
12514
10940
11081
11041
10980
11001
10770
10820
12503
10941
11151
10880
10991
11371
11351
11011
12364
10840
10870
10941
11501
11612
11391
10680
11031
11131
10880
10991
10921
10850
10980
10711
10900
11231
10981
11211
11061
10901
11292
10800
11040
11151
10851
11031
11001
10991
11001
12253
10650
11812
11631
11542
11572
11732
11461
11561
11572
11431
10820
11862
11672
11852
11481
11392
11411
10741
11863
12103
11512
11521
11422
11491
11652
11571
11822
11442
11301
11742
10520
11622
11341
11601
11562
11531
11752
11682
11572
12243
11652
11542
11712
11822
11662
11051
11602
11341
11511
11531
11462
10690
11532
11571
11492
11531
11452
11682
11742
13125
11612
11612
11401
10871
10660
11542
11712
11752
11382
11562
10399
11331
11672
11091
11441
11572
11452
11181
11612
11492
11281
11512
34244
11732
11401
10891
11202
11261
11492
11502
11662
11371
11442
11631
11402
11802
11461
11601
11642
11642
11652
11582
11401
11602
11632
11732
11591
11602
11151
11712
11552
11802
13045
11041
10881
11652
11622
11672
11281
11451
11562
11591
11011
10931
10971
11672
11882
10540
10450
10810
11211
11461
11282
11812
11852
11782
12393
11051
12193
11793
11541
11662
11601
10520
11522
11802
11652
11752
11702
10650
11551
11702
11371
11401
11151
10680
11782
11451
11531
11742
11722
11651
11612
11612
11602
11872
11672
10810
11601
11421
11852
11522
11361
12153
11772
11602
11462
11662
11622
11662
11532
11862
10970
8265
11481
11571
11391
8315
11442
8396
11862
10680
11502
11332
11522
11462
8365
11482
11412
11612
8306
11441
11441
11031
10620
11131
8346
11541
8326
11552
11652
11662
8285
11352
8436
11291
11762
8216
11411
8516
8376
11161
11181
8466
11943
11612
8456
11412
11752
11622
11522
11662
11441
11893
11421
11602
11782
8275
11451
8285
10489
11612
8396
11772
8235
11592
8526
8366
6332
9328
5731
9348
8556
6563
9598
5711
11482
9808
8395
9407
6402
11111
6442
10941
6322
12022
6502
11001
7074
11031
7233
11652
5721
11081
9278
5691
9428
5891
9417
7774
9317
6392
9357
6572
8547
6362
9518
7043
10861
7324
10841
5881
10930
7434
10980
5861
11041
5811
11181
6652
12483
6443
11040
5811
11171
9498
6782
9268
10981
6682
11211
5771
11051
6543
11422
6352
10830
5931
11121
6442
11271
6342
10841
7213
10780
6352
10740
6622
10750
6322
11682
6573
12353
7093
10911
9418
6503
11582
6682
10980
5711
11051
5721
12604
7674
13175
5731
11241
7153
10921
6502
11081
6362
11171
6583
11282
6312
10871
5661
11090
6342
11030
6342
10910
6603
11041
6392
10830
7354
11081
6833
11512
6633
10881
5720
10900
5761
11121
7745
10941
7034
10880
6472
14838
5941
11131
7143
11983
6402
11091
6532
10771
7604
10650
7645
11041
7374
10850
5921
13024
7885
11161
5851
10650
5921
10770
6483
11221
7714
11081
5811
11131
6823
11592
6291
14538
11492
7484
10921
10891
7644
10830
11131
5921
11091
7183
11141
6072
10860
5811
10760
6352
10800
7364
10821
6742
10991
5761
10730
5761
11272
10660
5591
11322
11481
8125
11612
8205
11451
8796
11352
8446
11622
11141
11441
11111
11541
11311
11532
11181
6222
11622
11201
10740
11151
11592
11231
11291
11251
11582
11151
11552
5551
12213
11452
6192
11531
10369
8366
5551
11642
8396
10460
11983
11391
11392
13155
12684
12233
10900
10861
11171
11732
10500
11972
11532
11562
11392
12032
11813
12012
11542
11732
23154
11932
11562
11943
11852
10540
12043
11652
12343
12063
12944
10400
11852
11352
12072
11612
17072
11692
10560
11802
11992
11612
12072
11532
11812
11361
11902
11371
11942
11682
11612
10730
11772
10750
11301
11462
11843
11391
10961
10791
11401
10991
11762
13576
17012
11822
11722
11532
11281
11501
12133
10891
9608
10760
10700
9327
11662
11592
9318
11572
9457
8185
11321
8496
10570
11953
11191
11482
8536
11501
11902
11682
8186
11381
8226
11442
11271
11181
10439
10580
11362
11652
11382
11592
11502
11531
11532
11501
10580
10490
11742
11792
11642
11732
11501
11482
11332
11672
11512
11482
11602
11482
11392
11661
11422
11942
11903
11452
11461
11922
11411
10650
10790
11351
11571
11381
11902
11582
11582
11441
11732
11601
62508
11542
6372
11462
11733
10861
11221
11061
10981
11161
10801
10941
10881
11261
11060
11081
5781
11081
11752
5761
11933
11702
11622
11060
10980
10870
10961
11161
10891
10890
10941
10810
20599
10941
14517
11672
11772
11612
11642
18455
11572
17904
11561
11471
13014
11582
12073
11512
11511
13706
11782
11572
13595
11462
13475
11411
14016
11512
16882
11262
11532
11862
11883
11622
12954
10460
10579
10620
11872
11752
11902
12022
14027
11442
11512
15499
11632
11381
11541
11672
12303
11632
11872
11531
11812
11682
11692
12043
11512
11872
11601
11422
11582
15108
11502
11832
11742
10600
11612
15138
11572
12123
11551
16982
11391
11661
13135
10419
11221
10569
11472
32060
15990
10540
11943
11802
11692
11772
11992
10750
11903
11501
12524
11632
13315
11642
12814
11491
11251
11672
11662
13556
10790
11652
11953
11612
11932
11562
10680
11942
11581
11431
15048
14848
11461
11151
10780
11973
12072
11411
10420
11852
11502
12013
11402
11672
11582
11873
11602
11752
11752
12814
10439
12043
11431
10630
11411
11973
11722
11702
11522
11742
11562
11502
10820
11512
11842
11542
11993
11521
11482
11421
11071
11621
10921
11241
11422
12093
11642
11982
11401
14277
11551
11902
11662
11782
11541
11742
11742
11461
11522
13896
11672
11912
11452
11702
11141
18875
11662
13856
11812
11061
10740
11772
11521
12063
11622
12123
11411
11402
11471
13535
11902
11582
11341
11742
11923
13996
12053
11542
11412
13115
11492
11482
11422
14918
11642
11823
11652
15680
11281
11983
11733
11572
11682
11822
11322
14647
10630
11501
11812
11822
11682
12002
11632
11531
11511
12133
11442
11762
11542
11582
11612
11722
11682
12053
11561
15249
11462
11481
11993
11491
13796
11602
11451
11671
12534
11512
13856
11622
11602
11381
11322
11542
14187
11311
11902
11622
17222
11823
11662
11882
13715
11421
11070
10560
11562
14577
11512
11421
11492
12684
11521
11262
11171
11561
11672
11963
11422
11582
10871
11652
11702
11772
11522
11852
12032
11322
11973
11893
18365
11602
13576
11532
11782
11813
13425
11662
12053
11982
11983
11562
16191
11562
11913
11512
11582
11562
10761
11642
11502
11271
11412
10770
11662
12062
11582
16901
11352
15560
11632
11753
11041
11602
11582
14477
11412
12233
11321
11491
11341
11852
11311
11512
11612
10670
11301
11492
11492
11422
11912
11632
11963
11682
11492
10750
11021
11592
13015
11883
11582
12023
11662
11843
11562
11381
11641
11441
11302
11431
11843
11642
11402
10830
10780
11511
13435
11412
11642
11922
11522
11362
11332
11531
8526
21521
8356
11983
11601
10831
11391
11511
11532
11782
10409
11622
11742
11762
11471
11572
11611
11602
11702
11471
11391
11631
11702
10650
11512
11482
11642
11832
10420
11882
11481
11441
21290
11612
11662
10600
10600
10570
11852
11692
11091
10890
5691
13395
11562
10731
11441
11602
11642
11602
11652
11521
11712
10860
10981
10780
11492
11602
14387
11441
11471
11482
10390
10560
10590
11892
11461
8827
11492
8275
11622
12203
11582
11512
8305
11682
9578
11822
9197
11622
9879
11382
12634
8506
11862
11913
8867
11451
8326
11392
11531
16811
11742
11311
9447
11602
8656
11161
11552
11431
11692
10690
11582
13846
18795
11441
11402
14578
11742
7955
11582
6262
11151
22953
11742
11401
11852
8687
11672
8787
11021
11582
12112
8836
11482
9398
11422
8726
11141
11632
11361
11602
13195
11672
13645
11431
8446
11421
11482
10931
11372
10750
11121
11692
16190
11461
11602
8275
11843
8145
11782
9318
11502
9468
11492
11001
11041
11642
10900
9468
11532
8486
8295
11932
8315
11492
8286
11432
11582
11842
11622
11753
11492
11732
11542
11512
11301
11511
10961
21571
11962
11522
11632
11551
11461
11712
11552
11562
11782
12062
11662
11481
12042
11462
10910
11311
11712
32602
13756
11903
11932
11642
11622
11601
11531
11612
11843
11752
11662
11361
11541
11772
11442
11542
11672
11601
11582
11712
11431
11712
11572
11381
11532
11622
11581
11832
11562
14788
11442
11753
11471
11812
12042
8215
11511
11552
11652
11913
11181
11502
11321
10640
11432
12423
11692
11552
11532
11822
11602
11452
11622
11492
11541
11712
11622
11642
11852
11813
10530
11361
11161
10910
11572
11592
11401
11601
10880
10810
11672
11843
11893
11962
11672
11622
11612
11572
11882
11461
11361
11341
11451
11391
11362
11562
11562
11772
11672
11803
11642
11672
11853
20939
11842
11542
11561
11601
11622
11592
11432
11772
11561
10660
11361
11351
11682
17082
11662
11763
11431
11732
11732
11521
11631
12103
11391
11492
11642
11452
11502
11742
11451
11972
11672
11621
8246
11462
8245
11101
10830
11452
10820
11492
11552
11201
10791
11161
11722
11392
11592
8536
11642
13265
10580
11562
10389
11862
11461
8326
11722
6282
10771
10620
11491
11412
5621
10800
11712
11612
10459
8386
11562
11392
11201
10670
11010
10961
11993
11141
11201
10560
8476
11302
10509
8366
8285
12112
11501
13756
8807
11722
8356
10520
8326
14317
10980
11000
10931
11462
11502
11852
11201
12123
11882
16551
8266
8365
8346
12063
10861
17613
11572
11321
14156
11611
11602
10861
8466
11442
14197
11351
10901
10570
11512
13355
11442
11792
11051
10580
10509
15550
11502
8116
12013
10079
11431
10930
11101
11081
13506
11030
17002
11061
11902
11582
8506
11461
11582
8787
11251
11853
11181
8446
11421
11873
8636
11752
11321
8156
11662
11813
8295
11111
10751
8376
11842
11421
8266
11392
11662
8256
11472
8697
8356
11182
8386
8356
8516
11482
8686
10881
6713
11151
6612
12553
6342
11101
7474
12173
5741
12514
6593
12744
6282
13576
5871
10991
6823
11171
5791
8365
8255
11391
11281
13846
10720
8265
10840
9238
11201
12223
10850
15769
11672
15239
11502
17363
11872
16370
11562
14418
11541
17233
11371
14227
11832
14066
11401
11642
11482
8415
11681
8857
11432
11402
11622
10520
8365
11432
11632
11472
8636
11551
8576
11602
11702
11461
10821
12824
10620
11823
15760
10951
10620
8206
10840
10680
11431
11662
11662
12083
10510
11432
11381
10530
11632
8617
11812
11532
8356
11642
11853
11472
11873
11642
8266
11452
11672
8266
11522
10640
11632
11832
11031
11722
11451
11602
11532
8366
11783
11522
11371
13866
8576
11361
11381
11041
11211
11482
8546
11532
11501
11502
11502
11742
18805
10510
11732
12273
11622
11532
11592
11542
11612
11502
11461
11853
11321
11521
11452
11722
11702
11512
11552
11612
11882
11602
10860
11472
11702
11972
11622
11592
11512
11792
10580
11491
10510
11532
11722
10610
11743
11672
11742
11722
11361
11461
12113
11973
11461
11702
12033
11542
11712
11562
11582
11842
11631
11432
11622
11652
11582
11552
11742
11642
11942
11482
12594
11452
10590
11562
11402
11452
11061
11482
11883
12083
11362
11662
11662
10720
10469
11572
11522
11672
11541
10579
10579
11682
11642
11371
11481
10540
10580
11462
11752
12273
11482
11441
11372
11622
11381
10570
10450
10510
10730
11432
11672
11832
11491
11421
10429
11521
11462
11462
11371
11391
13055
11321
11381
11662
11993
11763
11602
11451
11542
13265
11592
11652
11502
11442
11291
10750
11301
11652
11532
11541
11762
11702
11782
11712
11462
11491
11502
10510
11442
11612
11521
11692
11522
11702
12022
11742
10650
11491
11482
11943
11472
11642
11982
11451
11452
10650
11682
11502
11642
11542
11452
10430
11391
11682
12003
11662
11542
11872
22893
11512
11932
11601
11471
11471
11462
14568
11482
11502
11842
11441
11522
11632
11361
10500
11572
30117
11501
11662
11862
11642
11642
10701
11672
11792
11522
11471
11752
11702
14227
11522
11662
11432
11521
11431
11382
11602
11782
11551
10549
11372
11602
11782
11512
11722
11772
11371
11742
11411
11672
11572
11541
11431
10871
11291
11521
11351
11472
11371
11471
11572
11321
11591
11362
11501
11702
11171
10951
11351
11431
12193
11451
11581
10620
11441
11231
11502
11441
11462
10680
11622
11511
10510
11481
11462
11532
11642
11481
10510
11522
10730
11592
11642
11341
11471
11602
11752
10460
12013
11321
11392
20859
10520
11672
11521
11662
11502
11602
11502
11492
10500
11662
11361
10670
11682
11010
11461
11462
8496
10780
11662
11682
11311
13826
11471
11601
11492
11482
11782
14066
11992
11552
11993
11371
11551
11362
11572
8195
11962
11492
10580
11491
11331
11942
8366
11802
11572
8366
11582
11322
8306
11492
11972
8466
11592
11642
8195
10549
10419
8346
11431
10771
8296
11762
11933
8336
10510
11532
11772
12273
11381
10650
11682
11442
11542
11582
10450
11672
11492
11502
11742
11692
11692
11532
11342
11512
11581
11642
11351
10549
11521
10840
18414
11782
11582
11722
11833
11702
11632
11381
11552
11541
10580
11892
11551
11652
15349
11482
11331
11481
11471
11452
11602
11111
11101
13336
11041
13215
11121
13425
11431
13165
11091
13005
11061
13345
11121
10991
13174
11271
10570
11171
11511
11722
11622
11542
11521
11091
11321
13125
11351
11472
11602
11341
10790
11482
11521
11592
11742
11472
10860
14187
11782
11521
11752
11101
13295
11521
11492
11421
10981
11181
10871
10540
11872
8345
11822
11372
11903
11511
5671
10660
5551
10941
10720
10420
11492
11642
11472
11642
10650
10580
10660
10801
11803
8867
11261
8356
11582
11512
11732
14617
8415
11512
8226
11471
11561
11281
11171
10549
8436
11582
11472
11462
11752
11551
11672
11572
11882
11552
11622
11512
11591
11482
11712
11762
11471
10690
10509
10901
11601
11722
11853
11241
11501
11551
11491
11582
11492
10550
11472
11592
10450
11621
11842
11391
10610
10620
10710
11641
11542
11441
11722
11371
10559
11612
11542
11472
11963
11452
11432
11702
11542
11672
11361
11502
10961
11852
12273
10740
11010
12122
11562
10830
10730
11331
12543
11051
11151
11481
10860
11451
11061
10991
10751
11441
10880
11842
11362
14237
10800
11521
12333
11511
11031
11733
10941
10970
10941
11692
10900
11923
10890
12343
11612
11802
11221
11171
10800
12003
10840
11421
11101
10660
10881
11962
10881
13045
11242
11662
11030
12003
11241
11862
11462
11502
11261
10971
10630
11782
11281
11792
11592
11111
10920
10710
11752
11682
11702
11552
8206
11742
11632
11582
10760
11842
11842
11672
8326
11382
10900
11461
11792
11752
8697
11422
12123
11341
10590
11452
11722
11521
11692
11572
11572
8736
11461
11431
5781
10981
10680
11612
11853
11882
11301
6533
10681
6312
11532
10609
11782
11963
11372
8636
11662
10519
11872
11632
11612
6643
11111
11602
12093
11822
11522
8316
11361
10580
11862
8606
12624
8306
11532
11562
11561
11522
10610
11431
11752
11863
8385
11702
10810
11722
11982
11762
11472
11702
10480
11562
8296
11512
11612
8606
11532
11471
11491
11211
8286
11692
11562
11592
11833
11622
11752
11341
10490
11803
11461
11552
11541
11492
11492
11571
11452
11501
11492
11101
10630
11242
11041
13185
5571
13305
11231
13195
8255
11602
11491
11141
11902
11262
12824
11461
11462
10991
9418
11652
12924
11361
13025
10490
11632
13485
11832
13025
11592
12113
12894
8236
11512
12674
11752
12133
13014
5701
13035
13536
13335
12864
11642
11442
8195
11451
13706
11752
12734
11511
11481
13125
11872
13054
8446
11322
12844
11812
13174
11632
11331
12905
11492
11672
12774
11411
11592
13385
11592
11461
10580
11391
11441
11411
11071
11271
10871
11571
11511
8546
11542
10179
11201
12514
6742
11120
6462
10911
6352
10750
6532
10861
7615
11161
6663
10831
7234
10851
6602
12503
7063
11030
5641
10920
6782
10990
6453
11040
7123
11262
5761
11030
7755
11281
6332
10901
6262
10710
5721
11100
5611
10911
6321
10800
6983
10700
6402
10931
6672
10961
6553
14066
6532
10751
6612
11201
6402
13556
6402
10951
6622
10750
6392
11141
6382
10881
6423
11051
6362
10891
6372
10921
6071
10980
7475
11271
5691
11111
6262
10871
6262
11051
6322
10680
5590
11041
6412
10801
6321
10961
7644
11061
6432
11611
6372
10871
6772
10871
7083
11161
7635
10570
5681
11150
5550
10831
6452
12403
7434
10710
6382
10880
7444
12514
7875
11031
7775
11281
6422
10860
5751
11291
10520
6412
11001
11571
8295
11602
8366
11541
8235
10580
8606
11471
10560
11622
8286
11492
11442
11101
8676
13264
8246
11602
10961
8686
10850
11632
11311
10590
11983
8496
11401
11432
8295
10690
8185
12013
10770
11541
8315
11441
11602
11361
10911
11662
11562
12033
8326
11522
8586
11642
11582
11542
11602
11421
11502
11411
11431
11542
11642
11452
10229
11512
8245
13956
11642
12323
10410
5621
11431
10851
11431
11592
10761
8356
11321
11541
11101
10720
11591
11001
10751
11522
11552
9437
10930
11401
12303
10650
11983
11752
11571
11902
11311
11341
11933
12343
11552
11432
17553
11732
8366
11452
11661
11352
11562
11562
11402
11482
11512
13035
13515
10740
11762
11482
11502
11531
11642
11562
11311
11361
11522
8276
11562
11522
8326
11552
11431
11472
8336
11732
8747
11451
8345
11802
11321
11592
11401
11612
10500
11161
11432
11391
17162
11842
11622
11541
8205
10449
8366
11792
10650
11491
8556
11512
9037
11562
11401
11362
8486
10430
11551
11281
11531
11522
11622
11532
8626
14147
11952
13405
11571
8626
11441
11442
11442
8276
10560
11521
8206
11632
11752
8506
11612
8265
11692
8185
10450
8416
11181
10380
11352
11472
11561
8657
11592
11321
11682
8236
11491
11913
11562
8456
10791
17263
11501
8425
10590
11532
11361
11421
11532
11351
11591
11592
11292
11712
11833
10821
11541
17193
11531
8987
11992
11482
11923
11462
10440
11382
11702
11692
11131
16290
10820
6422
11582
8466
11452
11322
11161
10890
8286
11582
11712
11111
11171
10610
8647
11873
11471
11572
11672
10560
8316
10500
11622
11272
11592
11592
11702
11582
11521
8416
11532
11442
11762
11602
11682
11591
8496
11492
11582
12343
10560
8305
12413
11441
8696
11011
6452
8516
8396
6452
10760
6322
11431
6492
11061
5661
10860
6993
10970
6402
10900
6382
10830
6733
11000
6482
10731
6342
18234
5681
9217
5902
9488
7183
9678
5640
12403
6653
9398
5760
9197
9979
6512
9518
6413
8586
5641
9398
6402
9568
9628
6633
9308
6422
16291
6362
10980
6753
11201
5650
10780
6442
12473
6262
11362
5780
11161
5630
16841
7845
11021
6593
10860
6352
11662
5851
10861
5690
11151
9358
6372
9388
5620
11191
7374
12343
7805
10830
5601
11011
6663
11011
5881
10901
5540
11201
6342
11291
6642
11031
6362
11061
6593
10821
6162
10800
6342
10850
6282
16481
6372
16280
6422
10099
6853
9628
9317
14107
9498
9237
6372
9468
6462
9187
6312
14097
6372
9448
9388
10409
9417
6402
9208
6342
9207
6281
9297
6503
9478
10761
9318
6342
11421
6432
10960
6623
10941
6362
10951
6382
16060
6392
9348
6462
9318
6502
9528
6563
9468
6362
9337
16021
9417
10991
6332
10770
8526
10931
6352
10750
6382
14046
6432
11070
9258
6643
11081
6352
11161
9277
6452
11151
6312
11271
6502
10940
6412
10950
6422
9257
6502
12363
6362
10981
6422
17022
6362
9428
9658
9478
9397
9368
9318
9498
6331
9397
6432
9408
6432
9408
6422
9477
6282
16320
6292
16421
6362
6362
6612
9448
6522
9298
6593
9197
6402
9979
6452
9427
6392
9348
6463
9258
6332
9377
6291
9348
6482
10540
6261
11371
10540
11712
11832
11572
6452
10500
6392
11011
16502
6342
18244
11451
10880
10720
6352
10930
12203
10800
6312
11442
11582
10610
11732
11622
11521
11572
12083
11502
11552
18185
10350
23003
8445
11622
8165
8215
11552
8586
11722
8276
11572
8156
11842
11482
11562
11662
11191
10430
11972
11572
11752
11451
11722
10539
11592
10349
11451
8165
11612
12033
11511
8366
10700
15429
8245
11883
11522
11772
8266
10921
11722
11732
8236
12403
10810
13726
8476
12343
11531
11913
10890
11591
11061
8345
11421
11241
10881
8265
11301
11322
11291
11362
10790
8626
11582
11061
8325
11913
11252
11221
10891
11823
11542
11802
10259
12233
10790
11812
11702
15770
10871
11352
8306
11572
11923
8466
11121
10710
11923
8185
11802
11462
8556
11631
16742
8085
10900
10490
8386
8576
12223
8326
8466
11532
8476
10841
9548
8166
11110
12904
8386
10931
11421
8256
6202
10730
8195
10930
10681
8385
10600
10620
8446
11462
12013
8216
10911
10349
8245
11893
11882
8305
8476
11733
8326
11461
8506
8456
8276
11752
8206
11341
11782
11492
5921
8526
8285
11832
8255
11582
10830
8266
7484
10730
11061
8295
12183
10890
11812
11612
8196
11722
9388
8175
8316
11482
8215
11361
11892
8246
8386
11562
8315
11111
10971
8215
8316
11571
11431
11722
10890
5731
10760
11161
11311
11903
8326
11342
11672
9298
10981
10460
11742
8466
10681
8386
11301
11602
8215
11832
11332
8265
11472
11492
11552
8376
11571
11742
11872
11712
11843
11973
8687
11762
11441
11652
12163
10610
8285
10811
11522
11311
10620
11431
10580
10730
11492
10951
10429
10871
11822
11732
12002
11732
10619
10349
10620
11892
11362
11692
12163
8286
11431
11592
11501
11592
11552
11712
11853
10590
6803
10670
6152
14547
11522
12403
10840
6262
11301
11672
11421
11472
11922
8596
12013
8206
11652
11823
11612
10540
8476
11401
8436
10410
10710
11402
10620
11071
10841
8506
11552
11502
11612
10610
8817
11531
11672
11031
10680
8315
11782
11422
10990
10560
10950
11341
8306
11762
12092
10720
10630
11161
8346
11442
8336
11111
10540
11372
8466
10640
8216
11532
11762
11421
11853
11621
11501
8166
11512
11411
11351
11782
8456
11672
8456
11551
11362
11502
11501
8255
11431
11982
8616
11812
11442
11631
8436
11492
11662
11652
11441
11461
11322
11522
11843
11742
11601
11722
11342
5621
12333
11422
11492
11672
11461
8596
11512
11422
11722
10620
11462
10791
11702
10800
10520
10871
11492
11622
11431
11622
11502
5741
10880
10440
11582
11963
11512
8416
11612
11191
11963
11542
12223
8236
11351
11050
11862
12053
8246
11542
17453
11772
11171
10680
10790
14277
11843
10449
10851
10650
11382
11562
11932
10950
8275
11522
10951
12183
11502
8306
11993
11873
11372
11081
10480
8646
11381
11362
11621
11732
10770
8586
11441
11482
11962
11832
10610
8125
11652
11622
11742
10660
8305
11412
11612
10800
10609
11512
8355
11512
10660
11482
11612
11571
5650
10950
10820
11863
10279
8265
11782
11221
11542
11041
8566
8586
11382
10550
11902
11922
10429
8666
11722
11772
11652
10509
11863
10780
11762
8446
11432
11011
11392
8486
10590
8426
11461
11412
11411
11742
11382
10910
11491
10390
8806
11372
8486
11572
12263
12163
10600
8336
11742
8355
18625
11392
11461
11712
16241
11431
8626
11622
8195
11872
11141
11992
11392
8276
11471
11933
11452
11191
10810
9418
11101
13104
10710
10550
10700
10620
10560
10530
11211
10500
11040
11532
11712
12023
11712
11402
10741
11762
10580
12213
11862
10409
8356
11622
11652
11571
10660
11802
10490
11702
10660
10910
11652
8275
11632
10790
11262
11451
11281
8616
10490
9377
10590
9448
10760
11631
12093
11732
10930
10540
10640
11662
12093
13886
8626
11552
8406
11322
11282
11762
10820
8426
11562
10530
11632
11581
11582
8336
11282
10320
13365
8406
10790
8616
11822
11502
11231
11572
11361
8306
11592
11511
11341
11371
8646
11702
11622
11381
12102
11582
8476
10539
12734
8416
12073
11571
18454
8155
12273
10910
8246
11853
8336
11541
11832
11642
12243
8356
12043
10991
11662
8536
12032
11572
14527
11602
8135
11111
10780
11692
8285
12042
11542
15008
10861
8275
11702
8466
11491
12233
8255
13836
11872
12183
8145
11952
14096
15048
8256
11662
11051
8686
11381
11993
8266
12043
11522
8556
11472
15289
8356
12083
11853
8306
12193
11542
11793
8366
11642
11542
8196
11902
12904
8155
11882
11622
8295
12032
12133
11631
8246
11332
12163
8316
16451
11352
14547
8316
11903
10920
8406
11682
11662
8365
6341
10881
8286
11181
6291
8656
6332
10820
8476
11361
8556
11612
11462
8446
11502
11782
8255
12293
8676
8316
8446
11412
8226
11842
11822
8526
11582
11432
8386
11462
11582
8185
11772
11572
8386
11522
10800
11412
10570
11451
11612
8255
11402
11602
8416
10610
13476
11702
8386
11612
10459
8336
11451
10650
10620
8195
11402
10630
8225
10450
11452
11422
10710
11431
11321
11372
10690
10720
13005
11591
11291
11121
10540
10791
11481
11201
11371
10840
12935
10880
11342
10841
14096
21912
10479
11933
11471
10519
11332
11351
11602
11432
11302
10870
10450
11682
11702
11532
10590
10430
10820
11652
11642
14487
11482
11452
11512
11522
11361
11612
11872
11451
11552
11551
10469
10830
12283
11552
11472
11401
11452
10430
11141
10820
11582
11742
10730
11251
10790
10791
10600
11231
34124
11421
10991
10991
10711
10459
11061
10970
10740
10640
11592
10871
11692
11832
10700
12033
11602
10700
10920
11100
11141
10850
11071
11261
11471
11472
10940
11632
10891
11842
11481
12493
11692
11772
11021
11572
11422
10871
11982
11712
10910
11602
11481
10731
11562
11542
11081
11412
11372
11071
11621
10991
10630
11541
11291
11662
11341
10881
11592
11792
11492
11862
11442
10890
12083
11752
10961
22031
11832
11171
10941
6453
11121
8236
11552
10970
11913
11642
10660
11492
12173
11622
11702
11562
11512
11863
13886
11652
11622
11642
11833
11792
11382
11101
11912
11532
11812
11532
11442
11462
12043
12053
11552
11451
11612
11482
11531
12163
10440
11482
11612
11492
11491
11592
11562
11802
11742
11803
12073
11472
12002
11602
11712
11862
11812
10329
12584
11512
11822
11852
11602
11682
11492
12834
11422
15960
11692
11852
11492
13155
11672
11953
11432
10540
10360
11582
23705
10720
11572
14287
11672
11362
11642
11632
11712
11702
11411
11512
10630
13406
11561
11391
11541
11722
12053
10730
11622
12183
11362
11993
11792
11912
12364
11551
10590
11622
11442
11362
11932
11462
11892
11462
11462
11572
11832
10620
12033
11392
12062
11712
12203
11501
11722
11662
11351
11542
12173
11822
11963
11983
11522
11472
12283
10630
12203
11561
15960
11401
11522
11331
12133
10840
11982
11863
14507
11522
11913
12163
12073
10469
12674
11291
12073
10580
11422
11572
11562
11512
11442
14197
11762
12013
11541
10630
11381
11782
11312
13876
11702
10670
11442
11662
11572
11762
11241
12043
11912
13525
10820
11442
10950
14578
11551
12273
11401
11482
10990
13225
10800
11983
11161
11321
10831
11602
10930
11452
10931
11933
11532
12002
10730
11281
11502
11903
11651
11542
10891
11271
10891
11251
11141
11842
10881
11211
10901
11171
6653
11221
5831
11371
6061
13084
10830
5931
10790
5881
6352
10720
5841
10830
6001
6181
10710
6352
10940
6352
11060
13566
6222
11301
5891
12213
6332
11171
6362
26630
11041
6422
11672
5821
11632
6081
11612
6432
11261
6402
11321
6292
14798
10960
6442
10900
12133
6362
11141
7054
12333
10921
6532
11261
6463
11451
6452
11532
10921
11261
6382
11602
10750
6442
11171
12824
6452
11241
6432
11371
6412
11471
10800
11923
10870
11371
10841
11642
10931
11191
10840
11171
10730
11351
10800
12864
10820
12162
10911
11742
10881
12043
11963
11242
11442
11712
10830
34204
10871
11922
10840
11381
10851
11672
18856
16832
6191
6312
11422
11081
12694
11241
11041
11552
8536
10309
22262
6672
7704
10840
16822
18014
16311
16702
10920
14116
8415
8716
6502
6392
8916
6493
15278
6231
14908
10640
9208
6813
9407
6582
9468
6201
11391
6232
11742
6292
11442
6301
11402
6142
13315
9558
6382
16892
6272
11382
9237
6121
6672
9157
6532
9287
6502
9568
6482
8727
6332
9258
6442
10229
6392
8566
6532
9498
6372
9408
5891
9238
6312
9318
6412
8667
5911
9448
5982
13605
6422
12974
7745
10860
6282
11181
6592
10771
6412
10990
6071
11772
6563
11712
11341
10209
11451
8456
11572
8196
11742
13395
10680
5740
10881
5841
10861
7053
10861
5851
11121
7604
11812
7273
10750
7764
10830
6382
10761
6131
11011
5881
10891
7645
11121
6091
10981
6051
13185
6533
12344
7544
11081
7083
10901
5891
10991
6071
10841
6783
12523
6372
10980
7805
11051
5892
11151
6001
11422
6612
10780
6302
11031
6462
10980
5871
11271
6011
10980
7535
11441
6392
10930
6622
11111
5921
11622
6272
12223
6231
10820
10810
6643
10770
7614
10941
6382
10911
5811
10900
10991
6483
10860
7925
11020
6623
10901
6372
10841
10850
7224
12443
7063
10891
5761
10740
7574
10831
6402
12613
6362
11091
6362
10990
6532
11282
6362
11221
5941
11021
5931
10890
6382
11011
5951
11171
7144
10911
6292
10820
5992
12253
5931
11662
6182
10851
5871
10870
5942
11401
5931
10840
5851
11632
5831
10911
6112
12223
5901
12264
5811
12424
6182
10760
5851
10791
10970
6202
11271
7364
10800
5871
11051
5921
10940
5921
11902
5881
10921
6052
10991
7004
10710
6162
11301
5811
11201
6362
13104
5921
10961
5991
11642
5831
10891
5882
10781
6022
11252
6292
11412
5841
10891
10910
5861
11532
6092
13776
5931
10941
6062
10740
6051
10810
5951
10791
5831
11201
5931
11091
6392
10911
5971
13044
6171
10830
5962
11722
6082
12614
6102
10771
5961
10821
5892
11011
5921
10870
5901
10810
5971
12453
6031
12193
5961
11141
5841
12344
6362
11080
5881
11031
5871
11071
6503
12844
7053
10840
6252
10830
6312
10730
7123
10770
6051
10850
7714
10901
10931
6171
10941
6272
11221
8536
11421
6542
13185
6392
11191
5771
10911
5931
11111
5891
10920
6512
10980
7103
11051
11601
7614
11161
6001
11301
6762
13095
7665
10871
7564
10980
6512
11040
5951
11080
7714
10800
6412
10911
6052
10780
6913
10760
6051
11011
5972
11011
6322
11000
5981
11081
6352
10940
6432
10911
5911
10900
5961
11231
6382
10790
7624
10951
6492
11011
6392
11411
6362
10870
6332
10800
6452
10730
6241
10761
7514
11031
6432
10911
6061
10810
5902
12062
6502
12263
7524
10991
11041
7143
11081
6312
12273
7875
11893
7144
11371
5981
12343
6773
11542
6813
10740
6022
11121
5831
11552
8436
10771
5971
10901
6412
11121
6192
10720
5861
13395
6703
10760
7434
10730
5851
10791
7915
12543
7754
11101
6483
11021
6352
10890
6201
10891
5871
10881
6322
10850
5991
10941
10931
7023
10920
7985
11452
7464
10630
5901
10700
5941
10770
9047
11201
5961
10861
5811
11031
12794
12504
6453
11011
6272
10730
7785
11371
10951
6392
10911
7795
10770
7143
11010
6783
11051
6002
10750
6502
10861
6462
10880
6492
10810
6973
10990
6502
10860
6512
10950
7174
11262
6783
11442
5931
10771
6923
10890
6552
11121
5881
10760
10820
10781
10850
11471
10731
11051
11101
10871
11281
10690
11692
11111
11452
10891
11061
10960
10741
10781
10660
11181
11161
11221
5811
6242
11141
10940
10841
11041
10921
10811
11241
10911
11271
10930
6202
12413
11252
6282
11211
11261
10890
11562
11081
11051
13054
10901
11552
11081
10950
10960
11511
10870
11251
11592
11071
11611
10780
10970
11662
12633
11121
10941
11511
11021
11672
11221
11582
10950
16902
11281
11943
11111
11121
11181
11462
10811
10740
11652
10850
11602
12022
11612
11512
11752
23514
11502
11461
11171
11963
11512
11392
11822
11581
11512
11892
11492
11521
11942
11421
11552
11862
11622
11522
11632
11572
11421
11632
10740
11502
11462
11361
13125
11382
11642
11442
11853
10660
10570
10419
11512
11812
11773
11602
11511
11602
11572
11391
11322
11061
10651
11772
11842
11692
10711
11401
11342
12544
11411
11512
10550
10400
11442
10851
10800
11451
10880
10529
10520
11522
11521
11411
10810
10810
10390
11291
11432
11442
10710
11752
11492
10781
11652
11482
11401
11422
11461
11602
10630
10951
10940
11511
11772
11571
11722
11462
11522
11682
12383
10940
10770
11632
11672
10700
11592
11491
11351
11321
11732
10430
10490
10510
11592
11532
11261
11401
10420
11351
11452
10790
11732
10570
11692
14227
11752
11481
10680
11622
11752
11682
11521
11832
11461
20759
11602
11632
11661
11401
11552
10900
10470
11622
11522
10920
10399
11001
11972
11472
10480
10430
10520
11241
11432
11391
11902
11522
10450
11782
11662
10700
11812
11722
11352
10640
10931
10520
11632
11031
10440
10520
10499
10861
11512
11842
10840
10620
10460
11581
11442
20288
10680
10590
11522
11522
11382
11532
10721
11461
11541
11441
10640
11392
10650
11582
10840
10570
10920
10530
10450
10450
11532
11501
10469
11041
10560
15078
11422
10540
11562
10520
11632
10500
10780
11492
10830
11562
10380
12013
11312
11521
11492
11501
11662
11471
13155
11461
10550
11692
11542
10801
10690
10790
11511
11612
10580
10590
19767
11402
11612
10691
11362
11532
11442
11982
10740
12704
10710
11753
11442
10480
12403
10529
12263
10539
15028
11392
11602
11782
12563
11742
11301
11612
11742
11511
10691
11492
11221
11592
11902
14407
11622
14306
10600
11742
10400
11903
11782
10680
10380
11191
10480
10830
11672
8366
11491
11632
11572
11511
11471
8356
11541
8295
11571
11532
11472
11982
8286
11672
11632
11782
8476
11682
11812
8536
11452
11511
11481
11932
11281
8496
11692
11331
11612
11442
11742
17052
10741
11982
11582
11742
25759
11462
11952
11532
11982
11822
12013
10890
12253
10881
11391
10490
12093
10400
11522
14457
11662
15540
11602
11662
11412
11803
11441
10499
11621
12053
10830
14337
11412
11571
15650
11762
12053
11803
11772
11482
12284
12163
10530
11482
14287
11852
12213
11592
11502
12012
12824
10680
14037
11401
11301
11461
11402
11872
10550
11802
11852
11722
11612
11852
11622
11532
11742
10590
12103
10860
11241
11552
11421
10711
11922
11632
11461
11392
12975
11251
12414
11682
12093
11983
12023
11943
11041
18024
11372
11772
11451
11722
11562
12614
11933
10570
11522
14076
11762
12183
11341
11722
11341
12955
12022
11121
10710
10480
12183
12033
13365
10850
11321
11672
10830
12163
11511
11491
11903
11501
12283
10890
11552
12183
11652
12914
10440
12253
10610
10971
10670
12022
10771
12143
11682
17282
11562
10880
11802
11000
11972
12233
11923
12183
11451
10841
12022
11672
17794
10670
13796
10469
14056
11582
11902
11922
13376
10610
12243
11672
11723
11552
15970
11311
11292
11722
12033
11702
11942
11532
10981
11752
12052
11882
12083
11452
16912
11471
17352
11451
11292
11481
13235
11371
10630
12023
11111
18564
11432
11462
17172
11352
12523
11662
11672
14217
12053
12764
11692
11933
11863
11322
11983
11732
12514
11482
12143
11602
16050
11883
11923
11642
11532
11391
12784
11512
12323
11632
11341
11341
14247
11481
11972
11762
13115
11812
11542
11541
11321
16922
11401
12193
11502
11572
11211
11592
11431
15069
11432
11722
10770
11612
11492
11742
11301
12293
11552
12082
11601
14036
11551
14737
11722
12153
11722
12263
16822
11642
11982
11421
11932
11511
12233
11552
10320
11381
11943
11521
11501
11301
11171
10590
12023
11672
11872
11872
12033
10930
12192
11682
11992
12093
11923
12363
11752
11452
11943
17924
10490
11813
10971
12223
11522
14588
12263
11722
34114
17864
10629
11852
14276
10771
11661
12323
11501
11962
11632
10780
11452
12273
11611
12203
11662
11432
11551
11752
11712
12614
12464
13335
11041
12424
11492
11743
11862
12053
10579
11562
11923
11422
10811
10850
11392
10510
10590
11893
10560
10840
11782
11842
11661
11882
10711
11431
11631
10951
10530
12003
10580
11441
10711
11482
11372
10559
11572
10429
11522
11481
11692
10640
10380
11642
10991
10720
11572
11461
11662
12042
11080
10880
11391
12062
11512
11632
10580
11471
10640
11492
10640
11331
11622
10440
10860
11902
11481
12022
11561
11512
11211
11612
11471
11662
11491
11582
11422
12153
11602
11411
11872
11451
11071
10641
11501
18395
11802
12022
11802
11452
12102
11482
11411
11502
10690
11913
12433
11732
12294
11532
11873
10580
13626
10410
11481
12003
11372
11973
11833
11211
10880
11211
11181
12003
11472
12143
11561
11652
11773
12053
10479
12254
11411
12163
11301
12043
11802
11712
11331
12954
11642
15519
11562
12343
10860
10911
10570
11442
11592
16221
11502
11722
11482
11822
11962
11682
11481
10781
11441
11892
11762
11661
11852
10660
12283
11732
11531
10750
18154
10580
16522
10690
11782
10680
13615
11622
11772
11973
10871
11953
10490
10519
11893
10670
10830
12193
10960
14527
11873
11352
12273
11431
10670
11852
11522
11532
11662
12022
11602
20549
11902
11772
10640
11723
11542
10570
11622
11783
11702
11842
11471
11572
11572
11823
12514
11482
12383
11392
11872
10670
12163
11552
12413
10800
14327
11522
11732
11361
11482
11672
11962
12052
12043
11462
11942
14197
12113
11471
12533
11492
11873
11662
11922
11892
11322
10920
10761
11422
14457
11642
12092
11332
11872
11592
10971
11592
11862
11421
11842
11863
12333
11712
11582
13305
10691
12133
11532
16792
11982
11993
11622
11712
11512
11782
11662
11933
11602
11893
10780
12393
11551
16301
11522
11923
11812
10580
11762
11712
11882
11572
10861
11933
11522
11572
11361
11602
11852
11852
11451
11622
11411
11512
11442
11401
11823
11342
11331
11722
11842
8356
11562
11682
11652
11652
11582
11552
8386
11482
11342
11482
10801
13435
11242
11411
10760
11391
11622
10930
13175
10841
11412
12063
11682
11502
11502
11552
11582
11982
11542
11461
11532
11702
11662
11371
11571
11893
11421
11792
11542
11442
11332
10871
11031
11331
10690
11521
10570
11702
11562
11421
11572
11481
11572
11591
11912
11491
11211
11452
10710
11722
11762
11432
11391
11552
11412
21280
11672
11481
11532
11692
11482
11511
11471
11632
11792
11472
11812
11431
11521
10840
11522
11943
11532
12333
11622
11461
12193
11081
11452
11983
11652
15279
11442
11441
11652
17332
11963
11471
10870
10660
12193
11612
10781
11511
11442
11512
11562
11382
11351
11552
11451
10560
11532
11642
10760
11532
11692
11602
11592
11652
11772
10981
10880
10590
11572
11752
11682
10580
10680
10810
11411
12193
11682
9238
10950
8146
11282
10991
11822
8396
11752
8186
11491
11672
10390
11502
8255
11462
11371
11612
8336
10740
11672
12744
11472
11912
11852
11732
11672
11412
11692
11762
8416
11752
11421
8536
11652
8255
14397
11272
11842
10469
11932
8335
10801
10760
9237
10559
8346
8285
11822
11612
12072
9578
11772
11432
11802
11542
11872
11622
12364
11512
11572
10831
11402
12654
11712
11882
11431
12093
11411
11662
11401
11131
10781
13595
11822
12133
11502
11782
11902
11612
11491
12043
11442
11562
11712
11522
11342
11631
10520
11742
11502
11572
11562
11602
11812
8276
10440
11461
10620
11412
11561
11622
11531
11692
11472
10860
10951
10590
11722
11621
10760
11632
11601
11782
11301
13386
11562
10800
11802
11923
11542
12213
11502
10691
11752
11452
11652
11372
11572
11672
10951
10750
10840
11461
11552
11401
11422
11472
12083
11672
11702
11011
11471
11542
11541
11622
11783
11552
11091
10860
11842
10570
12674
11602
11662
11722
10570
11752
14387
6321
10530
11722
11301
13064
11412
11421
6302
10770
11532
11732
5911
10590
11452
11783
11692
11672
11441
11943
11772
6262
11932
11592
5811
11832
12053
11512
5811
11010
11441
11471
11562
10810
11582
11501
11682
11542
11752
11893
11201
11171
10319
11441
11611
11492
11451
11271
10580
11672
11922
11853
11762
11702
10830
11562
11401
10720
11612
11572
11392
11432
11391
10470
11752
11622
10539
11371
11422
11431
11913
11592
11291
10600
12243
11903
10370
11742
11542
11662
11622
11602
11612
11632
11502
10940
11832
10930
11622
11461
11602
11491
11692
11321
10630
10549
10399
12073
15600
11522
11712
11502
11722
10560
10730
10990
10851
11551
11412
11883
11692
11681
11932
11592
10399
11511
11602
11642
11572
10240
11502
11722
11792
11853
11872
11702
11873
11431
11562
11692
11662
11872
11552
11512
11562
11581
11421
11542
11702
11471
11331
12063
11682
11501
11662
11542
10670
11742
11562
11331
11352
11011
10941
11472
11632
10560
11562
11522
10750
11401
11661
11873
11753
11551
11732
11772
11511
11452
12243
11672
12013
11562
15359
10670
11923
11561
8566
11642
8276
11632
11702
11622
11452
8426
11442
11752
11632
11852
10430
11732
11842
6002
11121
13506
10690
10560
6372
10921
13245
13055
11622
10821
6262
11712
11181
5961
13356
13285
11542
12043
11551
11772
11682
5680
10940
11652
11581
10540
11412
11552
5630
11802
13185
11742
12904
11492
11541
11893
11802
11392
9798
11732
6021
11803
11392
11431
11763
13927
11571
11852
11532
11662
11451
11662
11532
11592
20558
11241
11521
11431
11752
11873
11552
11331
11662
11962
11471
11471
11933
11802
11582
11311
11672
12524
11402
10800
10860
10791
10930
10810
11401
10870
10971
10931
12553
10780
10941
11311
10760
10891
10760
10921
11021
11121
10900
10830
10700
11211
10870
11021
10840
10971
10691
31540
11121
10870
11271
11051
10810
10950
10971
10590
10830
10810
11001
11101
11151
10941
10871
10781
10991
10650
10790
10710
10961
10820
11161
11091
10881
10920
10990
10790
11211
12313
10900
10901
10750
10921
10811
10830
10801
11181
10931
11141
10670
11261
10590
10720
11722
11001
10971
12143
11562
11782
11482
8225
11351
11442
8275
11572
11692
9708
11542
13054
8276
11562
11231
8335
11742
11602
8395
11672
11642
11672
8356
12283
11421
8536
11281
11692
8315
11532
11381
11381
11762
11632
8155
11422
11823
11391
11572
8236
11312
11622
8576
11492
12283
8335
13956
11722
8235
11752
12424
8516
11471
11702
8296
11793
11712
11812
8305
11341
11431
8406
11622
12613
11602
8336
11531
11541
8306
11211
8195
11772
11582
8236
11181
11141
8325
11672
11652
11471
8325
11802
11342
11562
8416
12223
11802
11351
11492
11742
11722
11401
11461
11652
11592
11632
11762
11571
11742
11391
11922
11311
12123
11972
11582
11431
11472
12103
11722
11962
11702
11993
11512
11471
11021
12484
12103
11561
11702
11842
11812
12093
11632
11972
14167
11401
11131
11512
11462
11381
10850
11492
11803
11181
11552
13616
13365
11862
11632
11642
10630
11241
11271
11582
11282
11441
11572
11432
11782
11531
10560
9158
10760
11551
13615
8987
10920
8616
11601
11361
11311
8627
10851
8466
11612
11302
11863
8726
10540
8556
10931
11842
11532
11502
11552
11562
11482
13886
11331
12523
11431
11542
11672
15840
11411
14618
11472
13446
9037
17493
10420
11071
10550
11982
11853
16240
10550
11461
12684
11813
13075
8807
10560
8266
11532
8186
11622
8556
11462
8486
11532
10419
11391
11762
8385
11632
11452
10751
8826
10840
8315
11602
11622
10670
10910
10850
11702
11953
11291
10470
10660
11592
11251
13174
10570
11702
12434
11742
11451
11702
11632
11531
12183
11442
11392
11562
11531
11812
11652
11612
11352
11943
10610
11732
11241
11903
11642
10540
10780
11511
11762
11572
10550
11602
11913
11762
11592
11902
11903
11602
10369
11662
10971
10660
11442
11773
10690
11752
11522
11612
11562
11362
11381
11572
11481
11402
11512
11642
11352
11481
11852
11492
11692
11792
11472
11461
11702
13245
11411
11953
11952
11050
10991
11031
11722
11672
11431
11842
11672
34104
11622
11632
10760
11832
12133
10509
11732
11932
10520
11261
11442
11492
11011
11231
10950
11872
16702
11472
10510
9749
10770
10480
14447
11602
12243
11512
10530
11462
11532
11451
11522
11813
10539
10971
11873
10590
11662
11391
11612
10530
11422
10900
10870
12885
8466
11401
8286
11411
10811
5711
11030
10891
11421
11642
11301
5630
10550
11131
11311
11912
11762
11702
11371
11492
10640
10740
9988
10640
9287
10930
11532
11853
8757
10570
9037
11081
11842
11671
11611
11341
8976
10540
8897
10951
10530
11511
12063
11982
8546
11451
10570
11582
11612
11401
9047
11111
10550
11943
11361
11502
9358
11462
10620
13736
8696
11973
8697
12644
11742
11532
11982
10851
8977
10910
11582
11792
11712
10781
8666
11011
10921
11562
11531
8637
11842
8616
11552
11732
8285
11502
10800
12023
13525
8486
12534
11642
11411
11451
11552
8566
11462
8296
13446
11862
10730
17803
13295
16441
12003
8667
9408
10860
15719
15008
14968
12063
17232
16331
10630
16461
8536
9067
11803
19146
10880
12002
8336
11481
11783
11081
12053
11732
8486
11372
11932
11501
12153
11452
10991
11482
11011
11732
11311
10741
11221
10730
11442
10951
10730
11732
12494
11372
11952
11502
11031
11511
11893
11602
17824
10550
12102
13836
11271
11762
11912
11552
11211
10470
13836
10369
13926
11752
10510
11472
12483
11531
12073
11953
11432
12574
11672
11792
12293
14477
11522
10840
11652
10820
11912
11983
11862
11521
11381
11562
15009
11381
11993
11511
11491
11331
12053
10831
11922
11922
11502
11732
11271
11943
11461
12013
11582
12133
11601
11391
10890
10640
11672
12263
11462
11812
11511
11632
11492
11933
10790
12092
13847
12393
10930
12554
12142
11913
10920
11952
11732
12183
11491
11532
11532
11973
11331
12072
11622
11943
11732
11491
11462
10530
11772
12293
11452
12103
11551
10690
11532
11282
11732
11893
11572
12303
11322
10700
10520
10810
11541
10349
11471
11802
10710
11952
11602
11522
11512
12243
11803
12043
11691
10540
11682
12093
11612
12393
11622
11382
11532
11893
11382
11722
11832
10840
11572
11422
12063
11462
12424
11512
11993
11602
10500
11732
11382
8706
11742
11782
9688
10830
11352
11652
11732
10079
11712
11963
15449
11542
11792
11602
12543
10560
11862
11432
11712
11502
12123
11682
13204
11472
11993
11813
11882
12764
10479
12153
11562
12413
11903
15169
10951
17944
10951
11973
11612
11762
10741
11642
10990
11531
11652
12153
10691
13665
11832
11622
11522
12092
11682
11932
11651
10851
12103
11611
10420
11943
10490
11902
12253
11462
11953
11552
11702
11502
12013
11672
11832
11972
10629
11081
11862
10700
10530
10460
11952
11441
11612
13986
10560
11972
11541
11371
11612
11992
11442
11532
12122
11532
11531
11251
11311
11512
12233
11482
13585
10841
11993
11672
11772
11492
11381
11671
11662
11431
11762
11411
11843
12073
11371
12173
11582
11441
11582
8566
11352
11511
10710
11452
11591
11652
10950
11352
11722
11953
11501
10660
11332
11481
11391
11532
11091
10610
11792
11942
10951
10770
11091
11742
11372
10450
10721
11582
11552
11672
10670
8416
11601
8246
10881
11612
11842
11522
8305
11512
11782
11492
8376
11462
8356
12363
11041
8446
11432
8827
11712
12363
11572
11813
11541
13565
11672
12063
11922
10740
11471
11532
11862
11521
11502
11572
11592
11512
11552
11070
11882
10961
11662
11792
11452
11601
11531
11632
11402
11392
11802
10610
8436
8295
11461
8556
10650
8276
11492
11491
11441
11662
11372
11913
11452
10870
11492
11472
11412
11431
11763
10750
11482
13204
11522
11782
11201
11151
11551
11422
11692
11321
11291
17042
11511
11401
11382
8536
11602
8345
11531
11602
10790
11782
11572
11282
11531
11502
11471
11352
14618
11612
11692
10700
11000
11061
10981
11381
11111
11301
11010
11071
10900
11081
11111
11021
10831
10931
11242
10921
11101
10930
10880
10991
10730
12924
11021
14087
11061
11011
10921
10790
11051
10770
11061
10971
11572
11131
10961
11301
10820
10920
10820
10861
10911
11000
11231
10700
10901
10981
11151
10991
17093
10901
10910
10970
11091
11121
11121
10941
10900
10781
11030
10941
10870
10650
10580
10399
11031
10470
10229
10199
11502
10360
9938
10139
9918
10380
9859
9858
10430
9668
9778
9548
9247
9488
9238
9668
8957
9728
8877
8886
8797
9368
9257
8587
8726
8386
8406
8476
8847
8166
8796
8055
7764
7895
8366
7725
8205
7534
7654
7394
7424
7334
7895
8395
7294
7084
7514
6974
6973
6753
6863
6502
10289
6603
6422
6232
6071
6021
8967
5981
8627
6613
5771
5581
8556
5540
5590
5290
5601
5340
5931
5100
7634
5029
5009
4959
5691
5090
4869
4960
4949
4729
4689
4518
4449
4518
4508
4218
4469
4118
3877
3927
4418
3938
6733
3637
3817
4057
3296
3256
3196
3086
3126
2895
2956
2876
2815
2575
2485
2655
2424
2264
2414
2335
2214
2224
2204
1954
