148589
214593
261962
295155
179948
233168
222328
197441
256743
257825
181741
192422
172264
319561
185970
142047
184126
198172
148739
183896
133772
190598
159289
119574
177223
166092
234701
163367
222338
131147
179287
121588
150402
201389
223150
155161
267643
131087
135174
193343
128171
194877
113153
166322
133040
193063
225744
176802
157657
162545
136727
381377
151675
310845
149000
144401
217339
125165
167355
188094
193083
134593
195447
181492
195348
143960
167766
207851
169940
158909
183905
170441
166463
171282
146415
231495
167244
264918
144922
148870
198463
179186
179217
198724
165992
194275
199204
238048
199585
204134
198272
172535
144151
141465
116729
157526
167194
227708
211728
146736
189927
184136
156975
129263
194265
180530
178816
125085
193073
231515
183124
141766
224061
141576
169940
160532
110478
145032
170461
220494
191881
259829
88747
183285
190218
181602
170511
177443
197581
211738
208272
117380
178886
158077
177564
165661
186821
210065
179898
193834
248668
190428
132429
138580
280457
205406
124805
195407
187072
126417
133681
213311
142057
176011
144321
133341
190678
218741
172675
182724
171011
179407
168777
129844
170139
218029
233429
299754
154490
161924
146936
202381
166153
184236
156574
120487
138340
150463
175771
178596
182213
211427
126178
187543
200176
177423
204465
211899
166814
182864
176662
165211
196710
184136
260950
159189
211978
184898
90531
127870
210996
229001
167354
164198
180018
170220
240722
181902
245401
162525
164740
187282
195267
130114
199495
241914
246013
198333
198783
174779
203783
184747
211107
247104
188204
186140
112732
220334
164749
170951
174368
221145
208302
170090
173857
190478
172203
191239
139332
217920
167414
179768
157305
180389
248988
192271
180489
173045
146024
181231
217409
242776
189276
184066
161153
157797
134924
185529
195628
222238
214403
199235
160211
196079
199976
179738
172143
125186
173035
149571
165421
194205
191901
158478
149632
209284
174188
152968
197671
123382
166604
135665
177604
220424
201339
163137
116929
179147
156123
189165
196058
207069
194956
138511
255440
135865
196499
194005
141286
144722
152897
144531
142127
203192
176642
155893
178114
178415
119875
167095
205646
185789
180309
116259
158298
181401
196720
209404
193513
143098
197351
160842
122982
148900
115286
186782
215204
271501
236043
161965
124083
184978
231876
186991
190087
154861
191540
173246
219863
184887
204023
128011
158027
160882
127419
182944
247746
207800
141817
192652
193204
211668
168938
221085
166062
223430
177734
150262
136276
161413
132719
183245
173085
206869
147527
186731
185088
146836
232447
165210
204404
174579
165621
164379
185018
171903
162105
153728
135775
213532
210125
186330
234280
138480
230753
220204
205917
222548
196219
146275
196560
152126
182052
123161
126177
254899
178696
130295
199104
177444
197381
215896
188194
193523
162846
147588
189737
152447
179176
191460
135465
254067
226877
189938
266952
144722
211528
180450
149080
182794
194595
238158
207370
175530
150874
236945
204013
211688
195748
175750
189356
171532
200677
142839
200938
167846
133891
208382
156183
186039
191119
248998
204434
184587
147738
197422
203983
208482
168517
186510
176823
204224
228790
206499
155773
199675
197131
151965
156274
144341
177935
179137
316314
193834
243137
164990
207249
170611
135074
168767
180980
167014
213371
156143
171433
182674
206117
179908
162916
209123
104687
172044
178686
198694
208602
184457
172214
199325
198563
216908
204715
118893
204434
105689
187473
183174
106881
148109
87685
199686
206107
187653
207399
183595
182042
183795
157506
147918
203282
184808
171493
216487
194195
146916
149020
141576
186371
223921
223781
175129
192532
171513
183195
186310
188374
201268
175369
148469
270238
164439
186641
195136
208172
212871
174087
226706
203102
185138
164559
196820
157997
201599
207721
95709
206648
192382
146986
138591
256482
182893
306837
207630
182393
212840
106680
175440
183535
169609
335210
159951
154290
181321
179577
194386
140525
191560
300144
78688
83638
179608
123211
207410
147848
198613
257464
187332
198743
178245
139563
188134
186381
202130
183505
190688
157946
175660
178706
199355
182714
172945
181892
170270
180619
148409
250361
194646
190628
159340
200367
170621
141025
131758
188815
247455
181521
171702
183084
180399
196409
168206
181742
171492
160371
150663
145303
186160
176301
147116
183204
182012
164048
180259
197672
225023
140554
146976
173055
170621
222168
153649
181801
177333
196649
148990
281960
212690
203472
118683
216347
121759
183855
111941
201418
96301
195097
135064
195217
97143
161884
125676
168677
133151
224101
126077
131958
107812
245732
160953
174277
143690
182343
111069
190759
116028
206358
158498
193123
125245
196479
132319
156895
167404
120096
198173
150923
186049
233008
185328
188244
157696
177253
195237
156565
167154
174609
145463
197842
165751
161473
185800
135736
211929
167365
217278
170661
211147
124243
179207
175550
149060
128381
198413
190248
192011
170300
310824
183114
178436
200597
143209
252775
98866
160963
106400
181271
161112
220515
146185
195788
179959
200317
183285
211978
152186
255159
168827
177925
223891
171342
169519
159800
202982
193464
198122
131046
206108
265609
190338
143920
195478
164258
193784
69631
167054
170290
128913
113333
179317
153609
259918
199585
201840
182944
272312
235723
164019
160311
218771
216146
163747
250862
156715
139061
194846
195117
180579
167375
156403
192592
191711
194336
148709
155432
181071
153157
131808
163868
101331
168196
134693
204144
159751
108965
168026
178676
170670
158458
226285
115687
114405
202350
203623
190869
172184
228300
206077
146796
207460
112010
266060
179006
112522
161052
139272
249639
166232
165781
181050
186851
163828
183084
139112
189977
171753
156774
211027
190969
179868
125205
185469
160762
120416
173536
197111
185018
195017
121729
160342
128020
166874
202721
131187
161083
192452
161544
198514
176362
175690
204345
204194
205646
210847
188725
197511
200196
183164
193423
229521
244730
170741
219182
234030
132970
105508
171151
110066
202019
125707
171382
151294
143280
123913
161804
114325
160031
109897
159209
130576
207740
128431
183214
112662
161364
177002
124083
174598
173045
152366
126578
189045
127039
177895
115517
114916
117150
193403
177303
130325
209584
111089
212981
136586
207190
157466
152507
110498
144592
118363
190197
90460
186961
68018
208282
107782
190328
81984
244530
103995
153940
102874
181110
133330
154260
121629
148208
102132
165020
122089
171372
107352
210005
140564
206018
115898
167915
151785
203783
162445
110047
172835
100669
155261
113734
189005
101170
203804
124584
164099
226395
106150
201288
177263
176301
173907
155062
225363
139382
170630
217128
192712
243437
131236
280527
106430
202771
179227
180660
211638
206538
197260
211057
147939
176582
246774
192752
271581
183365
187573
179538
186090
194766
151906
174658
146536
200296
189727
186039
185328
242005
171272
186911
199846
189556
183525
183004
198774
127801
154130
175660
141726
143310
185960
208793
184257
133591
169118
159570
249910
97674
183435
195668
183986
198894
176151
184426
138410
157957
201068
184006
157917
191279
234080
250381
181230
137238
203333
192151
214714
197992
185108
2170019
191740
218160
160622
183805
181671
206818
151024
215044
218040
152196
192632
196860
171924
170280
200056
201268
194235
183375
201128
198393
164609
178295
180159
184296
118813
204304
224793
163949
177003
212941
174918
201068
155843
182213
118372
146906
140113
142668
192962
154931
210315
180479
87634
207820
132039
177083
158669
200317
196620
159009
147427
187743
190729
206538
192372
169729
184987
189897
180018
230544
194445
187122
228280
233920
166172
205697
168998
228329
167535
129273
136707
201889
129363
202982
166072
184527
178195
196600
184296
148058
181451
192091
167104
174408
155462
163367
190237
186731
268103
151024
175320
180559
166112
168617
161845
174338
154690
193333
184447
205817
185659
175290
172223
167525
232287
145724
183354
173085
182884
138310
172223
207370
178185
176151
194996
168456
187091
199576
194726
203142
194817
186511
178696
184447
209834
188915
167114
178215
146846
185599
174979
177533
170510
193253
176191
185008
186581
222929
187783
179017
120155
177263
178987
142778
175911
194365
143961
329840
273093
189156
192682
182934
191721
184467
169809
169860
172604
143410
164059
194596
186310
173567
130485
186280
126197
275528
167475
190598
139031
203743
203292
214022
171543
218580
218471
173456
141336
112913
203342
145905
198944
238087
254097
206869
204925
128170
196039
215085
161564
190328
143600
195437
179397
191179
164679
119284
178656
193143
127740
173025
193013
141667
180960
130385
220965
192011
136667
190388
204024
172675
212129
185569
241564
183976
188624
180018
144712
197261
193003
198593
180018
215395
153578
199565
171803
166513
144061
204995
186631
168146
187773
165802
179136
237366
188013
180650
170240
212740
200327
181240
124935
154431
129854
172745
215465
163778
206638
156525
209334
176342
195558
190047
185439
186651
156655
169038
252685
168978
183825
188935
162275
176822
213842
183295
109035
185058
196950
177584
183184
182262
180679
209754
193294
180359
141636
182823
206949
218431
167514
170391
269346
233829
258456
206177
248116
185238
189225
195277
191460
183576
193003
177513
169678
158207
233539
134863
160281
192001
156915
169769
158828
172735
217288
165952
200748
210105
174498
181912
207821
166482
177764
182373
290336
262834
225003
233428
171453
199094
279375
173766
226866
205617
192181
197582
147898
169799
190268
185859
198032
171633
163196
129524
200768
195167
194275
190758
178796
184908
191119
234751
176843
157636
180650
201359
186020
186561
168457
188805
234090
169599
128461
185338
170791
164058
135244
194676
185118
189806
172104
115297
220444
186190
216116
116028
156535
185018
180529
243789
219162
209494
181411
179918
167865
186320
180660
167064
112782
187844
239751
164670
186080
199655
202821
142027
182873
186471
175590
204514
184868
178566
187473
192772
175580
204184
185349
180829
184226
126268
169800
180950
195727
211027
175150
171673
146906
210867
169469
173557
193744
177844
263826
246613
159250
191370
247605
154841
193844
204484
206438
229191
156554
219382
184026
180299
173015
189436
150332
293522
238809
195999
153018
195357
240882
192412
147708
201839
191039
142347
174458
191420
173205
149891
183414
133981
201789
88576
189706
190809
193394
196900
146676
180349
208552
188003
160491
177383
184918
172965
219102
154510
195527
194616
184216
182343
191890
148259
193804
178896
164530
201209
237085
198193
251623
185529
192882
166222
225885
157216
188724
97704
162386
151575
174678
118643
204314
121348
163968
117751
161043
132249
164599
107422
173236
119926
164860
77676
219883
134833
158397
118152
237236
128141
157797
167134
205667
103434
133842
117491
184056
113003
171903
122440
173807
113313
162726
76814
158127
99978
134583
92494
189386
100509
185068
104907
133651
124735
155552
108835
192431
113203
236294
118653
207119
119835
208381
167805
226836
117250
180379
129594
143149
133381
164349
129544
175269
101972
170450
124254
113152
117692
148439
111790
238748
181461
193884
120266
118472
116469
157987
105999
169849
166533
180058
140043
174068
190739
135585
204254
89137
194716
101611
213962
108224
205086
115757
157195
151945
198593
115507
178275
159961
154881
108163
171803
94237
132840
135856
191480
116990
98896
113924
206098
115046
179898
128812
121548
132599
199585
144201
181832
106801
209814
112412
193103
140233
204775
145934
125666
114516
164850
119785
205747
121008
117792
157266
190438
96130
196590
144362
165741
155833
211047
144612
176372
115036
202520
121117
166974
144051
100679
134272
209614
127129
223119
106691
176992
108775
181942
163708
280397
103965
217669
130275
128732
104276
188113
155733
213001
111970
147618
142728
145894
118132
148669
119424
233499
141536
190257
140053
186270
117671
150733
204895
110007
164740
113654
104015
112531
187182
112171
195648
78588
232958
109937
126839
120326
150453
127039
147177
99567
176502
111861
195357
111038
176903
154300
321925
138600
191280
124544
173446
114535
268254
120547
181090
117331
119154
98515
124624
94127
197992
108684
202070
109195
144351
95981
121318
117351
180710
117631
115687
123553
172504
130986
172585
123432
132709
124323
154109
88065
200237
109065
249840
104737
232928
128030
226997
145534
234551
174328
223761
105278
188765
89688
149501
159029
201098
103564
92173
169289
123222
156784
150934
181822
53440
130906
155622
199515
119976
171853
119805
122991
139052
205766
105798
248697
170000
199465
106240
218120
94628
146836
145183
179898
209654
152647
131788
200116
187633
176862
164149
181210
92864
191500
198743
170400
162566
155863
143209
209464
188154
141145
208262
160311
176783
132208
191821
171994
183184
186691
190338
160802
180589
208321
166172
186200
188965
192282
93355
166392
277601
149732
178987
138741
174167
125165
177643
164569
188204
164910
158949
201349
186861
259057
161634
206618
155653
227177
200888
214082
184807
188915
133010
178084
218912
149962
254889
167525
178416
124875
127350
166002
173767
154129
188203
154140
232457
174468
229751
129303
181071
153328
178044
184426
202190
171282
265939
229220
180439
198042
131127
149401
169047
201469
173957
199465
189266
181612
151224
241905
182644
181882
159900
198123
184217
171031
163527
162916
171021
203733
182222
189446
125055
170791
220774
151986
156995
148890
129593
188725
186791
191590
117932
170701
200407
189786
183144
174668
232116
171362
217939
205967
137719
139282
206508
182884
237166
231976
202731
153668
170741
175490
197191
167405
228169
199164
182674
171944
159971
145754
180890
167455
210055
147457
193354
146175
200687
200577
168878
92715
208642
203633
158669
188835
163647
188494
165191
165150
195608
180199
179357
173606
186190
152818
162085
162465
176221
182313
201549
238468
181371
120136
223350
142578
205046
196650
178816
148709
194285
153969
108193
194335
185669
112111
140985
152978
174408
260810
180870
204865
230894
249398
175320
193103
205015
144892
195788
198052
175720
203172
172264
247295
193754
201408
207360
158437
179007
195117
134763
170521
138140
154370
192392
119805
144451
248678
210396
193223
181672
183966
173326
212350
234170
212610
242505
164770
176462
177824
205676
176672
187422
228420
220414
145433
191219
187102
123111
183505
165020
251383
119755
193103
189286
174238
192712
156805
133030
194255
188665
200166
217839
181521
200327
158898
228339
148599
237216
200587
256172
168527
186420
163918
157997
195197
191680
203913
170129
189106
178746
187462
174177
160001
173206
191540
193804
199294
210065
177995
182223
229311
182463
185448
122901
240001
164830
217969
190768
196510
202611
168507
179637
169729
179016
189076
119124
184126
171543
194917
148379
167184
201799
186441
195778
172173
164480
180820
203272
183134
173265
169930
91723
107633
203903
202440
182022
182934
145914
195557
252625
194145
194215
183666
170711
162315
181952
184296
222789
247465
198503
91341
176893
196780
157937
201188
195307
158368
115868
150934
235263
121217
175159
287090
171823
152186
189716
185910
147207
230763
177494
159771
173346
151304
147747
179888
148339
159991
180489
192261
189637
185168
170982
146295
166844
217489
194084
178346
193103
183585
129043
158949
197040
192131
197702
192672
201469
193804
151244
139913
223320
196079
177904
148489
206449
208302
181732
211378
185719
162025
197982
152066
228439
184556
175630
194816
184026
175200
123663
160171
197210
159330
238027
189095
216667
162335
107552
171592
109305
186270
183465
196900
200066
187152
187833
127670
252324
177564
211568
162665
164900
175029
169709
157025
189386
156313
154781
183234
127240
200697
173787
177594
216346
109495
187883
166413
169599
142618
209354
184517
118923
221867
191921
156464
168226
206468
151514
176121
193794
176291
184036
216497
145123
126918
147747
201919
181361
184567
145784
171272
168357
163016
191921
175360
232367
177564
144361
218160
179026
180990
139843
159390
159109
170070
181411
229872
168376
158398
124614
153458
232967
179808
139172
186862
173146
263155
184347
173175
165030
150663
260289
211859
183394
175510
164219
218661
223560
196800
190698
170140
203242
145423
161353
148499
192903
176913
194415
170872
166743
127119
192261
266712
154159
125646
162816
179568
156955
181601
165040
196669
154891
188665
191921
150172
188213
162335
176622
155111
157847
175500
191359
219432
186351
175620
197912
126037
134723
113503
172695
170931
201979
267493
255430
156844
169398
224572
176612
185078
266390
247245
183665
143960
153589
186751
210365
170159
179367
140594
169719
190608
158909
217378
196149
200197
178306
188795
182844
156925
173246
185349
190478
162575
186130
146174
202420
147577
150743
187663
89498
188435
183064
222338
202170
173947
193363
197240
173816
191701
163036
165070
217619
173466
173065
243227
177834
167134
191169
244861
166563
168597
202400
156264
185389
188354
179157
184426
138601
188204
170440
206287
236725
135735
195777
88927
134944
187833
192351
175480
190528
162275
186531
204304
198463
160381
143700
219903
203032
172945
200467
154691
202290
192331
179748
226175
216997
205426
101270
140223
176913
142007
178566
162716
229091
172674
165661
159299
147106
153689
246523
149050
217469
192301
178355
178886
190047
158968
160352
189226
175159
191009
153438
165742
165832
177594
183735
190488
214954
172053
131107
126348
196410
159229
187092
236996
166873
276069
181411
200778
211667
192272
163086
156685
131697
183655
175640
190077
169248
176121
307869
171803
193584
133711
175850
167816
219072
184116
182523
193925
192432
161673
243748
251673
189656
176983
175250
190327
209724
183535
259868
256733
189746
176562
191320
267913
180159
212399
214162
208903
185358
113013
132579
136927
121518
142909
191099
145042
163196
142678
212880
158819
165501
195157
114084
204314
103604
186150
127640
141466
153769
193264
154730
183415
162906
200857
150143
248618
93847
189115
212179
189977
168236
227728
164449
189737
181070
190107
103525
210696
183756
115587
221727
191530
123272
254649
165761
276620
226867
202641
203642
200757
211898
191060
126979
196049
231115
209163
152517
113803
186991
103073
250822
191801
188835
179778
181571
201288
191049
194195
189476
188966
222849
197872
162586
110789
166693
192562
152527
140824
186510
176803
225143
205607
249389
207009
200547
190077
199115
219313
174648
159881
163928
155783
235292
169830
180188
196590
127901
185198
177604
183185
164810
159580
192712
138851
246954
147508
208431
167234
194455
189537
205036
145083
189376
162546
142829
185619
147858
190588
159530
145764
197882
197281
115046
163438
189236
198343
133421
205026
163647
179718
173375
142378
167365
163026
180079
167855
177884
150973
192943
129564
166924
169118
228259
182312
139352
223079
126658
202921
197862
164439
177694
250911
178906
189516
185929
199895
172164
171493
187632
218671
93426
134202
135715
199505
199716
209795
210916
187974
221245
207641
208011
203432
174778
172143
191289
185098
194074
162155
124715
200758
211317
157816
158989
140274
262704
152838
150353
163517
158848
119996
179597
193233
159881
193113
153329
143370
175269
156835
174148
223881
197171
187312
172535
177884
156093
156264
158979
175760
162265
246152
186100
117401
256292
186971
131577
193424
136296
241775
192451
173476
168697
168987
227197
182463
167034
177974
192341
119895
184557
203492
122159
154651
216577
167124
176702
201679
173937
146375
191379
204034
159009
181030
171893
160412
155342
250881
148730
179047
130195
181922
139292
160291
164319
314681
132279
136376
202140
189035
171973
159580
173386
155301
159480
187001
190748
197200
186862
163918
230413
106661
204525
185720
155302
199565
204675
124694
172544
224442
151434
169028
192822
173305
159409
175430
184316
191029
186611
174218
134352
203081
159380
195107
202431
128582
172474
173696
174268
192792
160692
191911
166332
196750
191640
152406
165471
171723
209434
186721
138401
205667
190638
138961
125386
103955
150884
101180
185118
179087
197521
192382
132228
176933
130986
170390
167785
177113
167534
249970
136106
122710
219773
200277
174668
193524
176051
197140
180970
124544
156164
103324
125977
167796
184006
168757
136707
162606
241133
155852
121759
236414
162946
177393
156364
167444
201498
212790
173216
178906
125576
220966
212329
124975
189305
159780
205626
155502
279796
230684
168958
158387
139041
127981
288472
184206
196950
180479
154390
185960
289885
160602
165932
155222
193364
146095
228650
159179
252475
150664
200848
233428
194966
194195
203983
81583
157676
194466
126658
188404
227869
182774
197111
122711
247145
145233
239530
137388
225143
278423
172434
155032
181141
146606
263345
179638
157115
162335
209634
198202
161113
127650
194025
185559
165271
241394
171242
175921
163908
197852
172785
205777
155762
198423
123352
216998
198012
305073
248307
191290
92243
125185
191320
187763
230363
216807
188494
198383
183014
205156
163788
224763
140534
167555
145003
275788
206809
141896
318990
202941
174488
179377
263966
233489
184547
194345
152707
220164
199885
193313
185238
223680
219623
195948
187342
106260
251823
183855
186751
168557
261812
161473
172234
170350
164249
276480
194877
179106
181261
185589
203062
148469
148018
161153
190949
157877
202681
203682
195598
103554
182332
195147
188915
187081
193133
199105
174969
195467
221166
220314
223791
165391
127549
171453
178435
128681
204113
141847
174858
120587
205867
122751
155472
139312
200998
116018
177033
143931
184828
102522
127539
157366
83707
147958
110818
245611
125566
178546
66174
183805
127410
178466
110999
181922
122580
155542
104777
243868
110869
195778
121729
155252
120556
175750
103935
169398
105869
136557
123752
168056
167204
152056
248787
110338
177153
101801
273013
136918
191640
108444
180599
117471
242024
142127
212910
104456
158849
160241
124384
123402
216287
241183
90921
228880
115817
197221
117601
172093
159479
80281
137339
172384
157636
152596
244860
119645
187682
164509
221907
107963
153820
123743
197191
126508
213842
67998
108153
232367
175299
193764
148088
181862
126738
137258
101280
215364
120336
194916
243738
175460
236365
147627
173226
172034
208181
184577
194646
224261
204835
198784
95369
198663
167876
216968
166513
188034
190848
169900
169869
129213
164930
239229
158457
174097
209404
130936
185830
210495
230162
135795
188594
165732
234320
140694
237676
180820
120917
202050
179097
161273
161153
151956
146696
173275
194796
129013
169518
181561
165902
183405
176762
175570
170501
153208
166614
322617
170551
123773
151364
162776
188234
160381
186480
181612
200947
141096
183275
108003
193925
193944
203994
190428
191981
195347
241724
191470
182353
158588
126007
191230
210896
210897
180129
140845
187342
173195
193103
160982
192662
177404
222939
180099
205547
123061
188905
173807
179898
174628
176392
222087
179757
102533
163668
175510
183304
169409
190208
141356
181902
165351
201038
154039
226826
211026
164760
175590
163437
191360
195177
187903
203753
178776
177875
192672
192402
201028
158728
179517
191079
204745
216427
191139
181020
186671
196268
186681
235934
186661
162205
181271
183575
213591
195207
181040
194074
186420
193934
165161
180289
189547
221196
161133
128913
183896
134773
170090
130706
196930
179778
197812
207751
219463
169869
161434
154481
188625
169058
270719
192102
206328
166303
170300
245402
135364
204244
157386
188855
171843
184266
169679
185458
183515
128181
125215
194315
139673
200987
131768
121599
178134
189977
180219
218290
223240
171593
211187
183425
201349
196820
180018
195969
145473
195167
130144
206679
162455
180960
145563
216698
190759
130435
187703
183825
158478
119134
203483
212039
183775
262974
175109
171923
187272
224902
204805
208061
122380
152296
180580
248397
162876
184887
168807
128732
170280
167284
155252
148138
182282
191199
324470
199044
171423
171743
204354
87083
194295
179497
181291
188244
167134
162134
222278
205366
164489
200406
295085
184487
190979
183375
206468
151084
150352
258185
200327
191540
168817
169829
162856
150603
134233
183785
195167
199465
121559
211036
186160
171502
237797
141736
220775
148089
171012
194746
190738
177614
239550
151855
219472
206047
171282
177173
222909
231986
289063
191209
254488
168938
176923
197552
172524
177413
174267
170661
171042
193083
179978
182954
207210
170190
193283
188925
186902
138631
178405
120968
191781
306406
138731
178215
177284
252615
182743
184547
162796
191100
189566
175099
198714
160331
161493
162666
177724
186470
138551
225063
177304
177183
215576
202912
178886
163968
192201
170681
173987
201338
174518
149361
185378
220114
186030
143189
114986
139001
149381
211808
192001
144902
150853
232958
186390
195187
180490
174739
193313
196590
144682
192051
177173
175439
129423
174598
138400
167715
215325
184196
242425
151514
165551
190769
232357
135224
167575
201028
185258
173526
178005
117350
205867
130465
246934
161364
198653
186791
242095
134643
241133
76724
196329
103034
205526
142718
240302
108113
172785
113584
198653
114596
198313
116940
138760
117090
208142
99968
209083
131727
132278
126968
262063
88766
161914
108134
191780
116830
181982
143339
117010
254137
89538
170370
163487
186461
211979
137419
204264
226927
193544
161754
137498
189787
133150
150392
175410
193284
214804
262132
183615
199285
189497
184486
174327
168237
184186
226927
176321
173627
127109
222277
191761
237657
130214
153498
194015
174157
220855
170560
227848
125596
196920
207440
193503
175409
192232
179558
132909
290145
150663
151374
166543
152366
310042
193444
197962
179157
115136
167194
174708
190408
158989
160371
193384
184236
239259
139011
169599
179027
208462
213111
166432
226897
216176
186460
178796
156504
171172
197381
179778
133871
191690
182863
136797
167645
144432
98274
187653
175059
223520
166553
200406
206979
123652
196109
167856
186170
179738
160612
164509
166212
180379
188735
164960
217980
171542
218841
174909
163016
166272
281680
220584
201428
187402
163657
195347
241554
182142
194355
179838
146686
191470
132108
189736
184958
133801
150203
166453
197651
185489
124905
187142
200898
129232
164269
195097
168387
240102
176291
193674
133611
171062
186490
203983
98345
186050
128100
191790
144221
121087
147147
216337
140283
165471
147708
187262
164740
198493
188965
214423
178406
207440
214483
272202
181321
186530
115657
192422
144802
194305
227227
229632
157617
135896
246544
144010
133250
192993
161243
207690
176482
171112
185598
280247
177294
154400
188174
192632
253616
234912
154862
142017
259277
201318
192171
158347
136958
141035
181762
185419
233579
186130
137749
231786
229652
194015
197551
179618
194996
206408
165190
194315
171363
197571
208352
166022
151705
180128
262513
231074
101561
166353
208702
224141
171573
184006
130255
131858
175229
167946
128251
180770
188735
173216
159229
118272
184096
153879
191039
108203
161604
117992
192642
173757
161323
187552
156233
177513
195898
155372
157516
178486
165030
151975
145203
173456
185489
190238
173065
213091
157296
191309
184066
186400
147157
145153
187432
155713
186410
70102
205737
232978
173887
172604
209133
163647
168336
130134
168206
180960
134443
212179
196689
189326
147397
199895
174388
192552
112742
175931
159389
178606
200988
173787
203292
127349
199384
123803
186992
144071
171763
134303
201549
186841
194105
196188
143269
181181
183725
161804
190518
160551
154330
137909
165181
196399
179347
150933
175019
147888
158708
168768
236044
163979
146976
217729
133221
169839
188114
164960
133491
180680
152437
235543
251042
215405
183114
199445
232777
184837
227217
143319
220174
165761
215435
184677
179297
165811
194405
180269
230804
183706
158327
164960
206929
129894
213251
206468
185699
201168
142197
165070
157406
169508
187482
168587
172003
207300
215866
225434
164679
177093
129904
166933
233449
178666
219542
207690
219863
183254
195858
173837
183976
189867
196800
330220
189497
209494
122630
172083
210826
206047
149011
240893
197251
197111
197902
168967
213140
167966
205717
190258
163427
156885
195127
190017
279255
198413
275097
219643
218310
234000
162626
161153
133822
182884
120476
218811
177343
197572
201138
234932
128021
193784
162144
195447
180639
137068
189035
192712
169609
197321
190618
202160
182002
209915
162515
213852
149561
154350
205867
192822
129193
232437
196950
186310
170159
186701
172344
233198
188444
113203
210596
194435
246905
214333
181672
188314
171382
201779
193393
164810
222288
184326
132018
259728
119665
201598
227357
172454
193774
192041
189767
245742
173476
211637
174378
186380
186530
240852
167895
174468
210566
181822
196629
218330
237426
212399
121879
183224
244680
199946
123131
191641
167966
228830
151725
209263
144762
202802
262713
148168
209885
202320
181090
215084
167936
184326
154461
290947
178766
196008
184547
156514
240152
203453
193113
184086
172414
215365
197722
215254
157797
204925
185388
216627
168026
180089
176001
231054
202410
155292
216927
171052
135114
171983
208071
206699
203042
159530
129914
180038
170561
170009
179377
162456
208803
162134
137138
180669
216427
173566
226345
89518
204725
223830
139031
176852
152537
173607
216857
187793
118463
266611
221306
171883
170160
149000
158248
190408
170731
182533
234600
210957
176371
135255
163768
157796
226105
190648
162586
181892
185028
256171
213261
189506
184156
142929
181020
165841
163677
195477
242696
175710
148600
171623
160512
139011
148038
215565
137097
183254
153549
174989
194976
226115
201740
160382
126779
192081
185659
130094
159640
126047
185709
158618
147668
158488
139061
181250
164059
141325
168748
162806
226235
135083
135124
153197
199164
138250
181320
156865
183164
165100
132219
196279
172243
170330
184196
132099
183926
181381
164189
183615
195758
175620
178846
147046
196689
172695
136757
157085
167696
175911
195988
155312
184667
215025
156524
202210
144341
152627
115788
130145
178786
125697
152697
100950
153579
144251
252415
200026
251242
146666
167896
192321
188955
146515
126327
170210
185508
189146
224752
237466
218911
175800
220625
205186
181010
201949
198293
150694
199014
200707
182403
212069
196559
219002
209143
173666
210346
189546
187382
182994
196920
84789
185478
131787
203873
156083
158388
146926
223901
174898
223840
211086
153799
206708
181161
223330
174067
212670
198443
108403
165931
203051
177504
172003
71925
207741
191630
187843
189897
179778
127580
158247
182232
186371
219713
116879
187202
231214
198353
148379
216967
123342
199475
267232
121528
206599
190649
177634
131197
143700
152046
147698
177563
171572
226305
143419
193694
187933
173906
136276
190117
157877
160010
214283
169859
177463
195066
172164
163157
151134
163578
181622
116800
216457
156044
142257
229902
212479
142778
186601
172424
161834
156985
125386
179948
187152
153118
138450
145523
171813
169789
176522
193083
178626
180660
176271
148710
182603
230674
178055
184346
189256
214353
191080
95209
191560
197301
178846
202470
210496
148089
167495
160241
164038
171422
169739
197642
190808
176461
179387
192182
115557
161964
168417
123142
178706
214443
183475
161683
124524
204674
214884
208842
169709
137298
168797
179708
245691
193544
188844
156784
193494
120927
189616
149040
159971
120367
157045
149230
202510
147778
158638
205967
194936
169498
133460
152456
189677
178886
235493
130054
158778
208542
160842
166363
116389
89679
236265
195337
183144
150463
185899
70403
211738
181200
199655
181632
189386
171062
191620
166884
217699
167695
142678
115076
199185
202501
109837
248648
128993
190157
170440
79810
141687
161073
171462
188704
153308
196970
183535
175860
152567
227978
166553
162506
109135
157716
162636
174147
161153
192562
168095
158888
182463
175850
274056
179677
194436
213942
190108
167415
176833
194606
184877
170680
203854
173596
184497
184698
157977
168997
216497
211257
185138
139452
182513
219803
134443
194475
172224
229943
209975
181681
168617
143300
156955
193875
188254
189276
124434
143610
257444
125436
156053
157817
141466
137638
171042
185679
168717
185819
109475
137999
186220
179507
189767
185739
178084
111900
224832
202941
180760
179307
189587
179868
175470
135445
195408
187322
206018
185349
176191
162135
212459
203513
148048
146406
176892
212900
145654
214984
126859
140034
172434
136506
211187
172444
173957
152697
165541
184787
206658
180650
113433
198784
283904
199706
183985
224692
219713
201869
186320
204825
169539
207580
182863
276950
181391
160752
132830
190438
154180
132639
156374
190478
129052
156925
133912
176312
200747
194485
129684
163307
165651
159941
192271
150623
174778
131397
179687
192763
104878
157957
163728
147978
195758
139202
187012
130856
172575
119314
119895
189797
186070
139001
194926
150533
201098
162155
177573
168236
200096
208231
200086
144592
198383
210646
183044
174377
126669
183875
131357
173947
153779
201910
185128
246764
170951
119795
261912
188444
216116
204916
197271
213491
158347
197241
167475
156043
196760
169449
134142
265048
164278
230293
156063
185188
219974
170761
221968
201559
171432
240151
191479
224572
180840
170230
191380
187723
170170
191580
162907
192572
204324
205957
188435
161403
255410
170310
174598
210746
105618
173927
189746
146416
119765
250491
233459
187613
137168
114866
151224
166132
147427
166062
157456
179978
181170
193824
186721
159931
83838
142789
174057
188535
197090
107412
128692
176682
182473
215756
158398
177253
271080
179838
135284
198623
113223
222639
143790
151545
176542
178135
179858
179076
170942
243628
149971
180239
134022
180329
122730
161463
129192
82395
192983
185890
131517
173316
126007
175881
162706
184477
163708
159300
128341
168085
183225
153248
225494
116890
163458
165171
194987
101821
158628
193995
122310
207841
162175
157917
173105
135885
131226
170080
186781
186571
186571
203372
195788
176492
209203
172715
213631
120627
250000
134342
165942
193533
196559
152236
121608
194576
161894
192522
171793
105748
195758
181922
151635
197081
185539
203452
166423
182804
127289
214794
115176
269687
174328
235122
168787
138811
177323
150493
178295
176852
185178
183335
186701
139602
203362
146245
154060
167255
156695
204865
163176
230774
177053
236584
166132
169369
151985
175670
246172
161744
121879
202991
178656
169389
141095
188224
188674
264437
184246
177013
181972
172965
141926
226416
156765
233299
205646
159429
175139
240192
247696
190789
127970
141045
131407
121228
242686
179387
170590
191460
180399
183215
177073
206317
173105
160622
192963
192492
183906
185348
257494
190578
177323
132920
195617
116780
159650
137048
187843
169018
201959
205346
138020
176341
169018
170030
195187
211968
182223
138350
165401
128251
188044
184286
158168
234290
196119
210736
195788
184046
107091
165471
210426
164309
147216
178736
176031
126999
168216
137489
191780
104046
196720
176181
222829
166703
205116
193243
167134
167435
136867
160702
171452
242466
200527
148199
166793
175499
170500
151155
129202
195828
182483
128902
177393
182743
236704
210585
143410
175961
191761
118323
179607
177593
207801
240612
240392
214433
89568
219192
174848
222648
230583
209714
165111
172955
180399
232267
139222
157175
171292
208181
193775
215655
176982
219393
179768
171612
165551
159419
202470
187282
187843
140033
188054
191139
195768
179958
179427
225183
215846
183354
192632
181431
138550
187693
189095
174778
182913
219402
189707
179267
172745
149160
278994
186190
230493
205827
163417
190919
166553
200157
192592
249590
155132
161363
181681
221486
160952
173847
172564
131046
168947
193965
201769
209964
236014
155311
176482
174999
201328
138440
167976
171262
202771
174488
215585
223490
174738
198153
146556
143109
230563
163558
170882
136616
169719
184848
145113
246994
195167
207279
177524
192272
199384
200587
201559
223060
227278
108204
165491
212640
168336
185017
134332
219503
183986
131918
119394
167665
141977
185097
167245
180860
202901
276249
200567
126207
180118
222508
184977
141626
171031
213000
159640
210025
171252
230212
167996
176040
182704
100038
180440
165561
195007
178165
151946
201368
158258
177494
192602
190247
188895
227829
185648
170420
226706
165762
167345
203643
156684
179247
202762
204374
134824
201338
120346
193404
118663
159028
203392
183935
188244
136366
178495
153889
202330
192542
207891
163147
262694
118202
184787
141966
186480
161914
177264
158017
131618
208883
170400
194686
153398
169538
203443
186711
179177
164720
137929
193053
156705
182122
190658
186581
259268
173316
140304
185749
201579
188344
181131
171502
233589
208301
221106
198072
224422
183394
176822
194616
207079
189446
182012
262243
244430
217669
121709
213000
156945
172895
163317
156735
183875
144211
179297
174688
195097
189997
186601
172795
208983
188323
223741
122250
148910
190739
164419
210646
163808
174738
141626
110768
176832
199024
239360
165401
195707
155773
208752
229421
217719
145484
172083
149922
178366
167435
162205
191600
165330
222297
147026
199906
222398
184035
146987
130295
89448
177133
201970
201018
200097
169960
236685
143059
188535
177935
171041
173506
177413
228650
215575
215365
202000
158007
117510
140704
147226
182363
177053
162215
222639
206317
149982
175791
195588
165441
204214
181060
195448
157316
219292
228780
171212
164880
127068
235492
183235
176192
191821
226265
170511
194466
196520
237797
203773
178836
226635
130526
191821
103615
246704
189436
166342
89017
219092
152687
181281
194987
186721
141876
210726
160882
117981
129303
227467
212740
178265
192632
158718
178255
177774
167104
194295
214594
193533
178005
176672
106260
249789
152818
209504
162716
165761
241294
187142
191049
182974
176512
144641
240111
170420
189636
193944
171933
259147
200938
178826
166373
185909
197882
178746
189516
179106
201288
165340
200928
196609
189877
157516
182242
143489
166313
157766
215926
160792
209954
222428
167776
185850
193644
222158
174618
152777
194245
188234
188825
253185
218470
243187
172784
169910
142408
195878
216998
119645
144622
173767
181831
171493
182483
169328
199835
234200
176541
106680
187382
198663
218841
160872
225284
188163
181831
189256
205145
239810
216327
138149
195748
141075
213101
169348
178686
168867
209224
190418
202581
136506
179407
238879
175529
162686
331203
244309
180880
276970
232547
160061
194465
191660
213912
162045
179487
161714
161734
152567
218420
185379
172324
162796
155783
185409
195137
197462
265779
170811
197862
184456
181071
151615
164699
196369
207089
169860
208252
187943
227037
172704
182814
165601
169579
170941
336833
120647
202291
145484
152586
181712
170019
171603
220434
149922
198914
213973
199185
170400
200818
170922
216677
186671
220644
186962
187893
187021
207981
111590
208762
174368
183925
207921
161594
148108
196189
185279
141406
232897
165812
138550
158518
176371
167454
170030
186300
213281
197411
120056
190137
198493
255521
181661
193734
155142
178526
176602
210346
194325
165211
278433
172264
123011
214554
187843
198953
169078
160201
153699
186871
179567
212590
196339
138710
212990
196860
176682
171612
165962
202641
166282
210105
183465
181310
213271
156825
233389
106289
119986
111479
212740
196910
211487
186250
198484
154009
185578
141857
172764
182974
235673
178525
203362
147757
162075
172004
188745
169739
140034
171663
172714
203483
213051
195578
175961
170681
144251
234350
230774
164710
152597
205295
172945
169679
177033
228940
157566
192391
194927
220134
240342
176892
167515
207269
142988
210776
172905
142268
112922
171763
184476
226996
197111
160882
166252
168547
191720
230584
156514
149941
189997
162445
185208
221306
198663
190097
185588
191039
174138
203021
174668
175950
228600
180539
155392
164028
170541
180078
170130
183785
170550
158037
156654
192302
164569
251793
197522
181411
206248
144612
273344
207049
196539
173567
192021
140544
183565
180098
120075
203893
198323
145373
256863
154250
139973
133641
95760
188885
169859
163607
201700
203092
174958
186961
105839
247966
136757
168927
177564
150012
189416
189075
114305
212148
169879
152887
168226
168747
107472
174408
172354
192341
172083
147497
176732
176111
175710
167064
175159
184818
186902
235482
123271
172284
190899
166032
182854
139422
177314
143039
198814
199846
227858
159590
140063
114986
165852
116990
147477
162235
151605
161884
135936
175770
163347
236284
184306
173476
141766
191480
128571
186069
121508
142578
181782
121909
109165
195367
182623
194746
217458
187823
172384
122550
140835
192973
130385
224191
223390
186030
92273
160752
139312
298221
161613
215144
141275
195918
191409
130375
183275
172884
176281
228600
162275
267163
237156
208742
152987
200136
190498
165331
194155
173236
257173
155783
135474
159620
173927
183865
168457
185649
91061
177664
208562
207240
211888
130646
191460
189376
188635
274857
212961
144542
274926
147748
178355
208112
166152
161363
191851
188003
125586
218812
175309
217158
209123
171312
186811
188244
228420
174719
186561
243778
197301
207320
203452
123862
129814
134613
194376
228590
191289
129614
174659
169549
282561
158187
158107
153388
208021
188905
268274
202300
149871
187112
127169
175460
211156
208852
241414
177643
189566
99237
152196
179698
264487
188765
257464
142719
290827
209825
231826
121308
171112
125966
168407
206498
125095
195438
148449
222498
175981
198813
200157
144391
198513
171692
185238
209433
177373
194565
184897
177383
182633
161734
180279
210196
197061
166333
177203
183805
161734
135174
172274
184587
180259
201469
108464
147979
181932
125025
157005
192522
161163
186140
176321
173786
145223
147938
187101
184106
203643
169649
177764
155182
110317
169980
235963
189286
217208
123592
184016
190789
201078
177093
189817
178225
180459
187623
187443
185318
199645
172184
184346
168516
140053
186882
252143
174618
240912
203994
282962
174648
182543
207560
162405
195468
174368
181020
136326
172985
201088
228790
154210
166332
162215
199625
184446
167956
189416
179998
188504
186720
185759
148359
186561
222518
124323
193413
191951
174748
164379
270178
192542
167475
155592
262113
119234
171573
151534
143761
128321
179428
153188
186811
187382
186460
186060
189065
175390
225825
189677
187152
297709
153669
170801
157416
97864
179367
136857
170912
193133
185909
195327
230924
195889
89488
167384
216537
314451
195357
156243
164189
137449
185809
192521
199174
147588
230022
180740
157686
189757
196430
180780
183324
181090
159650
207500
222708
165861
110598
166563
174488
209564
116519
144451
207881
183495
199395
192262
177423
159921
180238
199425
259378
202380
157335
175429
161113
194977
211618
168416
193423
155001
230593
169899
147858
155051
225624
244329
192942
175770
191199
173125
150092
162605
193914
176462
182042
171813
158468
158859
171272
169539
157376
186240
179808
180248
170821
189957
182083
172724
184196
143781
166784
219703
169850
124724
162766
186010
243858
181200
192221
181902
204635
175470
164710
172995
171923
212019
242015
165872
146675
197542
114676
180008
140764
118202
161464
162085
196148
164188
168166
193563
255641
167585
171141
233549
191239
165240
141356
114365
197371
146115
185459
178075
230974
197661
136757
176060
150493
181441
193213
188394
208172
190928
175720
184938
194045
186490
181742
178786
122100
140785
193934
184587
202160
169719
154110
178606
168426
251523
177043
255901
181621
118402
168968
244169
181170
173075
171502
225494
105959
221025
187262
155122
264648
228129
202561
186190
159149
174478
183064
181311
170741
138771
170992
186050
176552
161664
177012
162165
158387
206198
161955
193584
150964
154901
176852
200617
212489
179197
185599
171413
208432
131597
174017
123983
193594
190298
182563
239931
155372
182743
188654
135124
182653
181341
148760
151755
151765
131677
201839
144702
167545
193293
169259
169569
139602
177654
190218
194736
217148
206728
150763
222438
191019
149722
165611
160521
200457
187633
171663
180089
182964
146846
102823
124324
207109
200998
162695
158337
190358
191430
204234
184266
230002
154661
160111
146706
208792
193534
223750
195978
189947
201359
183325
188685
206488
203181
133281
148800
189186
230132
196199
264507
110708
254769
123712
185408
167896
144612
190108
180579
149692
187452
185138
233149
169839
203533
233569
117290
165361
256663
251763
247506
158578
217670
138059
165751
162726
191840
192061
184587
174277
136066
224903
196530
271781
180178
205095
224421
121869
183084
128532
168557
136116
190959
216146
170761
224192
200978
200196
162726
195156
178395
220694
179697
191570
117410
159130
139182
149951
218059
175229
214253
136707
190819
176552
182603
200698
133861
188635
202450
198684
198523
113002
99998
179067
176812
155332
301838
202851
185629
177153
149851
202932
166763
171993
129774
177284
116529
155933
185219
161263
203853
227258
214203
183625
177474
193984
136055
176191
128772
217820
120356
167846
138130
176512
167875
180019
203392
156013
183905
154610
170129
151424
177604
207930
186520
185478
171683
153138
156304
152507
202911
257995
162606
181001
161093
189917
196440
127790
150473
203763
172775
184276
257915
169879
185258
220394
201258
213641
174487
169920
247886
147528
191911
130626
162856
198253
186650
173676
196759
207139
238077
155152
166012
149581
187522
164358
181782
133380
162114
155563
152566
156725
257694
209324
215856
150473
174719
190298
199224
172153
190809
205225
208952
241474
171142
200016
147487
158708
216356
142939
173145
155161
176802
171252
157777
197892
225474
177353
197121
176692
164590
178215
159900
184557
170611
108774
192572
191530
187473
123482
241735
209263
172314
156224
147587
188033
270959
176051
205736
197952
205707
181381
183014
164139
184146
224732
199165
212560
312056
204134
158127
123833
212600
223310
179788
194275
189185
186200
236464
187302
207590
175941
137769
203031
177414
155452
195718
165742
149962
204845
183244
128973
127289
225533
146796
194395
189977
139773
228470
107102
220113
187392
171843
167405
111139
163958
170130
136116
170420
182012
160382
216627
154170
202130
144000
176431
160031
151094
199405
193864
146946
184937
137148
127089
195708
167024
163707
187713
155252
173166
129784
218891
210816
133902
133261
124454
234610
133471
188134
194395
151605
207310
173717
178445
153498
165791
184897
162425
177583
175690
127920
167245
187622
192532
161984
199155
180860
224602
160111
172083
186541
131427
191740
146025
165641
154841
162546
170620
197842
195658
201088
187462
212810
275168
204234
176642
201779
188595
197130
193694
167194
206849
178886
209153
167324
153880
189937
187623
233469
220855
138701
165922
127830
188474
167765
145844
122300
101922
175119
186461
201890
147968
177403
198904
173516
210756
204114
180750
194345
169679
190448
197691
195016
250461
168426
162927
171742
164840
177874
181651
142358
167785
199556
179788
210566
141446
178425
176191
166283
119865
181892
228149
126217
190779
167515
178125
182833
161684
206388
185178
220475
154551
208902
171563
222598
166723
168908
121699
160752
198223
271710
156795
186511
181160
109516
225614
204194
191089
167354
201990
199004
130505
152387
181711
202651
207380
198944
261121
208111
178706
153609
183385
177634
197731
190649
198584
155132
193774
179637
172113
169348
189035
171081
185008
205155
212259
184156
186701
190208
176612
192863
173306
168306
259297
169548
207550
203592
191270
179878
170510
207430
169779
190188
188033
107442
132078
188094
173396
202580
189967
173897
194235
234741
194977
157817
166773
174518
183886
192502
156133
161754
186370
144622
177333
168446
206198
195507
217208
156784
164709
236394
250591
174999
179678
163527
171061
172625
161013
194896
169018
181621
161894
188634
137218
183334
187993
243106
185278
192081
209915
188404
185158
190167
186390
148549
170881
170761
161794
158448
179978
117380
178445
171713
194316
200597
177173
167455
185599
132449
185579
149311
164039
141817
138580
182002
239030
182964
148820
247455
154430
188454
166002
185759
180349
159840
143990
174077
117952
127229
169529
91261
165541
190047
176021
184266
167976
195277
174899
154700
118873
173306
132739
179838
176301
197501
188895
180309
171142
170180
179878
132279
160582
159430
117160
165882
179487
185389
182723
176823
163147
176762
153949
231746
176773
164429
212509
139402
159149
163718
172986
179748
193483
138921
163778
190498
172545
202300
189456
187743
160231
198283
180349
160201
250861
217639
146505
164369
111209
190769
219693
161283
130335
188394
150192
183675
235713
177303
186471
171643
113463
159640
163627
113894
122631
87745
158708
205467
174258
190709
93747
176231
224753
227548
196409
166753
131608
237276
251883
262123
146746
206899
148008
201478
106941
181421
174257
129514
161564
243498
224422
190748
231244
236625
186370
172694
226676
190348
222448
188564
188233
174568
177003
198202
121929
200156
193904
215014
196318
167965
134292
258817
180078
185809
178786
246714
186440
113463
166573
250681
152527
173416
146405
212198
194986
167846
174778
120917
165411
156124
165932
184227
133440
189536
200076
190177
162946
166924
142047
204975
153188
140494
214583
224893
174007
167365
202531
176321
179197
188915
203753
154481
168487
116139
107292
183675
181972
181531
144272
236054
170851
129123
217199
118623
196840
177985
203202
143530
132169
168446
162406
166523
192302
179067
169138
166162
153739
182743
181251
246643
215125
145884
147557
147668
163888
148649
231785
190759
147106
220003
205085
256823
175891
163908
122490
236464
131798
178846
158357
175870
169178
179568
202610
173336
173947
203613
176492
189917
196209
217479
142418
150263
220555
183505
180108
159119
153348
166893
222659
175560
179507
225805
144952
227818
175279
146846
155863
201830
169258
175711
143079
167805
182303
163738
178686
242395
176933
125336
204695
238188
197531
222438
200537
174949
120096
175720
141626
249719
180729
186541
183595
137288
166503
196009
121859
187012
143790
160461
186471
180199
181982
168557
188655
189527
192803
196810
168547
158438
185799
189155
159009
161754
185299
179237
186961
193614
175710
178676
187933
162695
155292
212409
209915
157136
143600
122601
196640
197781
204194
146385
191891
182553
155573
149792
169248
228439
186320
136316
178115
173937
196379
169609
177794
178396
198503
202721
182132
137158
197080
191680
150122
176262
140354
193344
171823
170941
128732
175420
200106
206899
161874
135645
224251
169268
243668
161373
156654
220774
177424
134402
144641
176191
167575
165521
193143
182824
160432
239340
204094
274316
218581
169819
145333
137579
164590
168056
161263
171592
194195
158227
197541
194596
229371
146195
185739
155703
149761
153319
166333
193253
136977
121568
127740
165692
216617
158588
224311
156745
166483
187833
170621
135846
163067
183465
170581
163447
162926
138300
148629
208051
163938
108413
181191
187903
133541
155733
178285
153459
117571
163377
162756
185218
218220
221286
149952
128001
151064
158358
168868
124744
162035
179878
158368
114795
166603
168276
153399
178746
163266
149491
171983
198784
211487
160592
163217
135715
190528
143099
180249
182924
173036
205606
2026429
121678
156855
162234
201960
289955
198944
164479
165481
197180
190598
162926
134533
143200
132790
179728
156013
181070
165231
111399
153108
193083
155543
204875
95549
149331
166994
103555
166152
176773
112682
140975
175369
160742
175730
169879
135284
213501
143921
214743
153268
155111
161523
197942
198523
195698
172534
178997
158458
118703
190077
194586
183725
189356
179488
172504
172634
144181
157787
132178
217429
166313
137329
136527
200196
178205
168316
172865
196259
145283
187141
127860
225684
160742
236734
166042
182624
153508
238788
188174
190378
112241
246273
154350
180569
109886
165231
169629
236445
191881
140213
97724
260469
104887
96170
169429
163327
184006
110859
150894
110317
193664
169198
123462
187953
170450
189836
193253
201589
208943
159610
138019
128030
162015
181892
210225
232227
123533
183785
193464
224261
121268
181170
123863
137148
104286
243057
165862
163948
106951
180429
181861
151344
212489
138781
162245
109495
192111
187202
115788
196229
172514
206848
216577
143991
117240
198854
155342
217358
156043
132910
136206
167736
167826
108905
184657
136858
195868
122259
141856
177043
130585
185840
229301
119775
166553
146275
144912
165290
143329
155382
214994
195738
109276
134923
131227
99357
126658
100318
115267
126198
196900
182874
99347
101410
186240
203393
230503
144001
114596
192312
199745
205486
156444
132399
107833
167274
121869
122471
137177
185890
131417
166934
157507
164639
141717
147868
176932
159760
172454
163688
138460
94838
176261
190658
169689
98675
159400
201959
167515
145424
174407
183325
223680
211007
158608
152366
167816
157356
176131
208001
130996
134422
149310
128933
187662
106680
189586
144352
145524
227547
79740
157045
182603
164720
209043
157035
142638
224252
130335
159410
163458
157566
154460
124635
147206
188184
128502
86994
141576
165621
125185
227477
212109
116108
207500
174307
162866
160101
132990
148329
214043
137639
166843
172634
113002
136817
118603
110729
167494
155603
158067
103314
228360
180520
156043
156915
140665
161774
151765
171593
167665
151354
172213
139252
176372
149190
112171
142698
125987
192021
148299
118252
111660
160792
78828
134523
237226
177594
124063
189546
190879
142408
224743
147607
111480
224492
207309
191830
159740
157406
195628
167795
200076
150994
179096
157085
169418
157426
192161
150974
150493
119585
181471
147487
130686
187312
196710
139302
170240
117371
134703
147537
175470
136446
197110
130035
149812
116058
167004
222458
130815
158197
180108
178064
147157
124604
142348
177042
126849
181791
161293
145804
167205
144813
153949
160792
144652
149531
154751
157316
143881
141195
147878
181121
169538
160342
105568
122710
125386
167755
170270
158928
114616
121078
176913
165972
167234
150432
126789
190588
168597
194265
148309
112672
181221
146926
164960
179567
164098
173516
138500
160411
182683
176061
140764
163427
179217
143330
159881
225433
146476
172625
113313
199404
142728
144672
154751
181942
177634
166553
87875
162706
144211
151455
175670
148629
198754
124043
205066
149080
153178
141365
243507
151816
170862
170060
128201
146826
161524
107342
135204
159590
148088
146886
201259
141887
152978
152066
152126
165181
150864
219663
151675
158268
126538
97774
155112
159600
151625
142708
163307
177664
126818
164289
161703
140293
114726
160682
180690
183174
155312
160411
177413
220685
145764
129323
172645
121007
149622
165411
185398
154721
161584
142768
136857
176672
150082
160242
162445
151584
165621
186210
162576
203422
99336
104687
144351
161664
118833
172945
151124
159089
167665
152958
171523
99998
146545
107271
128081
116379
167775
166673
141736
184808
175490
120477
200376
176522
141095
192752
167825
130645
187373
155292
175119
151806
160491
155923
192722
210425
182182
186049
160061
107532
177554
112992
126478
172174
146305
143260
176652
185499
194074
183675
142628
144722
132609
198323
147317
176051
150794
178305
148660
191700
157486
145464
133591
158798
161744
82745
114375
156254
115928
150503
137158
146565
241534
198342
172054
160572
104175
200447
181461
140725
161564
139953
148028
151585
126828
153960
136858
139783
155683
112291
136226
170019
161814
129684
223039
111019
108634
173546
178926
150693
133541
112842
209123
151114
132188
195547
158257
193374
97804
214112
158278
124825
128561
134373
134333
152186
163447
179708
164179
191089
98846
156734
155613
199785
106861
141255
141656
162946
144803
167735
144983
162395
151214
165121
160090
151856
137117
186921
140644
154170
127118
180028
157726
138370
220173
160853
150133
129343
169348
145433
151986
164719
159230
152206
148089
156884
169168
149961
149301
99998
127930
172243
149531
164740
131047
171683
147437
161413
147197
181381
123001
218320
148529
155482
97694
124344
140304
167906
135795
206197
138721
83096
89438
118533
111239
167615
132920
115306
160371
162565
167064
145002
190889
140555
165401
147478
166674
125346
176852
157887
181131
201899
130566
155903
97052
138230
130074
144191
233709
170350
167135
130165
135816
208903
189507
92534
169749
181090
154881
137558
184878
220946
118102
177133
148188
149872
169118
138320
159450
149962
126257
142518
140744
185950
190207
165822
137409
164118
159881
142918
152136
169478
210746
166613
154621
188574
148409
196028
143350
168496
168768
135545
150263
168687
148359
95840
158378
178114
148529
172044
172204
186831
133601
171092
151725
151574
130325
156885
149491
128522
128872
178275
119144
168026
145533
132579
186891
147628
91712
153468
167024
133481
176562
162565
147017
218250
202620
119425
169368
151034
179557
139603
231445
152296
179848
94297
188033
159731
150533
183144
130756
159630
165762
217880
155112
136437
166453
159019
156083
115006
230433
173877
142467
148950
148780
113994
166343
178275
194986
111490
138841
186170
177924
136246
156684
178706
103044
187452
176362
92504
162135
180950
210225
157506
153910
182283
135645
204164
155171
156464
173606
152687
148770
172364
150884
156955
216056
133501
179137
92734
138390
204725
115337
165060
245261
274816
144912
208432
152146
131136
172274
141927
150614
161393
185850
169809
170140
145354
173416
163137
157115
174177
158397
232036
132890
161774
153148
146175
163167
170059
157997
212469
168166
158718
132369
163337
163568
141345
167114
157486
152566
162155
169078
239009
159440
171302
157025
165611
217799
170901
169709
233549
153077
159380
113924
160211
157506
168337
168637
124304
114986
117741
176892
123472
167585
194706
154710
227197
167504
152767
126719
152276
145603
199685
147367
167625
208732
171973
170430
159339
237236
159941
198253
174839
198212
115838
149221
160201
112742
207721
175420
167906
99066
167184
167845
180099
172514
140855
171943
123893
135815
213321
185058
198032
180860
168136
132930
113764
128672
178626
180639
175069
168326
173165
167505
149541
174558
143650
157967
186871
153729
150623
155372
111820
169578
150693
165581
177163
230864
186721
108864
204564
153168
165622
167906
141136
199145
149060
164820
122099
162846
145444
170811
198363
111881
180870
176402
161473
176511
155372
151815
189216
165901
177073
162305
162175
154350
163327
173035
152346
222388
146575
217990
149461
162435
155352
176432
169689
130555
168286
165361
171182
108444
202471
147878
283112
172244
165250
160932
132338
147878
175099
171141
113914
151655
146606
232808
125105
163798
124484
132950
156554
157356
76704
253837
158598
187122
200016
154300
151826
198223
137118
163357
166433
147758
140574
165481
214774
195617
177324
199375
117971
208912
194085
133732
95790
173796
177073
176071
133651
172194
178656
151525
117470
183756
103795
119004
111329
195677
148579
128161
146285
204174
137980
124614
196198
140925
161403
148359
144040
157366
184908
200176
150423
162896
110848
175721
168657
154510
147337
157987
169589
214703
181190
155933
134052
152366
174869
132118
158728
125927
95750
127910
141526
177093
96321
152216
151404
146656
176912
126468
165691
165200
163999
159710
154680
97353
191650
167434
138130
112171
175801
155973
155092
171212
139752
138150
177404
146255
158228
166292
162245
122741
174278
117651
97233
135996
154651
164419
124874
114415
146996
216347
113293
116680
144471
159049
155762
139352
178695
154440
166813
187332
126658
133271
141486
165852
188324
150523
130014
148198
152507
154861
152968
208732
172524
174588
172384
157105
167304
213632
214784
158157
160722
111230
127229
152978
211217
188123
149962
213110
134503
166933
120928
159089
147818
182934
179677
158198
202791
140835
165190
228289
144091
208942
171652
128041
154129
160091
190799
151595
193113
151965
171162
177845
151705
176882
155833
143340
143991
173897
137829
160451
151785
177163
131918
138801
163838
156654
147056
145564
94238
151965
180980
155242
166943
139452
147577
164399
170291
200457
114014
171272
198694
177414
180168
146315
169348
145704
168136
103785
211708
172124
110878
128943
174908
195167
211377
198383
185910
168627
142929
138600
192942
190428
104256
175720
153719
166052
131737
171703
201108
150673
111991
148619
190328
101681
163247
166613
157746
163677
164149
203552
150673
173797
102994
156595
147377
169288
154681
178956
170801
207510
162636
129814
147637
125736
150954
213021
162044
155712
194045
122390
158438
189917
150262
146686
228029
147107
152627
157827
182613
162846
162666
164920
117641
160912
172765
186951
144301
189116
133231
154350
163898
234120
192933
175369
141035
129854
164118
151595
152897
225614
145693
178476
223129
93095
167245
184206
219212
196349
134944
107823
114545
182223
164710
175941
167895
231656
151044
179668
141967
111680
135715
114785
141025
140824
174718
176412
135725
189937
126929
188174
183034
153579
120527
139662
157486
161223
115697
148239
118683
180749
213381
187753
105678
153799
144902
170591
148579
118964
161995
211086
171192
132599
191480
157817
144562
139823
166764
186691
120456
199105
149842
143069
95340
193103
173216
209093
136587
163478
137669
143419
148930
157556
216117
156554
132589
145133
151865
194526
166062
108374
127750
157947
135424
151995
160021
145874
183565
166142
142318
180610
137699
197080
109336
150373
135254
166052
144381
122049
163187
197010
159901
157205
158097
146365
214684
173276
103143
135956
142668
168677
192041
195438
161704
179046
162165
144131
128191
135785
171863
153158
142658
165781
194385
143490
162365
98315
141226
185989
146475
195287
162115
190428
134522
189897
132819
151024
164028
163327
169358
176602
149030
144662
190027
152727
193704
141996
178155
124614
134192
140844
149942
143510
150874
105819
96141
97513
178696
144511
146064
178936
171412
152036
169920
126187
161264
134473
235713
189927
178034
137588
151134
151034
132199
151645
149080
131016
139061
170661
164068
129203
198804
184477
149360
135224
136897
114885
183174
198663
161914
219522
160862
170561
139833
172263
146566
162485
148659
145764
171121
93786
168738
137718
130305
142107
186030
174308
121358
147247
134212
183805
92744
152387
134653
141286
200106
145684
93165
142898
173095
96772
165742
172434
127980
147547
175149
148008
167746
201359
152758
152537
169228
155342
146705
143800
149311
148369
157676
141866
116579
152476
164809
160502
185008
149200
142258
122771
160773
109777
150853
104456
109766
137118
152998
194876
146986
124194
172274
135324
183124
139312
138721
165732
112291
195988
171142
134953
193163
183545
146515
165050
153218
178716
147999
127640
148269
192502
180700
152106
204524
164178
194375
178375
151635
197862
153819
154851
126167
151215
129192
174228
148178
139572
169689
175981
177263
162916
102523
147838
155733
108443
143861
120887
163638
271621
152076
224923
151174
165351
123652
192622
119204
180810
150873
196229
178275
109776
133832
166253
139963
140955
182473
139402
182022
136947
184016
165601
155682
178035
204805
141676
162526
175740
144251
129754
146806
166903
139783
148148
136546
145974
175540
129894
135235
150463
127690
171032
138560
155001
182423
86513
218260
166443
133901
133430
177784
169518
181761
159820
180439
131287
157977
230192
144121
177253
160551
142989
187823
115818
153188
190247
134684
67968
213020
147758
178084
71925
176272
118253
180510
160842
241173
110487
169509
127409
119885
202070
238228
138160
175991
155543
144222
161593
154681
162235
117291
154200
110788
120526
162505
125436
173285
117761
144602
138941
184136
80671
180539
170321
109135
163187
124704
133411
172564
203502
120437
138471
115667
166793
110037
174237
178696
116119
180489
175319
70723
152988
146205
154991
166754
162606
141556
153599
143009
122400
135725
173706
143400
196729
111350
140514
154911
193584
133040
159560
111489
145243
189236
103975
82715
161373
165291
107111
210566
170561
116669
153869
164690
166614
148679
141967
137228
140354
131127
135615
157156
136045
149140
144171
132930
179317
131147
153528
182573
151936
200507
187722
147577
171001
183535
186822
105238
168186
143981
179908
175660
143680
222438
145374
211388
144171
187552
159099
171903
97814
162035
163918
159179
163607
128211
156424
140775
146726
153128
121659
159420
134914
151585
192482
147718
112281
159620
136066
161534
159950
139352
137899
121428
142528
193524
118502
161263
126007
152216
120726
155572
201288
140213
69962
165722
169739
171913
138250
163758
141456
216628
198653
150352
158147
198974
153959
153228
147096
136507
199795
175239
172304
110617
156875
209393
133651
156985
149822
176912
160181
159520
177233
161954
197031
122991
150293
136667
223510
166403
174377
146846
125055
227408
158107
101892
113473
138620
107021
212269
168877
143680
153468
230513
154851
149871
100859
149521
103414
159911
170872
120306
163888
89738
180529
173897
185238
168296
151044
158338
169839
133421
117280
220534
164048
163888
169939
152967
159560
136677
108815
132690
182203
161723
109044
172735
152657
164730
137248
162295
154159
157215
179437
159440
112221
172885
169649
157827
174478
147457
131237
215875
136697
83938
188194
215294
231866
153419
144341
158798
154630
140104
171462
150153
164689
158999
176352
123532
152156
132709
159099
176943
153008
148048
130876
183264
195097
153860
193604
135845
169298
159640
141516
105759
173817
208271
183184
118563
169779
165611
181952
182323
139272
122160
142057
156925
144813
179638
134312
152407
146456
167134
142197
173807
154731
184526
115857
153368
167144
138721
138711
209985
188254
138681
123001
105008
117460
131277
116749
139191
159489
145303
238127
146134
168767
176041
192452
87094
158749
122591
164469
147317
142297
224752
142638
146295
170751
114425
132109
164830
139302
94067
203282
147076
158568
119725
140815
154180
171282
241163
156865
137528
164850
175349
135675
154611
153268
171563
125646
138300
179728
134302
137899
120677
112151
180970
155663
158267
167976
170451
165371
119244
161975
141526
133671
134583
132940
131006
145554
111790
112221
119013
178665
152857
141666
164500
206458
174037
118563
143360
154700
165411
151475
134703
160452
151064
182253
102934
156203
147237
145303
101410
145464
154491
183956
135144
157306
209434
139913
153498
169158
170621
149892
166933
153789
142879
173907
134543
141977
152196
178966
232998
155242
145454
147347
142588
144502
161083
183044
161644
174248
186040
142669
146225
164920
201559
175008
158909
190207
174708
118483
151225
182072
187552
138510
158007
153038
142929
108895
160522
161584
165942
163327
161353
159850
184156
153268
137889
169138
94758
144341
145413
154680
100779
120707
205836
198343
191870
152416
148860
86202
200096
160952
138731
136216
235743
164238
131457
145072
152857
138921
159750
146275
162977
145233
154881
161654
157016
134382
148479
125986
163487
159189
147678
144692
139062
174187
174107
149892
214023
199265
140995
173055
144181
172915
181160
129774
157406
142728
113023
151364
151124
175840
170371
164990
124574
137649
146225
185960
154070
152957
168407
136707
142247
133601
140985
154431
179778
208703
154671
189055
150152
168507
160802
162696
130004
158829
144592
164209
124444
165531
155432
115066
165361
135414
192071
155693
115206
116088
91202
101771
152506
137989
156033
117550
147617
149290
125316
97994
158548
156524
99897
111831
126679
150934
112611
158859
214634
105769
134423
141045
184456
127559
151876
163617
153839
181541
152056
73638
131707
142337
141747
173276
168046
145333
130144
182984
159620
121678
138069
132569
121127
119645
155964
144000
140945
182903
134072
131928
154811
150051
122049
158458
135454
124504
156484
155603
204755
103505
136366
127911
115998
108103
129042
155853
123122
168296
139061
160081
150974
114345
164770
128942
163037
142518
145724
162366
125075
107442
153699
154460
79950
173306
157646
93145
181491
135344
127640
131677
136707
147637
173316
115638
130606
163357
136697
119405
176612
121198
162836
169759
127510
164990
166112
168898
127079
137668
112722
176622
165351
136957
148068
167505
145063
117301
216577
146586
154250
169919
119234
174919
156705
138751
145323
121168
127209
164218
147417
141746
192983
222408
136647
127409
148729
126518
111460
188143
114665
135946
165471
195928
142127
147297
173916
143349
132820
185909
176572
136677
210205
134673
199505
225655
171933
141275
201048
171252
162836
176642
155442
161113
108093
190137
166142
157837
172394
169659
161333
159099
120026
183766
143680
110147
169499
142948
165191
156203
127841
138059
177373
137127
175520
99647
117761
154169
166193
199184
163708
164599
122611
196680
159761
147938
179167
156253
153549
147357
181601
134152
164980
132259
159941
139613
136266
176442
156605
180319
149972
179166
164699
143479
142448
189496
134743
180840
135795
156434
213802
168247
127960
141706
178406
90641
142046
153389
136847
151695
119875
170029
155432
102653
161133
145113
133080
176962
121789
128511
146566
145764
106710
177914
130335
158307
147156
188244
138299
153549
197962
134713
137148
103846
173205
202109
168196
154891
154461
134833
192401
129704
116810
147337
171493
117441
174608
145092
152466
137479
180749
92484
157577
155562
195287
148529
183706
105608
139041
122471
161573
169429
165441
134102
118022
165121
212820
141886
143750
138961
162395
151926
188304
96832
127310
131908
147107
169920
158438
153338
202380
107953
186270
180149
131267
117681
160772
125667
187122
151685
162064
136246
145343
165040
153970
125967
129133
149832
178084
181962
125216
131737
139973
134593
151755
184446
123132
169649
137910
194586
80061
92574
82014
99938
82204
137548
84509
90250
96862
95239
98375
96832
102843
88396
88146
85400
91962
108143
92864
91582
89358
111119
109065
83517
89939
114746
95460
87435
84298
85070
95128
94908
90821
89257
95560
84218
89177
81363
122220
103214
89789
115427
102723
107141
101010
103644
93346
112702
86583
73569
85921
83977
97704
106711
105889
87645
84850
92323
101060
96582
104526
107773
88617
87465
116038
93656
97954
87364
93686
90780
79380
82385
80943
96401
90670
106470
84909
99327
94428
88426
91762
85832
84779
91742
90590
85049
105308
93476
89137
112161
97523
80121
97523
108123
86022
87525
127841
86843
88116
89718
113373
125857
89728
85210
167725
105518
85110
104586
90430
105859
96281
86602
106360
79069
84098
107412
81624
86873
86362
101250
98214
93816
90571
84368
84179
100679
92304
88887
84388
87224
97263
110858
94377
97894
71415
87535
94147
87124
90370
91803
89989
109195
90390
98014
87995
113313
90160
66966
70012
94066
89909
85009
87013
91552
124133
88867
85731
98064
83778
85420
102793
103685
92785
103545
96671
83216
89067
90830
103504
74981
87525
91702
124604
91813
64211
89358
105658
86702
101261
94648
102422
85000
86352
145814
84459
96671
108524
92944
110578
82184
105318
118532
96412
102242
105098
103084
84589
98225
86362
85120
92754
98124
86222
85521
98896
102983
108283
86803
88366
87184
101261
89107
84549
114675
95830
100709
98035
83057
84278
89679
92474
96992
71484
90821
97844
50365
144762
86753
87575
135404
137428
96021
97363
95599
90330
95189
88547
109256
68128
82915
70783
87675
98155
75411
126698
