152938
127200
183806
214254
186080
196180
176773
168517
199586
185129
168357
166474
174439
256583
147378
123793
163308
168217
183045
150934
154892
150564
181782
101842
172856
168397
214234
140635
230965
140184
172375
101592
169800
189147
197772
146506
228621
130676
116369
187143
148019
166444
96692
158800
140024
182584
224684
174439
152207
118623
131308
385376
129033
302570
181592
129143
220906
126869
137780
208814
175551
151095
249671
205207
196070
173988
199987
206459
179158
164370
167175
182393
191240
221708
154762
259399
168598
230134
164079
173968
192903
192773
190860
210727
188445
197702
194938
233650
199547
187202
190840
159491
149883
154842
121960
177345
179729
217009
203403
135215
205647
182153
178447
112171
206669
171063
194226
125026
189627
233961
188536
139223
243518
126789
191721
187444
107333
172645
165031
190749
203764
272914
92584
217209
184367
153680
161775
172785
226827
260561
198063
143129
155693
208262
198854
140534
153930
229082
173026
181122
231095
188125
137689
153038
283143
279387
114095
176974
194867
162667
125006
239050
172305
237378
189197
140485
238790
209966
184177
287632
163478
186812
153479
128121
246835
229152
247927
252135
216227
195378
166473
199316
118673
190619
143951
124014
138161
166053
205998
204004
191561
210526
131998
185259
214905
206339
187102
194536
176132
174919
177284
167475
179748
183957
274928
152848
178877
189467
85862
177815
182945
191491
193785
186762
193385
208302
210346
174158
203874
165973
179799
230364
171904
185049
202762
267594
261152
195238
185600
180139
196610
190309
221086
236466
198154
179589
146496
163177
147358
218642
138320
230714
196510
154622
228040
196600
146285
154150
161444
175872
209545
167485
159741
190699
271041
193525
180340
202642
109316
192312
252847
153960
166473
168728
182725
180139
108234
181111
207360
220917
290608
205317
188174
178716
185590
196741
159040
114896
186752
146666
178486
183025
187885
158037
152918
221397
148129
163037
176292
119605
188876
197863
180320
190179
241014
133521
175009
136277
163598
182584
198775
191391
250432
128682
251584
148260
200158
180120
183335
159771
183115
157046
135406
185480
217339
166444
137069
173277
131648
184287
188064
167756
159260
139904
137068
183856
191401
192633
193044
142589
166344
193555
89699
132409
110127
185229
172976
197652
223792
151145
128312
164701
242858
140605
163748
171293
222469
184849
197633
164460
209875
126228
141757
183386
164109
167796
273065
207451
145925
184017
160643
188054
179970
202612
135836
207842
183616
135836
137459
159400
121068
151105
118513
176172
200788
190409
202441
161534
216969
185599
197221
175861
199426
166965
173768
180410
181963
176372
161394
195117
209785
190138
202371
175992
191922
208112
194316
259389
190098
177835
163959
164370
186942
159962
123543
254911
149321
120507
184077
151215
180621
227218
174278
184718
152778
175221
184959
177405
185380
188846
121869
255231
240483
191140
202221
191441
200798
188045
220326
176713
166974
214384
190840
227348
135686
225425
172866
197492
183446
195318
168979
172715
178507
149171
189888
164140
117702
174479
137970
205037
193595
214003
174630
165181
185780
201279
212761
209885
172074
182915
181522
211799
234902
212871
172054
172355
184678
178146
156394
173487
189727
170802
287141
178927
250302
180821
183265
158228
204485
177234
164881
161454
203263
152598
176994
171934
203363
193244
144613
201550
119204
157066
185018
197632
205838
177514
175931
201429
202492
223511
205026
160453
206249
123252
178897
158018
156755
174409
90821
212009
209745
189337
207491
169319
180861
182424
180580
186953
181582
192503
180209
200588
182173
160713
142809
171253
185019
193795
198995
174649
189567
208112
170381
187103
182514
270019
165803
211027
260792
210446
181743
183716
178576
185229
166063
196911
190749
182755
185550
185139
155924
254400
195789
145194
207130
183916
161675
134333
270129
194626
319072
193935
179819
194457
156625
177535
179629
175571
250693
175791
156545
193244
181883
193826
137279
201480
305345
99697
84810
148971
145975
207070
149592
171483
245473
197152
200047
164490
121870
174559
179328
209545
178627
193946
167285
171182
199375
189047
183415
181291
178516
168086
169950
136888
252556
197292
206058
164340
184928
168868
149802
122661
175922
248598
168998
175140
182494
183606
196060
182864
216488
164400
179990
162456
147287
181983
177635
146416
184468
180300
169289
191811
205117
239100
141797
163558
170962
208312
193435
195018
199556
160001
204977
170772
260381
239402
202091
186221
214143
191310
150474
166384
182484
153430
205377
208112
187854
152948
154030
201250
160623
239371
206199
188996
129585
161715
233019
232087
237267
234492
187574
162656
167445
193644
180240
255902
173777
202421
180089
202111
188035
161284
196681
178877
188155
216378
230004
229763
172485
218251
174609
228210
165292
164860
204305
160532
212370
186121
203915
203343
128432
224543
155824
168738
177314
194797
134514
179689
195338
153219
125897
218762
206950
190038
170571
340201
199957
193715
205497
170872
296458
114776
162236
136447
174559
212180
220496
203493
187343
180420
192162
168247
286921
145344
238269
195589
140956
219584
192032
175791
141877
193024
189978
217089
165021
178937
262094
169850
161074
169039
186382
192543
89439
150704
161644
122341
109967
180911
178026
182063
198053
181833
181292
288614
217870
145044
144092
223761
194847
174278
212150
142719
234232
178476
224733
181562
142117
156054
259509
142989
172175
140826
142268
170622
136087
118643
132570
163659
171804
168768
187463
157436
135856
169570
168688
175220
143841
206620
164510
86362
120337
182334
153248
164990
182343
188255
136207
172435
114266
223862
173507
118574
135315
176202
225846
141256
172424
187413
152207
164350
197502
137660
158328
172425
152527
173387
179268
174880
109747
180230
176612
121429
143129
192823
186241
160713
149181
170381
139312
168859
202902
119876
162075
200547
179649
219273
146847
174930
185900
206069
154722
215777
174208
152197
180871
184879
159240
246996
181693
197011
210887
238058
173527
157306
205557
179468
204986
184407
174629
215286
101882
184989
160803
178767
153559
182444
151746
198594
192122
193374
190038
169861
253037
183205
202392
188114
249941
161023
188946
180591
191120
191121
162145
123322
192243
201550
197122
194246
225555
173507
225414
200578
202221
245713
191701
160723
155363
186050
194897
171183
177625
123472
208803
163328
191541
136517
256403
152428
145114
155343
191631
183005
171633
201870
149021
151645
172254
186321
191291
170962
224763
236596
234151
165502
222900
240122
227940
185720
167456
178387
151375
162436
175410
196621
155012
222329
188365
168868
244611
163568
219163
168968
165582
203524
163549
230374
148520
154632
201550
215145
254109
128983
251544
112472
215526
183045
169589
199947
211418
198324
169168
161664
136818
258898
165412
212680
195198
183235
175431
168287
194406
136397
177304
159170
210888
223471
215245
179939
240283
169740
181092
187674
183065
187002
177014
217279
137298
141927
174999
138481
149201
199225
195649
184778
137790
163238
161484
246825
149071
183957
191521
147468
191211
173046
166754
140024
170401
182664
179158
155714
184036
203173
267805
178657
130737
191040
183466
211378
188846
168157
188866
192743
236366
151386
171654
180270
191521
156956
209605
221588
149582
178256
172925
160683
186522
198785
180881
200198
187894
193765
190940
171423
190258
172015
189628
123352
185580
231286
159260
176483
191792
164991
203183
173347
183766
111570
142389
130096
144413
187804
158308
189567
176933
99197
191101
125557
190419
154441
189687
193224
182894
132129
188075
192352
189808
188455
159170
180711
176432
175161
205177
224864
196390
209525
248889
170381
215506
159991
235213
156615
126278
142077
173297
124414
198223
168488
200167
168988
188405
170822
155583
177995
155123
157166
166685
162256
166834
184548
197322
268326
178426
188696
187503
179178
178877
162446
183265
185730
198394
206098
177675
177254
174839
172866
167886
228410
150193
172796
157938
177304
143160
151396
187072
160613
158228
201560
172034
191571
180190
205006
185350
185280
160352
171123
155653
184678
203825
167025
191962
129194
173998
166564
156626
152417
182444
163357
159170
161324
210717
165912
176512
115898
162216
182655
133051
193254
177925
131167
298823
241756
178948
166243
165983
184177
185059
158719
167936
160422
170562
144613
181231
142428
171343
114265
192432
123904
231507
166954
163088
135686
192212
179558
188445
173537
209725
188425
170842
129344
106461
187994
120838
171623
210647
187864
172485
169719
128251
180841
183556
151596
172706
147638
165282
200127
180330
164370
122952
150484
180270
119335
160332
172945
132119
168718
132510
184467
195258
119586
179087
200277
173687
185430
180861
203353
167536
152949
181261
126127
191571
186992
161485
175621
174128
151265
158008
172525
156515
128231
201530
175400
156925
161083
155013
161064
224644
203223
182283
156415
220926
166263
185369
114556
147107
118804
176283
168618
153780
164169
150544
188255
172245
179248
180220
164150
159250
132189
156294
225935
160953
178045
180050
130887
169319
194346
174839
100830
177675
168468
164560
165572
179017
174760
174269
193374
175661
134383
183245
177434
177475
166664
171673
272012
183025
242717
171202
261704
148199
160032
160793
154702
169920
174209
167976
161404
158308
215827
120558
147338
158779
153810
146426
157016
161565
180760
161284
183797
180771
174809
164340
176363
171884
201189
180700
243198
229172
187243
220255
159621
174819
255802
152858
222279
168869
163839
170221
146356
192964
181533
197783
118292
161915
140895
184447
182314
171844
179288
173186
153619
157567
180580
177284
167215
126458
178176
199216
161835
181421
179738
187543
213051
174308
176894
179068
147027
163357
141697
183345
174369
187012
172645
167936
211308
211428
197513
110348
138161
183747
188395
228932
180881
152337
199386
156175
155332
178095
151405
172385
87425
179548
229202
169259
169600
188616
176122
133121
190219
153750
176814
169750
189778
167025
186441
155913
158609
190459
187644
147828
177154
109727
163858
130666
185860
189156
170942
192794
143090
180270
168979
148920
192332
147728
230905
251624
178135
162807
212330
134474
160933
173327
199876
167626
137199
243359
185870
156415
201079
160372
134674
269258
217450
171744
132008
166844
218462
193624
146356
122822
171463
135556
161113
177164
159551
127461
112783
125397
174438
83267
196049
188615
182744
173277
146205
162176
178536
190719
153920
167736
154572
108765
175341
134594
168477
184448
169069
170060
167125
146847
165722
162737
149632
192743
190809
170612
236616
172225
115468
153109
193584
143690
213342
122481
161444
185910
170782
158088
211809
185099
167636
190519
171312
229984
174980
162186
165501
187553
180870
128332
243218
210056
176282
171152
253958
196411
169158
167226
222930
158739
153599
176232
181982
173317
171784
201921
188575
167416
192393
150583
183356
96231
133302
137128
134945
134353
183245
141857
144322
149502
167356
179268
196019
197753
228020
194777
123172
194156
214885
226698
202682
198504
174649
184187
117572
218191
182234
194026
175290
157437
171232
186561
108745
107252
154130
177815
293042
233470
193505
169099
132640
141727
160012
177685
178316
184217
191852
141026
178176
187774
185229
198344
147057
212490
161354
204666
169740
171042
168878
147218
154581
189226
201139
173117
249981
122030
169149
170822
142598
197231
205407
176573
194857
160523
170412
175641
183997
161394
198674
186411
188545
173558
233830
180310
168518
188436
178997
183446
186381
193685
223361
181772
196611
163067
192233
194447
169519
185971
241384
174429
152146
181231
226557
175551
250221
200077
228741
244822
186842
196600
187914
150554
214634
152377
158088
195930
198273
252676
189377
171102
190348
171213
238329
269078
164931
195118
206509
127841
169069
181743
227529
171974
174078
139724
198885
149952
149582
176503
175802
224153
211438
173708
219143
183837
161895
226226
203594
188615
163719
167756
175150
183005
172796
179188
191370
143811
219353
183486
122471
154871
141477
195559
136167
147218
179579
180831
183726
163117
175620
221407
315605
197221
169690
204105
154751
177475
260010
166374
148149
171734
165211
152638
131949
163749
184057
174038
195328
153780
149592
157637
175881
180149
196129
173407
90781
180971
146626
189437
196350
175911
124825
186031
141156
149361
179889
161615
237408
163648
210577
210317
218622
180800
221868
240604
191251
170681
193344
121309
216618
141256
290337
164961
140685
163197
190930
136227
231336
176343
87926
189607
239270
190650
190068
169630
179879
214965
232368
195949
158388
236015
237728
212691
164871
198945
146335
134974
175992
175130
229022
148069
161875
188435
200247
177685
202141
174969
114145
177946
183956
178747
164690
132990
175261
221467
186332
177204
182995
204355
182835
130646
179829
220276
178286
181632
191761
161013
163498
193665
215517
181442
174308
192974
135465
190499
264027
195869
204445
184358
184237
148760
179028
173607
204446
154130
153198
196100
223211
268686
163187
185209
155002
224252
200057
192362
189517
191420
132179
170281
231486
143620
250231
154511
168016
115427
132811
157256
166143
167595
183476
143060
218131
179799
236977
118473
168016
130055
168618
182173
170061
163869
278756
244351
175691
182784
146236
164721
168167
175020
168398
189417
183556
168868
161414
180090
206018
174248
140756
114535
188595
192172
180360
173006
155523
214634
159992
199276
116439
166574
231496
145384
182013
163999
135465
177574
194216
186882
112552
173938
204466
195779
151876
169460
224483
195088
202762
234482
136527
124294
189016
208753
245543
271031
169670
171593
193945
182784
180059
181742
231145
200547
178096
183075
159139
153329
169710
158278
190439
134984
199195
154541
193384
200247
158689
92755
238680
201029
156404
221217
159290
202933
165162
175921
179708
174038
204415
167215
199085
138150
158428
158398
188355
226206
223371
210216
179689
164770
245582
170742
212811
198514
171222
179138
224112
195388
127390
187623
191832
109667
200007
146316
199526
293994
205347
188956
235003
279907
193184
201550
189577
177505
218341
185831
205978
264889
194407
316527
216418
201750
230144
162486
179819
185941
135916
172545
203874
240774
197453
125086
165041
236155
201630
175571
178055
200738
185850
218021
254379
222820
265711
160272
161775
179158
223571
187894
187053
238299
231746
148370
170401
190409
121849
191440
151926
257696
95900
226326
185159
198223
201139
150533
120166
215786
201399
210026
203684
184027
191641
152858
225325
162497
244341
211228
257255
190629
200819
171433
171423
225936
200588
216588
192513
209184
200718
190880
179689
175520
161574
215366
198544
202031
210637
191821
197242
249500
183997
172255
123473
251695
163669
204927
187523
185370
198544
165813
180910
172254
190930
198674
127490
188345
168557
176362
148991
168528
188656
201640
168608
184327
155012
163749
199607
167966
153760
165743
86774
107192
192813
203574
179348
175731
149432
184438
235333
165993
183396
177193
166033
155884
198153
168788
205908
226547
178497
86874
168127
176693
127841
187493
188325
168979
106330
163838
201109
104517
141607
237788
176263
152738
173367
182133
150023
234121
155674
166213
180961
142979
164901
171764
131328
159420
164861
174038
184647
177936
163337
132890
163869
214244
181071
181452
183275
195339
117312
173276
164079
163778
178977
192272
203163
202752
140675
155864
229222
193404
197062
147828
187413
212601
199856
241746
178687
157387
184428
149161
237588
174569
172054
212000
189267
169048
114135
159150
182684
169249
224643
183015
224594
157968
104327
174920
109106
190599
203504
208083
173807
190589
202993
140154
246374
175971
182724
160582
185700
162927
176332
137489
189828
152247
160042
164019
134152
189898
173327
156004
181663
100469
200097
160482
195278
134694
179669
201560
122921
192132
169800
145765
157717
189637
155694
155253
182323
168096
182294
184338
140305
126748
128833
200257
173588
179618
156244
167095
171634
154391
168087
172374
270890
209545
151846
229833
182675
174268
138811
168968
172345
185339
161273
244701
150303
164540
114536
143150
217309
183716
138611
168057
172566
244611
176793
190910
159250
167265
250182
209986
185039
184577
178266
208723
231827
190319
178236
177354
198655
160864
176563
150623
181982
172404
170741
167235
187724
133231
221738
252125
152026
131527
152327
165292
176062
187283
162296
198244
157086
178416
170622
176793
201139
162646
166944
154481
159491
181211
191361
223211
166233
184858
191952
123943
114075
120507
172065
170731
201800
233751
228260
142769
191811
167776
170511
185981
252035
241586
169820
146576
176643
194236
202722
149001
201870
128623
177795
201219
149592
206068
181963
177745
175340
173818
180440
162376
171463
190639
187764
165802
167796
144042
216398
135054
155182
180830
88096
183236
185880
212030
184809
191321
183135
199506
177494
173066
163919
164650
219073
151045
192342
230875
159611
168737
182895
258938
172515
168408
199727
155623
180370
230785
184698
205507
114906
172826
156956
181843
258607
143049
204035
83337
146486
173928
195398
167987
217700
165452
203012
198414
179018
157777
162436
206358
191581
176182
196430
150293
202291
175150
176423
222810
189617
199826
95379
139753
181091
150734
200307
183206
187193
153389
150343
173587
137078
149672
207230
164991
234501
168628
156495
185499
158158
157357
157416
176923
148149
199086
140575
162557
182514
156475
201079
178938
213312
174669
155824
123753
231647
125627
188114
217540
183075
229342
217700
171133
226737
187964
152988
160392
131167
194787
174348
191250
146876
185109
252776
191971
195439
176953
148640
178717
194075
202391
175491
216298
167225
180180
188626
264268
187323
176723
160653
232608
196801
197322
211269
266563
170111
191622
205076
254099
189657
230324
182764
219313
190549
143160
156595
196711
142639
200859
159340
210096
159801
189417
193835
225384
185650
185089
135536
182363
147437
177154
193635
115558
226808
184217
175140
189197
200258
176002
187884
225916
140725
194917
224332
167134
167786
206499
186321
191691
170471
191321
136137
176763
168298
106671
219253
162246
122661
252035
173868
226857
229843
182805
201991
177946
217069
184057
129054
179408
237808
194657
155192
140164
174959
94288
233420
186782
209965
173377
170621
191872
171213
177745
173026
197231
211659
194487
152648
172255
173286
147327
169670
126398
160713
163618
211829
187854
310475
213372
209235
182975
202662
205688
173466
184758
165672
233129
240864
169930
181232
181753
124645
179589
178386
194186
168728
184178
168768
220495
298613
151105
258487
175360
235594
179008
196981
175130
184447
208813
138090
205577
221768
175120
180600
176372
193104
184617
113343
179679
188335
237187
137299
199937
189227
169179
215957
141807
198494
177664
173447
190439
183075
166603
206298
124465
166574
185440
238179
199366
177304
189978
135165
216398
215977
169860
190709
245212
162586
187603
190388
181081
180510
165702
184778
221768
94388
150504
198063
227689
196971
173237
204415
191731
175090
182444
173337
203103
159551
224122
189477
188726
169008
131047
160312
233180
200608
169960
159540
152868
274788
149071
166093
167476
161835
176643
179739
219283
155363
193976
165652
153108
164841
167746
183195
182093
197512
169379
183676
177164
113444
203754
163969
168998
183115
260852
223832
122140
252265
190619
117221
180160
125426
222399
187573
168437
165402
158779
192132
170422
154862
166784
181882
118233
234572
184057
144422
139784
203393
159781
174338
193464
192352
153860
179949
262204
183937
213572
166684
177184
198854
237517
169640
163198
126238
181853
140996
156735
182103
282923
126749
129494
185629
134714
159300
157888
178657
153770
171232
175381
185119
176944
177204
151796
230544
117101
183846
182264
165742
188074
189938
116029
166273
221468
154070
170711
170401
166534
161074
182764
187313
204696
201440
158679
130596
215927
150083
189788
195398
133802
156054
178696
177675
188715
157567
201099
156775
145344
185069
161945
183606
186091
174088
174599
129333
183375
182734
132680
101862
119114
155633
122932
172375
186010
183586
192443
144442
162627
120237
159862
176753
167966
168137
237197
149010
144913
204555
198875
188666
183386
170261
186061
157226
128482
160141
112732
111671
176994
203413
183947
203293
154972
203414
166664
129745
227839
161655
163518
175521
169399
204365
199666
168097
174639
120638
220054
216659
121068
209325
168838
231266
171363
239953
252475
150494
175180
156395
157226
209094
185409
179538
211158
141276
177094
294555
158709
164910
152718
200839
119536
201279
158128
237307
148580
206650
202381
152177
181833
189958
86503
189146
170852
138261
184928
220295
211218
242747
120698
233420
127290
192001
141847
237427
247436
213312
173056
171383
154441
262294
173197
164109
177745
182915
195509
191912
117652
186301
172555
135074
254429
178607
186371
157927
187413
175911
167566
160061
176031
124885
217871
189187
243579
220316
154821
81514
111951
185700
202972
247927
212761
177645
186592
185780
185700
180890
180460
133973
176222
124344
271422
155804
146646
291459
125316
155854
112872
239050
241114
171323
193866
137209
173697
168477
160282
148440
243940
175401
201650
167897
105038
226015
163628
162857
163849
233280
142028
154040
144462
159260
287041
171172
196711
166344
144272
190038
146356
121338
158929
194566
180541
179038
202452
228390
113134
200788
192523
183796
194316
191140
209815
183797
186271
187994
215797
229352
168187
141647
176753
161354
183296
183606
226567
173727
183265
202001
207150
164159
240393
216358
173176
203604
207030
192963
168047
197422
155092
135836
139814
164420
280919
202321
168998
102633
169199
169560
197963
175140
202040
180500
148950
152697
247507
164170
222119
187945
151405
172996
182895
157737
174338
155964
141978
188886
174269
241175
160212
243769
190389
165281
172896
254209
237809
188295
179468
185780
189998
234411
224783
231496
163608
155994
221668
127540
218873
222980
213682
138351
275289
208604
199566
199175
163969
179889
110708
212521
168368
295187
140885
228190
221647
174268
191972
243990
187183
162295
209275
188395
189918
221638
122611
114966
258857
248538
192593
232869
193875
199396
138751
149872
226607
193405
205767
251895
177374
242106
157757
196931
191851
214744
181031
194677
192563
208563
228471
123382
197432
161024
190168
181862
184137
184067
182704
172495
173397
191851
228460
175621
170221
199586
160062
203092
224904
345130
185580
208002
166013
194446
164680
236606
176783
129705
184547
172946
165341
167356
145545
172765
159341
180590
172184
166394
179619
197613
181141
197151
170491
215957
150544
181813
299204
182063
117121
146736
171483
162847
160613
184187
191571
190269
133451
163779
99107
207090
168467
194717
176702
175451
184468
224904
180961
164791
180450
115548
174469
194236
186982
170681
136256
194367
193705
179989
151886
181111
193054
205187
170442
196140
116479
174969
162747
158348
156505
170992
182955
155783
115348
163407
162657
172635
163979
180781
131828
173297
155022
211508
151425
211889
189587
155302
175782
151376
204115
197502
180951
182073
161014
168006
190840
183136
175852
150634
158759
180520
205026
207090
188515
169239
163338
189497
168488
218021
170021
169820
183295
188545
196090
186101
159691
178847
177715
166614
157597
196891
178025
204355
158879
113414
168378
148901
143039
119886
190629
161815
182524
182654
184277
149912
204916
131929
157587
152558
235012
169589
183205
158760
185760
175841
116158
190509
178226
193525
166213
198784
177835
196030
177144
147107
130266
208022
128783
183185
140164
121359
170963
201310
173597
223131
234953
153159
216939
208963
195248
202261
182554
205197
117591
181923
124334
201069
154120
180310
129284
238860
183395
123703
180801
163228
185790
103345
181953
198253
186963
242427
164239
178006
193514
223171
194747
200698
119235
142809
176222
242016
157426
164570
170681
126278
170351
160963
161114
164420
187944
179739
291149
204065
184908
160382
192773
83387
187203
168869
204826
175981
188124
159941
220135
193786
134032
198725
296399
182554
181572
169981
203253
162305
183816
256262
184919
195428
158749
184677
167826
145634
140294
176393
180209
174449
131718
202281
192983
163178
247556
152889
211739
161164
203864
186822
174138
175782
240413
154531
233671
231937
174278
158909
198504
225024
292681
206910
233089
163337
176633
193495
164911
165562
173727
163017
153970
188265
188385
173397
196791
172275
2192672
198053
190119
129805
176843
120848
171343
259368
138170
182023
171183
227078
172145
174719
170371
194937
182944
165933
184067
161334
149491
153730
177865
193825
156725
231586
175631
172756
199856
181613
240353
149211
177775
171794
166424
188906
160703
168107
176432
211388
189297
182955
104186
184758
141987
180650
169038
162667
154110
226778
178126
203113
171543
174108
188025
193004
143841
188065
185710
201320
122811
171423
141287
163278
219484
171323
228831
153099
179789
213793
238730
129705
181242
170180
178056
144803
180170
138702
185930
173768
268446
229382
174539
202792
227328
191110
212560
112011
169700
149742
200598
237507
208753
159461
172966
169639
177143
154802
208663
187263
123774
167606
197522
149191
193384
193644
121218
177284
199997
139883
140334
164260
174559
167225
180209
187313
129935
231927
85522
191340
180269
195519
201299
131498
217670
227418
176082
158249
147698
197101
142729
152257
169971
177354
223090
254109
188515
189848
188184
187814
179798
152337
184338
227939
173527
177184
104377
196751
204625
238860
133071
146095
168087
167836
195248
171834
227108
132429
183135
221086
220987
154612
164800
171523
150293
295697
160773
132179
165401
192162
293093
175510
199616
175931
109406
172105
170422
180079
173707
130786
179689
190399
222039
130727
180329
178416
215486
181783
132209
231647
219022
155523
175500
117160
157397
201490
178196
169269
191150
181542
149451
144061
134483
82967
188946
184047
234793
160703
188625
191882
130977
224453
133302
144723
194006
140545
152758
169148
178256
184127
166855
203213
173176
221738
188735
152067
171483
290908
216879
217871
194176
173467
189878
246214
194036
162295
186511
147317
186852
121970
189216
194356
137128
141657
167797
200297
181232
120126
167115
197041
118092
172244
195478
164931
247366
171954
185740
126489
167415
225094
170171
115929
176092
151836
195378
167256
113474
176092
195479
156845
160252
179368
183686
165502
183416
189457
209464
165673
201620
234392
264778
177274
164200
139563
188334
175461
175040
215055
185970
161595
179358
181983
134354
165732
189737
188154
194487
196400
165011
180089
254690
166032
140435
184167
179168
263787
213713
205156
117942
239912
187634
204395
134173
148690
166403
163769
193094
226507
183206
173066
213001
215185
180199
171634
164379
184517
213652
168557
190058
186341
197422
175661
170902
209936
175761
285578
189938
100098
169670
252506
235083
162136
194216
138911
162967
187152
179439
161354
172245
193755
184187
163448
131849
170612
197452
187834
132219
166013
115057
194927
149512
168196
184287
148510
189246
199456
156886
139764
179238
174378
150123
155062
163648
173557
186421
160963
211629
145975
175882
175391
166985
140745
149412
192032
144863
196299
106601
217309
240784
167476
178837
198775
162296
200929
153510
169439
189978
138380
200868
176333
175271
130606
195368
175852
162476
111811
172605
180841
180590
196250
194317
194096
160733
193385
105348
201008
171102
172756
150834
195228
184387
196550
192453
180971
170412
175530
162637
176774
174469
199496
149021
179037
182003
153579
163448
142388
147368
222890
211939
242788
157917
184688
204506
160552
174649
193926
170140
189927
175681
188765
235284
242367
231066
171513
196670
228971
196701
225756
206329
204726
156606
231727
192893
181783
181703
191792
203914
250201
172666
165772
194276
207320
124395
170732
221237
178687
172855
147759
169139
139913
204695
195759
178737
161294
194837
261703
214635
152327
199476
109717
171624
268816
185229
201570
178837
213392
174389
205878
192963
171183
181643
173436
296809
164250
184027
119204
159861
230634
156365
167145
239992
191691
168006
209665
143470
212991
172495
180580
189627
191881
173677
162065
173838
267725
175049
294034
169880
180390
190779
131899
144782
130326
167666
132840
166664
174348
188195
180360
205737
144222
167375
177614
171844
202431
118434
178146
205056
167416
177084
199646
192813
180651
210797
161584
203653
138772
136898
207752
181382
148961
200057
191251
150604
177755
182103
173487
202702
173998
126649
209435
187614
223902
165913
169790
200828
180029
208583
159540
177113
225245
221137
135546
305906
123493
161103
201290
178927
178587
198924
171954
217119
188926
169399
148770
139052
161394
204065
153599
178516
174819
163799
188495
195147
222259
193454
125757
169951
237598
188746
111621
173917
166002
211549
150192
201609
150784
209195
256904
126568
178146
179118
192092
205407
160412
186571
147067
229032
180300
196130
187313
160262
218902
189647
186421
177324
183115
204355
165912
178416
145073
199235
187904
202191
180491
159560
195839
184839
203443
166243
212030
154110
125537
179859
209866
184157
188605
179639
137218
178095
143971
168868
153249
168688
179718
153008
130646
122050
193515
171643
195699
87215
125326
191360
141016
121539
152998
100599
178696
108184
92014
257866
136007
157427
102974
98706
141236
112462
156825
117201
216578
145805
183456
88788
149943
104156
203052
104998
154421
117762
164841
152357
196411
121038
162346
102874
164941
204315
101180
180240
242327
172535
141797
195007
148240
146806
138220
194346
132099
174188
140074
187413
194476
215867
197592
145565
124304
170752
190780
178857
155383
118153
192664
147969
160191
163538
138000
190189
177154
127280
193786
159240
216157
140615
136747
111921
188035
87645
198664
160823
168197
182483
133631
171803
146065
175882
126278
143891
180720
189808
106430
167135
187233
173157
176052
176954
212981
188214
136186
181813
160502
182935
184428
161304
168046
244571
155543
161184
149371
182404
115598
145965
180860
115558
156395
90971
143751
166884
243168
187703
261031
133041
187093
197482
174178
153519
107843
189517
172656
208002
239452
230234
186281
197753
163037
167205
190218
173337
219383
154150
186401
179669
201340
188375
193505
219343
183706
168478
216508
168688
189346
159501
185719
76715
224944
119064
181643
169670
153870
144572
202882
158188
193515
214875
190459
177324
199015
211799
179478
188636
193324
102924
161153
204746
204094
160272
97644
175941
177745
211098
181923
173477
176322
150573
172806
143330
225966
118033
155042
209194
175912
146045
225114
158749
179929
235584
118393
214785
154281
177866
94638
143801
152517
131928
166123
197432
219293
160072
191270
197583
161384
169840
182303
201500
144673
201109
158989
173196
191400
165853
157407
128092
166464
190639
107433
221547
147078
166334
219604
183296
144232
175871
134764
199456
152578
125206
167756
168638
124494
131458
177514
166424
152768
154581
183306
179408
205547
185109
191751
167095
218010
184397
198654
168328
190048
216939
99077
193675
182444
186812
201720
209365
158428
184067
104176
190439
161203
171564
124474
171594
143431
157257
227359
75603
148590
148871
71915
172384
175550
191992
168928
75712
151024
214484
254530
167115
145434
142909
121269
203273
190008
103085
163598
185670
124565
199857
150594
140344
106431
152517
150303
178496
150654
139383
138822
169229
195859
80171
169209
152888
173988
132550
124434
152026
139774
150854
168127
68619
81784
201589
153720
160413
178436
123082
86533
195318
186121
191020
175431
185590
120797
167806
169860
148330
175350
140244
110778
135094
191271
114035
136607
149883
194116
109136
86864
156275
172035
140544
126078
155233
161745
123352
167034
156365
152297
173617
167044
113033
115728
107212
186081
96001
202551
154952
159881
127481
184627
268185
187033
183616
199145
121149
160973
161354
197442
112372
165211
173056
166915
106180
189678
154501
185449
201620
206118
160252
106921
160272
210828
165492
192794
187944
233019
235103
177955
168397
134724
186101
178917
178185
183536
125747
154280
237177
128672
168457
201560
132440
161555
163328
161254
167486
191872
114456
162767
184527
194717
186040
187854
161855
147298
239882
216097
171593
154221
162616
205908
171373
181763
178636
180019
205327
185279
172395
174569
207140
153660
144843
120757
177033
181993
139082
206659
131748
131598
170862
203093
196620
167326
173326
140154
240614
184357
190850
182554
119536
178566
278615
158820
193254
187363
223171
200688
190058
186942
182724
174539
171182
278033
197933
127040
125417
189517
145695
151025
160763
194426
139693
168687
180300
162897
218501
193855
130776
152667
182354
152778
191090
184288
150604
157848
163818
215086
112172
138942
159110
190609
193916
176031
164470
190479
155684
140325
114445
179788
176914
163448
168658
191281
196881
166864
166234
160052
231656
237567
175651
171954
181672
205438
26929060
174068
126940
189567
121409
159070
182103
178276
227488
189908
170692
107663
215576
178736
198194
215005
180570
174930
161855
190589
175811
149041
205788
169720
156996
245222
168427
264648
159490
169129
217009
184768
228641
213873
199165
222469
176903
208413
148751
159781
163799
174328
161655
199556
171734
188786
196991
218091
174659
156876
267704
163728
118353
185810
157687
159681
193255
115257
124886
197632
215556
138792
154370
169279
132800
173717
166353
174719
149472
186411
140585
177685
195879
149762
74490
145103
137870
189076
179849
104727
129003
180690
192853
144542
162937
170421
286049
178687
134474
179358
99728
161905
124184
159120
164970
189798
191501
121549
192343
231506
132690
141187
126939
177234
180941
171373
123984
128462
182484
168457
183756
172815
173256
169239
232579
172084
228801
154812
178146
164580
178206
155854
240544
154351
164801
175751
205758
153249
156114
178727
171152
224914
181522
140044
172505
148600
142598
170642
178727
210327
182434
176683
199616
153549
206419
172395
204695
178046
264980
138692
171643
194998
181512
173317
140735
175330
158118
167155
200107
100800
242697
172775
181382
196250
178917
195238
167896
198424
148260
194667
150173
259319
145284
220495
165171
164499
165081
191972
173527
183356
195989
167706
112893
116730
198955
191171
155182
193274
149352
196811
157557
205717
188816
202973
146295
165622
183215
141887
227409
145244
124355
195208
174599
164901
109806
184317
177725
253267
195649
133752
176502
124775
175481
220435
141917
191902
197832
141046
168157
223802
254059
188666
79009
205568
120026
160111
236976
174258
162226
187032
173317
173698
178256
193665
166844
150253
175831
209084
177424
172796
240203
180480
113744
119806
163528
137119
161424
174479
183736
158038
185410
188726
146356
172896
163328
169720
195218
225685
175260
160492
166433
117201
209194
184538
155182
243459
174820
189747
180630
159831
182875
166644
217700
148470
140525
157827
170011
131769
175270
110318
175360
99868
203734
168167
233409
153118
214374
182393
173396
155263
131518
150704
166093
228120
186992
133231
184137
187664
212661
132910
104487
192002
205567
115868
225785
157717
210357
186702
158589
166093
213903
119124
160683
166554
223100
232919
226597
198604
89809
193214
190279
229683
260330
174849
163207
200668
181031
263035
138260
225244
170180
239691
194536
204766
195629
220886
183756
189357
178236
153369
231817
185639
165953
139123
204525
190519
168177
154331
176453
238159
203413
179528
199366
152657
123794
166954
180831
157527
156765
196290
184257
164941
168478
163418
271451
182574
239351
174048
159070
159300
155062
175080
195017
235293
160863
151545
167195
220326
124735
171824
135314
134082
147207
238319
195629
212310
194115
168137
154611
165242
167175
157637
156385
180790
190990
171744
207421
202531
151154
169429
121619
142498
163478
152377
163659
145023
155553
188876
134283
212090
186822
178115
180320
154381
177695
201770
185229
150614
221107
82735
161414
214905
167746
184418
130406
176583
171914
142979
121690
149592
151405
177314
173477
192052
194987
271511
171483
130556
185921
226887
219884
109968
196069
180921
182644
189587
209314
235042
177365
162737
173176
119274
166113
187173
173928
162556
242297
188375
142559
180139
196110
172054
145895
190088
178156
175802
191050
136948
173346
181903
168828
168818
178857
197222
136237
226937
137368
175220
93285
131918
209234
169690
186822
119816
110589
148150
116700
180239
111199
146246
156485
113634
113614
133793
104076
163448
95190
148310
72837
169860
113174
176262
95640
164951
127430
174589
117432
136677
85671
183075
85521
182293
112031
186331
133341
145053
78218
179147
133822
165812
108004
145725
145975
180159
123653
207481
139593
163528
115137
179448
135776
181472
170441
208203
243579
155283
106019
172335
143531
187924
158469
186411
182604
146597
176653
174349
203594
169560
199156
183245
228441
188125
215947
114966
170320
184939
117071
186812
121148
182353
144342
108054
205968
191481
197633
171714
132389
153690
175882
190940
206509
131858
178687
153389
179358
154291
183306
190198
149592
198784
131198
200408
161645
172455
142478
116530
92173
170882
176613
188896
188194
175921
227168
127400
166002
181331
146587
170682
184668
194126
195087
215036
165331
165863
102453
141616
135956
174619
172705
127390
275219
185660
143210
178657
158889
154852
191871
163498
177033
143280
198083
245342
164901
163057
146727
172204
192994
143981
171152
218561
165953
204686
182003
243499
173397
154972
254119
144903
206599
69130
231997
180139
193975
98536
147227
163318
164700
181932
180159
115617
226456
157878
78989
138851
221247
192022
158619
178687
164390
160512
173577
179528
216518
155292
165752
172635
164540
99498
180270
163117
211137
173798
156786
222960
181482
193214
179217
173948
139683
236145
161324
186191
171804
186571
248829
176142
182033
156765
171623
189006
184988
183646
208553
188344
162446
192683
179418
191491
142048
172976
151586
174538
160091
198023
160212
191491
209695
119395
196330
152207
192482
166363
182263
210256
192413
184758
252636
221477
233250
173497
157166
139083
194125
183807
133071
137519
166694
182554
159791
149622
172876
195358
224844
167826
112923
153629
172194
209154
162867
183846
183907
186130
167816
198223
204635
178126
126738
178827
174669
177224
179258
182675
167265
178566
180951
185920
133171
182474
239240
165521
175481
286791
220416
155893
268987
224383
152958
204365
200197
211669
156905
184067
174468
169709
148530
189467
166784
157587
177604
161764
188555
198404
194426
247216
166163
210006
175221
173677
138992
165512
178266
207071
168918
228902
154721
198264
180981
145204
181683
117732
186090
240483
130696
158369
138150
122931
189608
122571
159029
185549
139443
147428
206319
173146
163529
150153
160282
162256
195328
152136
117622
151165
123673
187443
72797
162887
107894
164310
124755
145895
91172
175721
114727
135004
133872
157076
109196
139693
94788
174970
129975
110648
195318
120858
121199
163248
112412
273375
101070
176592
86042
146776
107262
182133
117311
137459
173477
139783
82335
207902
152978
184367
97073
137609
144402
111721
162175
133301
150994
105179
188315
127310
187924
101221
159361
151245
167175
191872
174639
163117
222018
144843
230755
85230
110678
105799
171072
181963
154220
172175
155063
167044
178045
146295
162907
177805
181502
186572
153198
137128
151526
156164
185529
161163
112422
162716
139383
225855
167426
186571
177895
199666
128553
214694
218381
182895
161104
225535
158689
155784
176573
219373
154080
187394
180390
208192
182434
201339
181161
201620
125797
212390
174108
138601
121339
181241
202772
223150
211388
183736
176142
170081
213061
217860
155944
154532
220997
152748
181742
215306
173577
207140
184417
184157
171583
186731
163067
166764
246264
188315
114806
175110
168538
166734
174970
172404
150884
174098
169870
189678
158679
268446
170502
180731
203343
183906
168197
188845
162446
183616
176212
167415
155933
159180
87945
201770
156996
168628
220716
182624
143370
116640
116940
168547
156595
155913
204225
192453
217750
161966
121699
221648
126849
166383
162747
156224
167606
176683
144743
177415
149842
161194
154701
165000
102964
180911
157106
167635
152407
176743
158559
156936
181822
164620
153178
181011
144262
212280
165011
161785
187985
157076
198084
151034
181973
160332
169910
183085
210437
151115
142098
126899
185098
158689
136437
144522
141948
168318
200047
173306
157436
226186
166934
179158
173607
181812
171663
183506
110087
162476
174970
157897
104096
191871
233159
199306
187513
178396
154511
129384
192884
193174
172264
175150
227999
173747
111250
164140
158819
249090
159992
194878
179488
167917
166584
118744
179308
165111
171282
181091
158509
235534
229813
186151
193585
202892
170741
157026
154250
159690
207681
142218
151976
138541
152958
143260
170882
155433
130586
186922
194387
172425
195068
160562
203844
160152
197973
256062
242647
175901
243469
174048
148800
174409
197012
167516
200477
179308
111720
218071
199125
183916
193174
161134
208643
189507
225515
177444
227078
226978
189938
221598
182164
235634
138060
121058
207401
204826
191531
135695
166704
182754
275329
146596
140946
200257
220555
184267
278525
184287
182955
168097
173036
171262
210818
199135
211008
167125
190298
127470
134022
184007
232318
220335
203113
168127
245713
201259
186532
166083
185209
163768
167375
209434
113654
187724
148279
248839
184668
255912
172716
181552
215787
214514
208463
191611
197572
183115
239321
191390
195718
149472
154491
242016
211448
163548
181502
175701
160973
172235
195689
188686
182624
180921
145354
169680
213612
159150
165381
215856
159330
206789
134634
187844
114656
164690
193364
197212
179158
180239
173627
173627
107593
181893
203213
191520
201490
123944
174138
202852
228210
157136
188435
168948
186411
169460
240212
180650
181702
166244
178717
161133
135566
193876
251353
168878
239902
190429
297761
205417
183896
180640
182354
219363
160302
161774
152438
176914
207662
218782
190990
166795
155733
199887
193835
214414
186141
181862
186751
185760
166053
185890
190549
242907
108234
187683
220736
169570
167305
270520
211739
150504
170010
218793
132389
164139
154502
141046
205067
185379
155112
176924
208322
178115
213342
191841
164540
2036788
219052
186160
280519
150123
180240
188024
111691
169599
138020
176723
191450
198434
189517
223330
204555
83237
163458
182223
277463
189157
181712
154391
164540
165301
171383
191050
190849
211709
241666
161644
177404
172786
163017
149862
180781
163347
176503
186181
156685
93846
173737
176502
218783
110378
139703
205567
167065
166784
206749
199436
169780
159862
190869
265671
190328
162245
170672
151525
176833
196010
186591
195348
159079
214514
188485
142419
149051
222248
255672
193324
216969
185499
190639
135806
154872
182694
182243
185289
199666
170411
167025
178316
195268
149822
197152
152738
163689
146456
194236
194156
163057
177264
157096
162937
232518
174068
136728
163659
179158
236856
169059
176042
169129
186381
161054
147007
156195
169921
169530
222309
146376
125427
168808
109066
150323
134604
111079
163417
167986
194106
161214
153148
184027
249149
154461
167045
199156
167115
150924
121549
102312
195428
148841
194656
155453
224153
218732
141416
184278
159410
181722
190850
185930
188234
192633
187193
176743
201209
154131
206799
170110
112893
143730
198254
197843
205397
192913
166254
183716
178797
201900
172876
274668
193906
112071
176002
198564
153930
189257
178396
219463
126499
196561
175341
169670
240353
221097
189166
182534
178045
161615
185459
155413
171153
134414
154702
185209
162897
163668
166323
161334
156495
200948
168156
185660
156905
146987
172214
166383
215857
163238
181092
173527
197933
117161
183936
128593
178006
223431
160723
225775
153049
180089
177614
204836
175591
161565
202221
154140
142208
144733
190469
211749
177805
189647
163037
171022
134824
173767
184497
181472
174489
212991
169299
220325
202451
150754
149502
164460
182223
179819
199176
200577
162876
145063
91903
123473
171393
210727
153109
164330
161624
179157
178005
175420
195809
153409
161504
147248
209304
177935
215275
181231
214775
216448
181292
175771
196651
176733
142378
153129
163227
171493
171653
277834
115357
184968
130345
145945
188806
134674
192853
169460
167496
166845
176072
205607
167275
185640
231416
129194
141266
210717
253057
220085
169770
185008
152908
154180
171383
196961
201360
199135
173126
138671
182834
189296
258497
177163
189758
175110
127310
178766
117371
166454
124114
180140
176763
160903
194337
188515
168888
156535
159861
168908
215797
197371
192943
109957
143551
141566
153660
190920
155583
175241
124314
159260
179959
165673
178346
154972
203914
172766
182344
184768
106260
114406
149522
169379
163808
228070
208242
150474
166804
141006
195609
171934
204575
124495
183506
113754
131728
159260
151505
190870
214605
211439
189066
204856
182484
137960
173026
127460
201299
124374
166814
142609
160623
163228
215677
179769
159099
180951
160523
172936
148370
192072
208833
162717
173467
184698
170111
155132
170452
182764
229302
164280
171853
155733
170601
190078
116209
147658
202211
167085
178547
222490
145474
160342
228771
201119
208242
154501
111039
186070
140515
180600
118033
163018
140746
194005
196109
180811
179989
204175
142649
163729
129614
122441
155122
142939
78348
142499
129383
92184
147568
203904
153088
173687
88387
148550
154351
120587
138150
110939
181081
104628
224823
147698
115647
120697
108314
195318
87806
124464
134083
143821
109937
143461
121829
161014
108845
175150
113534
139553
105689
140264
115558
156255
101100
128653
159851
123313
120207
183406
125196
154762
150854
94197
154050
168187
166163
132940
193474
125276
144252
113023
158057
143150
153910
148821
130176
274427
129114
139213
80862
199516
177334
122180
194937
148179
129293
210607
128983
187994
128282
135235
160222
158759
142097
137369
96732
137780
173397
157567
100029
171793
145394
152587
121399
169109
135154
134253
109927
198785
153029
107152
158839
97795
189276
111721
151676
101551
175180
146156
140164
168908
143069
111680
211628
96803
185018
122842
211849
112402
198033
164420
98014
197011
126839
155613
124825
179318
179138
109767
175651
131347
147788
85231
139793
166764
111140
160081
114014
176963
119315
114696
150624
91012
156145
161144
97644
158418
109587
115758
168407
124735
154952
109877
181471
148901
142168
137159
133813
124475
108815
119545
112461
163978
118133
107091
121639
165282
112903
176393
116459
174188
204606
132810
136507
129033
147588
125566
175791
141656
134594
137429
126238
147388
94047
164881
131468
204705
113434
111601
109236
117121
114616
167636
114245
82586
101351
127781
122441
209735
87946
155703
142990
163929
139714
167817
139964
118914
148049
145474
176042
148490
161164
145755
131027
149722
130015
147427
152758
86733
161635
130105
113634
181482
131347
117261
167937
132008
70412
186301
138671
105178
113574
146806
101341
108685
152667
223501
133652
251824
148570
211369
156395
202231
160863
171303
121078
149932
193425
286239
143781
180340
193995
89980
208413
227058
173377
175240
142178
191932
127079
149592
198494
185209
196440
205096
272824
206990
188305
138711
208803
167776
215657
226637
202211
146225
196511
166293
184017
130105
174218
180410
131077
220015
204606
164029
169880
228420
200107
188555
201209
152657
240523
189497
159280
216598
186130
200167
133021
193074
205838
182705
198905
95049
115889
228370
164169
189377
158428
166604
195438
206389
206930
157848
175721
128823
185529
185309
160993
160522
162907
150303
187092
174558
221076
169569
229172
169269
183616
199556
234041
201731
196621
181432
177624
179218
154782
152066
171904
182654
156935
190378
130767
185400
181522
252726
190719
178165
201970
180821
189587
178767
180690
137820
174088
149943
161484
158588
194557
130356
174058
175311
174068
197582
167004
183245
175019
114826
179218
149581
169289
148630
140715
160392
246073
182805
137810
226357
138100
185320
175230
189447
189026
163749
130677
134323
118093
141878
164740
84560
166173
172535
154601
145454
173156
192603
143239
167626
116981
135976
136517
166835
144703
183496
170040
168247
172154
177395
165752
124765
148420
152788
108294
153449
160683
168507
146075
159891
153860
174769
170491
189186
124434
164520
217369
109626
163237
158689
194356
145003
165833
138371
143961
202792
152377
190579
170031
173196
122841
178246
173777
131368
283915
201540
136097
143400
161113
157186
209946
176192
131899
179107
189267
155833
203794
148200
185008
169178
166503
155754
152447
160582
202482
70813
146395
181933
173777
181702
140504
170892
205367
236235
173317
148660
190359
231907
248127
244831
216468
222930
146777
201179
162306
175420
186110
189517
169890
240774
222318
185930
198884
193644
167416
136437
215667
181602
193204
191501
175811
160933
181081
180119
177224
179037
179759
320043
174258
175380
214284
220846
154701
175691
197542
233230
210346
181161
164349
215316
146737
142859
115818
194246
172715
154451
178767
120237
158379
157657
154621
176683
125517
193234
183646
165832
156565
185088
138752
188325
142909
117812
167816
212891
183666
175661
189236
159961
175330
169870
183857
155112
159410
160132
116830
170111
173957
202742
228280
204956
180290
134203
216137
150223
209074
177925
184277
127971
131287
176923
158368
163719
181121
178706
170421
176843
159621
195949
180620
262725
192403
186651
138491
147528
199886
172435
234502
185289
185680
191550
208112
222980
178065
183125
120127
231577
124464
162195
145764
168197
181562
176312
174359
167285
180149
206769
172034
192212
178225
185118
134233
191711
217630
190368
173477
162035
155142
166344
217239
162205
160963
222219
140856
215646
173437
162766
171483
203875
176342
166694
147157
168928
182684
147578
176423
226306
166073
120116
191731
262675
184738
201870
190609
181442
120296
180810
139623
234522
192602
187614
180149
134664
173717
184387
138330
166884
150734
180470
162266
173937
165482
179499
177544
173257
191932
208353
167275
155012
196410
187944
151887
165121
189247
174950
157677
153790
186933
166664
189917
170411
163317
216177
193104
168928
137519
112863
182604
167525
188976
130617
177645
165672
147588
148731
147237
213382
180690
128923
160482
174770
174750
144553
163848
193264
166373
165261
177094
130035
157025
175771
134604
184257
132891
166954
154842
175962
125727
170371
190899
227098
161194
134904
249941
150163
233750
179138
173326
241304
171302
149763
136878
177084
176322
169870
207110
166353
191500
242407
194236
287853
217299
152477
180690
134153
194757
160101
181251
172545
209495
146065
159650
221547
217640
179358
171863
154091
163298
129174
169419
193685
125948
104958
130245
159230
214735
183385
203814
183816
153359
181943
216518
136838
166274
181572
186341
150073
159010
146406
132019
203663
179609
153510
166854
172325
165752
149892
175601
160623
107893
169028
166925
153259
186842
213122
158810
146586
132319
165933
188365
128823
150494
162997
151716
118693
157256
166474
150734
165411
178146
158939
170631
190539
185460
163118
161775
165442
171403
153579
171122
171233
159080
200157
168628
134964
135145
144101
183536
249621
159200
165081
132339
177604
149391
148740
125066
152437
124164
174409
139974
175340
166634
119015
153690
645666
162045
185900
75863
138651
122120
94518
186101
148099
72496
154381
153699
144261
114326
155574
136628
175311
124956
179728
135686
134003
153008
164500
132019
162937
169449
148299
141868
105018
171363
151867
157858
155223
169790
97685
142749
142438
144802
129113
154240
147227
88186
140425
170592
112482
149963
184067
172595
94117
161795
155553
177304
165923
209144
157416
162817
194547
202151
200648
156244
110198
185409
168428
214254
103796
156896
144793
238539
175210
133422
108424
209024
111751
96702
144001
152107
143480
147418
141216
179088
180700
156275
108865
190429
225876
163428
166514
181832
224943
173467
162686
101782
183475
154080
182985
209795
147117
189437
180690
179518
119646
137419
141406
125467
119855
216578
152187
171543
105649
165602
201770
143430
176893
131908
159530
102764
172475
164470
90290
160723
162607
153038
203293
178687
99417
168758
148359
178957
120087
124775
140064
134453
174930
115417
194016
149252
158228
164590
127570
116289
144903
152938
219384
175320
140485
118774
153689
154561
130656
162276
211538
167576
147438
108274
127891
138731
103204
58981
163909
133662
190068
184508
93717
183405
167385
211338
153239
133121
169309
163117
196360
165381
138872
133772
121189
168187
145464
131618
158518
143871
178476
157637
206619
159491
153409
194286
135235
131538
142248
106090
173928
48060
107924
165923
157206
111080
151486
213562
159160
154050
152798
133872
280117
170100
164009
168197
127210
145364
145474
190910
124275
156705
138811
143831
150233
98235
153529
145524
132800
216658
88517
161484
169249
138911
170080
155413
152177
230895
153640
160312
148320
117201
126348
142127
140064
166313
120246
81403
161384
113604
184137
187554
159551
142138
180710
163578
173637
190018
138892
162036
139894
124324
186301
166524
107643
115327
112933
117832
146055
159430
147828
107813
214705
177524
154040
149892
148790
152447
212290
169359
159010
155543
167165
139292
159741
158669
142579
133912
137539
181923
143690
97623
112882
154431
89929
144903
240353
158739
120627
189958
176062
131036
200508
136778
121489
198244
214854
181723
154571
154461
181162
148570
206489
146015
170071
153830
137710
151416
175370
137219
128301
99708
186712
138691
123312
186441
204926
139603
179068
121139
137639
152908
179698
146326
200659
130135
148340
110378
164249
225846
150864
155974
170602
189407
165452
139303
152578
178446
144682
181381
141096
142859
169369
139293
151987
174910
144592
168017
162486
163458
151194
152507
153179
148270
166644
161374
113203
148240
111470
158719
150854
191020
107753
148670
173086
152017
164440
158108
142148
188395
207992
205306
161164
119755
188745
153800
175251
170651
163959
173827
137259
171894
171844
183516
164971
202251
186451
161414
175150
209544
130225
165242
133421
165221
143751
157777
160803
186532
203413
168447
91012
161875
147118
182083
162567
156495
208022
135214
206699
156445
166174
145534
231396
142509
186672
166774
144272
153349
150564
131467
140234
138601
153028
132850
122110
143440
158108
158829
165942
158248
151535
225474
154691
169369
132289
56577
148991
167907
163738
149973
185139
137880
120817
139183
161043
142859
122420
119225
168528
171393
152888
155393
156535
184758
144292
141006
157156
122701
151045
154842
138501
138050
216808
127841
142769
183516
169189
126138
195379
174088
184678
186542
153079
176683
134063
118433
162476
167616
123332
111971
151245
137709
141146
106310
141547
100800
144603
102453
116740
105298
149792
160172
126409
178446
181352
118884
204886
172645
144472
190088
160002
148810
212942
156775
158288
147127
176843
143150
186130
209094
166504
194166
148359
111450
162606
112392
117170
169380
139593
145524
179208
231867
244721
214915
160563
149682
130706
186742
147768
180239
149251
163098
147798
196721
153760
145013
145594
158538
150865
93556
106350
174078
115949
128522
126618
131277
198244
207912
153519
161975
89338
207320
164059
144752
144322
154631
162025
143310
129825
147979
134353
139323
151806
125576
127720
156335
156405
139663
219384
115749
129735
158579
195929
143120
141737
126458
193134
154922
136047
202461
162466
184157
98967
221197
153799
129033
120547
131779
141236
156234
157166
151906
159791
219283
92794
154722
174388
214414
112643
133942
135696
175110
160152
158047
173907
193675
151516
155923
161354
139904
139944
180971
132549
156785
131378
188215
180841
137919
236215
171172
146276
138261
166603
147668
170221
148369
150654
131347
161695
168948
165702
134673
137239
98937
131217
177264
147608
189708
141817
174599
152447
142078
166323
170581
111510
211118
149551
156295
128973
112943
153208
178025
140585
192142
156866
97584
87745
129975
119786
165121
148710
112562
153770
155924
148940
150413
175511
139252
153610
150253
173066
130797
182443
147818
153289
211197
128281
146556
105299
129464
158890
164590
213322
193544
175931
133041
130095
198053
179979
96061
156785
179679
140174
148560
173767
226878
119805
144763
147368
158538
159390
136848
170351
155974
138161
145504
148479
154201
193064
141687
141747
168587
161825
152628
132920
190158
201018
176953
146106
162316
146215
182794
158268
143330
146375
123713
147578
177685
127209
100019
157367
159581
168968
176232
163899
208653
121970
190268
144021
150143
129444
139032
158999
135916
147558
156514
108915
166764
144052
148921
154682
146967
81904
120898
153650
139773
143510
165943
153809
225404
223240
112271
168177
136828
195608
136317
236776
171092
176092
94238
185620
157356
172625
186592
133662
152798
165843
225064
149792
135235
165803
148740
160923
122832
217440
196189
145404
149131
147257
127971
161043
163047
192372
115317
132771
161164
175341
129945
142379
184749
94568
190499
187714
85461
151315
184688
197291
146436
147538
168147
141436
220476
156595
177735
174299
147378
165662
162997
143120
166544
232027
145935
153018
87955
142598
201019
109536
160953
230905
268676
151105
190459
152858
132960
193985
132570
174338
150494
189507
173738
196771
130236
165342
165732
133060
159791
148349
252065
136056
146717
155764
149842
155834
146225
155533
211328
159290
161644
138622
146216
173647
143270
185199
169219
120287
147718
154902
198324
164850
167245
151746
162366
198244
150363
153279
235234
157697
171953
116340
159671
154000
184037
162546
122651
135074
111951
190889
126608
160953
197522
155874
198023
181973
142017
125657
174759
138431
194847
151856
193555
213963
188455
153910
154071
241324
143260
176592
170652
224283
116760
180440
150414
114486
195609
196430
169910
121549
155853
160082
159861
182744
167355
166604
130105
132139
216819
209224
170311
188605
159640
145153
104297
140144
162156
211087
171313
178457
145263
156224
149321
190238
153219
165683
184397
145574
166103
166563
127661
168197
149261
184367
160222
266843
159480
99828
171243
161555
150343
149642
159330
181482
139373
156105
139342
159130
181642
179338
192663
125607
183746
182584
157767
169820
167996
168337
208282
167055
172445
165332
146266
173497
165241
171132
159981
230134
156124
219153
158097
157025
167786
186041
152568
115288
177054
181682
165602
113474
267014
139512
256363
170100
175851
169118
143690
156204
185510
183696
112071
168448
147838
242437
189196
181883
182324
142659
151025
156815
113083
221658
160603
206339
177344
168397
136578
202902
123001
184578
150113
158749
130526
174609
173787
165662
178556
160502
97584
192061
206018
150804
95781
160092
177975
148740
130917
164600
162787
165541
101962
199666
94157
113043
114526
198745
153470
125466
141166
194587
135505
130106
144723
152768
133120
155713
146446
186141
192923
198153
150774
170731
92935
152628
127019
156094
131418
130465
155203
191891
173817
137128
142759
135054
160593
148931
170942
115488
107613
126649
133461
161233
93316
150754
192232
169299
178236
119325
157286
153069
140564
171363
153840
88908
185459
159570
148029
126338
168257
137529
174238
149001
148449
134884
174779
172475
150333
169189
158398
137659
178246
144612
101111
138982
153559
186371
107132
134233
149322
207220
109005
153088
136627
173728
147678
141938
157908
151205
139203
141797
104487
141316
127349
142378
168828
177334
133612
169159
155062
141046
162245
212931
171843
215345
167345
154742
156615
204625
225776
180300
162707
138902
125867
160783
190098
170401
129023
205988
109015
162827
114165
137288
162066
142207
193455
147879
190248
131538
150383
149071
139573
143099
161795
144513
136798
160332
146506
117662
191682
103635
173888
138571
150884
133672
171493
108194
116670
164250
114445
146216
120838
158408
135706
134864
147528
177284
149872
150193
100399
153329
149662
144863
148449
146406
155142
164009
151004
193615
123102
116810
178326
217740
164891
155854
174088
153900
174268
104727
217089
164079
123733
104136
188485
169830
221477
157847
180911
160643
155753
119806
186121
201640
96612
155012
151355
137169
133001
154280
194386
119936
130365
126238
173577
117121
153349
136107
154481
92385
134824
123402
128913
161013
91803
142549
114706
147959
150413
155703
171232
180550
148300
109116
122921
101671
140805
195869
168708
174519
151255
167996
127110
187593
140124
150814
203895
113434
143400
152507
165953
155412
170000
185249
99588
173577
183857
163388
143540
173227
131618
182063
163017
208442
212661
224573
140815
114495
158790
161965
143270
181092
145925
169860
223411
83317
172254
175370
181893
189978
155984
112792
116480
168949
167686
166554
133502
230875
148620
142519
134644
105659
142308
127511
143530
131528
171342
164419
126759
198083
135876
157927
168467
139923
110748
132920
151044
178506
120998
149581
112893
156034
233430
202692
106381
121649
155122
165893
152687
106551
161414
205207
166133
128432
164701
152177
133551
128031
155062
196891
114656
208924
148129
130596
96652
151916
161183
215446
126749
137348
144543
123473
133631
145945
178235
162036
123934
138862
174568
187533
170631
135936
120707
139553
145153
139763
149872
146647
182523
145865
134864
201911
131818
199676
103004
148850
137560
152317
161844
116540
148520
195348
157356
153049
143300
175180
216178
133802
103174
127260
146887
170652
167976
188916
172766
145915
149992
125707
124014
136297
159671
158328
140855
178616
187393
135946
154291
93867
149001
155252
129715
174929
151746
169660
131919
162887
134153
182013
164440
142809
190720
166333
142709
141777
203163
142799
186662
138101
167646
137519
131067
143631
135546
136698
157877
104166
93186
101240
184408
154411
146165
166083
158348
146826
167185
121509
169890
137018
219874
168438
153720
127189
143420
143751
124285
125757
142559
164540
149441
172254
150052
133121
189246
210196
164259
132580
131157
115698
199867
201540
165291
233029
140515
167736
125056
154200
135695
191541
155884
122591
158910
85371
173557
137679
112652
148149
180150
170851
114736
149251
140194
191370
90951
149952
141777
125687
196370
145684
94939
121699
144923
97514
131418
169129
112372
153589
173016
136106
165943
195218
147999
145544
138872
148600
108093
128983
155824
143580
129815
110909
132199
161304
137369
147278
171654
146005
149682
94148
143962
83617
141346
78548
91742
86793
146606
123112
120226
68139
158608
81424
157016
83527
164339
113123
124786
114737
147097
76795
168959
125476
178156
103625
138381
94859
135175
77536
120908
129915
164079
94558
196149
101461
187703
104397
111400
162586
126218
120137
125457
115949
129424
167796
152828
100469
158268
179848
180740
151746
93937
138110
146436
89168
141908
114666
105098
243539
99808
196780
132570
144863
121449
177474
120276
172455
149983
190650
183105
151776
133040
149181
141256
133381
136607
150914
169138
130926
175241
175300
153469
206069
167135
136067
163137
153028
147368
149091
154822
101230
132560
142568
152888
151766
147658
135436
132559
139203
160382
148990
131788
123572
148610
75652
181732
155874
124846
84560
153489
218021
115627
174890
117581
134393
161294
191861
134413
145374
118623
162245
131628
108885
150684
141687
135836
68669
153809
185008
125066
73268
152948
124795
173817
151586
237448
124545
173557
127921
145965
171382
220134
141316
163908
146015
160232
154431
165722
171393
119756
155363
112512
148921
128953
123753
122020
152427
143811
163848
209505
97544
161314
173547
124495
172104
135595
159911
168958
209524
98575
179648
105339
190289
146085
187403
180300
155012
152467
162757
100710
174920
156475
196801
167425
147027
168377
101021
122692
118864
133492
179248
163207
190729
119966
129534
151225
211849
163728
148539
134563
144232
192613
94648
102163
143801
144832
137369
197032
140465
138681
152407
180120
140164
140375
141968
143270
163438
138661
148189
159270
136958
144211
142238
107833
154632
117432
134724
162286
146136
176632
141727
152397
162546
192563
187674
88005
166784
130536
159972
172124
131779
208493
140164
219284
127640
178817
141046
158749
101351
157457
144933
142388
153549
131718
147688
144042
143260
146205
122391
144832
137679
142148
203654
134353
98395
150334
132540
164440
145664
131488
129133
148620
158789
168347
134143
129374
153590
144362
110919
153429
166483
137438
95881
171523
194176
166974
140074
172706
155413
179228
194086
136838
147117
206939
157507
156094
133261
131167
224443
151856
163839
92173
149762
223942
128151
145364
130656
162055
167265
154010
165672
170090
194887
176583
138612
125898
248207
166804
149612
130546
164830
176022
151035
89689
146456
124605
121529
187062
144682
124615
139513
231737
165482
162607
95991
153960
130305
166834
166825
122131
148790
128462
199646
191220
214634
153609
178045
189347
166694
152418
116369
197312
159971
149381
151726
154020
165361
127280
139734
131307
158138
148660
92524
179148
127891
146275
138050
162436
147708
155182
161514
150343
143380
129604
160613
124554
197181
136767
166583
221627
138992
99477
172595
176423
195559
149171
122361
151095
155673
133712
168578
136658
150444
133862
173207
106140
134333
147578
150954
165682
144663
140865
127360
166954
185460
174298
182594
162547
144171
143591
127380
130366
177735
183686
142488
105279
154000
141837
150463
170692
127961
131658
137599
160612
120456
179117
123313
142950
140835
164400
145705
148490
166985
154331
149071
152227
152147
128843
171613
199506
184167
140194
147047
97444
128722
131958
144182
133762
150604
210687
201750
187914
163468
139844
173356
97063
142569
138972
149853
146065
126058
237297
125437
140765
149552
152507
129434
149131
129334
103555
207520
140976
152718
152978
138441
131648
161504
223191
125066
133872
151816
151685
126618
170391
136527
165402
151446
133732
158949
144211
128522
111129
140255
154020
174438
118733
142388
148820
162135
147347
128593
158038
185349
129795
124054
153349
15475103
129013
122772
104387
158428
162767
164289
144683
194847
148900
113835
146246
136677
145884
158208
147888
143410
140866
159540
88667
143620
156475
133241
94578
145865
142068
196521
128512
151095
177474
141496
142468
170622
171182
142308
140024
142168
160863
176964
111720
135315
147818
169489
201941
159450
133221
135014
144883
149121
162356
190449
159310
167946
149161
148069
148519
157176
199386
183946
163809
226447
145274
115487
151325
176853
188455
125997
150634
148310
129885
92805
145574
158608
169269
132660
145374
149301
178336
146045
133571
163498
93486
136687
164039
145774
113444
142047
201519
207270
174719
133131
137198
85982
182854
152908
134283
143691
214715
152107
128612
130155
145023
126238
154140
144291
156244
135235
149512
147057
152678
139002
155423
101932
160112
150493
137368
192382
134433
191321
160112
145564
219934
184207
144312
180821
123833
164290
169499
138541
134032
161243
91403
156975
160943
168097
191971
174609
127710
176592
140835
186772
160733
148018
170010
176282
133531
143410
158559
144302
142489
192923
160082
210237
133391
173086
155403
184357
132219
154602
153649
171212
148660
144262
157367
146526
150093
144963
166132
150264
136246
116589
117511
101612
137108
150724
145494
114366
148550
144072
129233
91953
143721
164731
104407
115397
131217
159681
147408
148380
188274
103966
130496
163628
156465
103546
131097
140906
164771
186501
130235
118964
150554
127851
125818
165732
145023
143470
129183
165843
168307
138901
130867
120367
109637
134283
154421
142789
135425
156084
124605
133762
159010
171743
134774
154892
128202
161795
157076
146295
194226
109657
128232
142940
108505
115508
197873
154361
151676
156504
132510
181272
175841
116729
152447
162896
169770
173387
148931
144552
128231
153649
159510
151065
106250
167385
141757
99478
140494
138200
124685
142258
126669
157967
174339
138171
153780
147778
128271
126138
150284
128983
162937
171984
142819
152538
153489
170861
129965
140986
112332
193745
152777
140024
149702
161414
155523
146095
184367
142669
177024
140244
114747
169479
164730
170652
142318
143851
120227
157156
183516
128883
189257
191741
133532
154100
141096
132319
121168
202201
120818
138651
142358
182825
133231
165953
141757
143751
146666
160171
159060
135916
173527
153630
211699
188715
169399
159781
197021
124174
150413
158088
146737
139783
104978
158088
150093
161394
153008
166975
149542
150093
124354
132259
130305
103585
158809
131458
154211
125797
147598
139293
180691
140315
149702
90670
134824
137279
141477
203673
170452
130235
111079
172264
181672
128843
192964
161544
145334
149962
190388
160211
140625
125847
152407
137289
133432
171984
154912
155523
118463
172706
154201
153699
159521
181001
137138
148620
134313
160241
197001
169088
119144
147778
175801
99537
143070
155994
143791
125006
120948
187123
163138
105529
152858
131638
132229
164960
124114
133171
147798
129644
93847
145334
140274
143530
148660
193224
141647
156264
232408
137128
130065
96602
176904
190629
154451
156676
156004
95681
205828
179638
112983
135956
205186
143741
189066
158008
168107
151225
203824
94969
134223
151586
186591
142799
107272
128712
134333
135325
164790
162616
100720
110007
157006
178867
197572
136777
153550
133241
194687
154781
180590
154801
141056
167916
130125
183836
158739
145614
202101
102132
180570
184127
172495
86864
160863
116129
173547
153680
188265
149101
137008
141447
153569
153579
136036
178225
166424
195518
163278
145854
148059
147578
157757
180920
168357
178376
134303
189137
83878
96301
89529
83968
99227
99668
86573
87635
94889
114976
97403
86853
84209
97875
90550
89850
68199
110859
119896
62297
101962
110718
122070
83998
91011
83487
95329
83999
85541
79089
89919
72386
112802
68549
97484
85922
106691
63821
98867
69621
91092
103666
87154
88126
107953
101171
85751
107372
74070
72968
69440
64912
84509
88997
102123
89969
99878
91332
97755
99978
91031
82345
96822
95189
126358
84840
90139
87205
86923
88346
90811
82495
71234
94869
80832
89799
84870
98946
89388
97984
80331
90230
112292
89248
85792
98546
97694
97073
95560
107292
93146
83627
94118
101622
100109
91152
122731
107232
88176
92625
111621
104898
80111
84590
119044
104516
103345
96171
86783
105258
93325
81474
117000
71746
84780
105659
87505
97514
110057
79901
89599
87004
74230
87265
83186
98977
84149
88527
87495
109306
94668
109266
108525
105338
65473
82806
87925
86603
101852
85411
127360
100038
103805
97664
85401
102453
85581
77285
69190
107833
81314
109396
89919
94949
113985
86844
88567
98937
77385
84049
92995
93937
91743
111059
133151
80342
92554
82305
104276
67207
100369
88998
150293
97914
78217
94638
98205
86533
101050
87305
97293
82956
122771
78338
105399
87144
116930
94638
114966
87155
109416
85401
89819
85882
112061
105859
80993
93476
104998
91372
95760
89989
87104
82986
94018
110699
111109
77907
88607
101441
102343
89329
93336
109947
138922
91412
101111
78858
97914
94879
89018
83567
81855
117702
109968
84920
177274
88026
91964
142979
146706
100329
100239
94518
94728
82685
81053
101882
81032
92905
70242
95570
103175
97083
113914
