147738
217629
230864
274276
130736
225985
216899
210887
167726
258105
185229
126828
170080
339138
158148
142308
186290
201719
159941
159550
144562
166994
111089
125546
123853
169318
256372
122871
234250
152898
132810
117731
158188
210877
239010
153799
177854
144171
138791
214003
137579
207521
118473
106380
145504
204124
199906
192062
159931
162776
166893
388972
170110
261151
104938
156354
205957
126127
167586
188285
175530
144753
200377
194737
200618
146936
137759
203022
184096
109657
151606
161644
112331
169609
162556
245793
171874
244449
147097
163417
208081
175180
179178
196701
176442
189647
183335
237046
197081
203243
196239
103955
139773
159510
133612
181752
160292
182774
223661
146335
193304
181972
179187
102724
187503
137959
186501
126137
192873
180580
178726
137719
224612
147839
186350
171733
121048
143019
153709
218822
214534
277112
91642
196018
191120
102984
162065
189857
204405
217730
206979
139612
168957
187303
174749
153158
115668
209444
189076
187253
263826
183065
139853
172795
270018
254920
126719
198964
187804
143450
131507
194186
138180
174398
154901
131117
204515
213522
186581
173477
177664
199265
175681
103405
190899
161694
246143
290155
156545
165491
165883
166393
170150
153198
151986
120597
158228
148840
169970
145384
199195
157206
128953
204826
198053
145534
205186
161373
167756
181642
187373
173837
149892
182293
262844
130305
170340
176993
87204
155332
192281
212389
179478
196450
162366
222609
212570
198834
239130
159350
171623
246694
183044
166614
184818
225635
264066
190538
195779
180259
217319
185419
214734
245161
196209
184427
143590
233289
149722
222008
182353
221747
199445
166414
225384
198914
171713
193454
140194
223220
194876
185719
197452
180159
293813
197712
204635
211548
154060
174418
255050
247285
156585
175470
162045
147337
154822
188594
173317
225224
273675
165381
216778
181201
187032
176181
161183
118533
170761
147468
161203
186892
191310
181431
148670
187513
156765
166102
148590
128241
170090
166594
178556
193163
164229
158148
146266
174829
185178
187142
212199
203383
237988
139712
189006
150092
203993
185910
179238
135275
162225
173446
141857
194125
224071
142127
153929
167956
130075
185378
194045
180270
170390
154200
174949
165361
180359
206499
203803
143419
210676
149381
100590
150713
92735
188525
198523
242366
193033
158819
96792
188083
229482
189527
145804
144682
238489
175200
195007
196890
186601
145284
149922
175800
188063
166915
236125
195478
152878
182463
200828
199496
173787
214163
174478
203613
179518
169429
140284
140364
171983
141477
184287
187162
172094
211087
179117
177884
212690
129493
193083
135455
242476
175981
190058
167214
154300
130275
163137
203152
194987
194877
190008
133762
203503
206709
184477
252095
210186
142769
183606
171542
129193
144361
128673
264357
175080
123051
180058
185159
204915
226516
193855
239401
96622
143851
182904
187052
129113
199826
98125
273665
202712
187753
220054
172745
149040
194636
186501
180600
168838
232347
193524
197151
96712
240783
183856
200418
159109
179568
151525
180219
196349
150763
199986
148449
118192
193144
142959
177695
209134
228149
169118
180870
189136
204715
199375
225625
173186
173076
200718
188765
223611
198082
164810
201750
190779
180099
154381
172545
174148
198924
320302
181963
254259
183215
180950
161734
199806
169228
155463
175731
201189
153769
171913
183295
191090
185378
150764
199836
99748
157145
200307
190920
208863
157235
164649
221737
190889
245672
188003
93576
193484
122751
175350
174559
172494
88086
83166
210286
199045
160582
215625
150954
178386
188214
158949
190308
177464
127790
173165
206679
188715
165882
150553
188805
188134
217970
162687
191069
140434
228169
186541
190969
180590
208252
167956
172845
268665
210175
194746
186691
180089
199585
163758
189957
213692
176422
162215
194727
167415
263906
212370
118022
201900
190789
136647
133741
250892
192512
287581
189356
199135
225825
163207
173426
192102
182804
248628
148729
154260
171612
209384
219923
159309
184968
273995
104627
85150
169559
152157
201569
145744
188594
263536
191440
180169
180881
124113
180149
155222
189206
186321
197150
174308
180139
187383
187072
197793
172525
183014
165812
174429
148900
240212
198283
182283
171232
204966
159951
141767
129133
182824
234581
172424
174979
165652
200517
182082
167175
167946
157937
167255
140214
144572
191931
154000
142047
186752
169489
216958
199876
176081
239210
112732
146165
172093
167616
193674
189656
156855
178535
209164
173195
245642
188314
188525
185760
209995
149982
202751
156585
188234
178937
183234
201168
184677
117471
148600
160733
174398
209905
181161
182263
137268
154000
214884
230464
177804
223881
193655
174758
144041
172755
188184
229522
171012
149241
172655
196780
185229
140684
169359
150093
198483
178876
236384
184888
217399
188495
174268
197100
168597
178395
144000
148369
186421
186261
164600
182955
136237
191480
154731
176222
187663
143350
119525
181522
186621
133160
134903
205337
154280
173677
164469
311717
164991
172214
194376
152296
251603
110518
165982
120647
170861
191370
199926
179939
200427
173126
179517
177344
268184
139002
237767
176773
149431
208703
165862
179298
179898
176602
235112
219443
151455
196109
284456
211057
143670
200838
188134
180950
83778
146325
172113
122871
106570
183436
199125
152026
226556
192653
196119
216517
220786
132930
159149
208963
210046
186420
213993
126568
267503
181993
224602
164960
194596
119886
286138
174809
119564
150894
143590
201629
146075
129273
106009
175460
155533
226637
205156
172344
188865
163978
154650
116288
147067
151765
163878
116148
216006
184156
197411
160021
216998
207420
156845
152727
104006
204244
195678
99938
178847
151215
224592
137418
157386
116048
173046
136166
118302
140935
177985
164439
143971
186131
173627
167465
121318
155292
192913
80411
183064
169158
146716
152617
145524
135625
130626
138541
209955
123773
164469
164029
131157
189767
141366
174839
161043
189727
171623
157587
121699
174138
151314
154280
177984
240693
193825
180910
198153
182413
143299
169178
148830
145163
211638
141386
178446
221787
119825
119074
160031
158218
158448
172364
121107
126749
189717
169890
193074
151875
259297
153979
162957
156764
251153
144322
212210
190839
213541
149882
163498
149752
177835
205557
210215
184277
210306
169709
226706
204615
191821
222097
159740
156875
148960
171823
203704
160893
176572
105748
226736
178897
211287
124123
286289
155182
162616
149792
188174
205537
160211
201299
162055
145865
181862
179738
216718
160622
195118
204475
234691
180710
204464
243589
217500
173466
185699
181372
187392
163808
193754
213031
168878
213822
224933
169138
228780
167314
234962
174869
165802
182363
168136
252535
149030
151676
202301
228630
265359
134122
279195
101211
184076
176071
193694
205927
248217
195888
177895
153709
199986
262684
170882
237547
186591
195307
184186
189396
191490
145404
179046
188294
201279
240232
195618
187793
234441
190639
194606
193864
183906
203843
188144
229702
119325
148650
176572
141065
145454
213191
189737
188675
129644
171533
178465
240262
143631
188985
190068
178416
194476
198123
162054
154961
154110
179067
184397
157657
198804
224181
201319
186701
138721
127269
176482
223951
134443
191530
195127
205697
143350
145484
186881
178726
194846
165211
129053
193895
167605
181862
178215
181922
175700
206157
215596
196409
163928
206018
195217
173767
173857
195067
187924
132439
191931
235724
161624
177985
200507
183735
190919
164800
183515
124524
146826
128602
142838
190368
163648
213221
179899
97033
196250
150514
201990
163097
187933
194286
158708
132669
193374
184507
193083
192031
171583
190729
187011
167485
205657
199856
192031
205526
236985
140033
211358
166043
229852
176371
133612
126248
182604
132199
162456
156675
175760
186921
160402
181121
111019
189917
180129
168888
170431
158508
168918
189406
193404
271421
187653
180089
185068
167154
185539
160542
172825
161945
205246
195027
178996
189617
188414
175701
190348
247265
135224
185449
176552
183635
137128
164680
198473
186490
175260
185950
192482
184547
188895
193934
195548
189677
166573
190970
170120
212650
191079
184988
184337
147427
184207
158458
177284
168237
216798
162225
162125
159971
182974
203854
177704
119925
163037
177564
139863
171993
204164
154861
323649
265028
186931
190839
173006
199705
197772
167395
205947
178747
187723
156644
214694
138801
170641
112001
201069
156935
257574
176882
181271
127830
203092
213050
219813
169639
224873
198263
180059
144512
121558
194255
132179
169710
162796
205967
187242
188264
125586
193003
173737
156284
182423
147387
172344
192281
185278
173636
118423
152597
189937
120176
182844
172495
146235
174138
127430
196690
196569
128542
186330
223330
167275
194857
180870
246534
181251
142007
175881
133161
185699
180179
183645
164460
173456
156595
181401
165842
187132
141547
184797
192833
174098
168527
174458
134944
230995
166312
177834
133992
200708
165621
116138
116459
103114
118173
117000
169670
105708
164159
86032
196229
111951
163387
140144
162355
106200
150994
108805
211067
107903
193384
140073
156805
108083
173746
180079
61235
165341
114655
165240
132369
209644
214142
170671
169850
192823
113364
175871
196760
179909
168136
168608
204675
200146
197652
176792
256031
159279
177694
183115
102272
174819
125415
172906
159030
168006
226586
103726
171623
139302
153719
166162
166072
141636
193244
137148
211138
202581
201048
180530
161604
173667
192302
179859
245452
239571
201419
189246
183395
146205
253667
172816
240042
179217
178225
176262
144011
167215
176312
180750
197812
160923
147247
189126
217539
193554
177614
194786
164851
166233
156194
190578
178206
146846
193965
207591
165331
200868
165482
197100
228460
181521
175760
180920
170070
174228
108815
182593
163718
185710
179418
170161
193934
179949
197913
101290
144983
156224
185079
250321
188094
165712
170180
165772
161804
204364
150894
167455
95920
173997
231015
165180
160552
196790
189126
133541
190719
160923
156504
189126
144101
187893
175781
156895
179127
184197
184387
153118
180880
113073
169759
141146
177473
197993
156795
190989
126869
195157
167585
153469
214183
161494
227999
248287
135254
180970
212159
155683
182003
183435
197953
195648
152407
246063
182212
161154
178245
188514
145433
276781
239711
180119
151785
171352
229141
201339
146395
188435
176683
142578
162897
166032
170731
151946
175400
149220
185699
87113
179348
203553
190348
179508
141076
173246
205135
187944
156054
189797
169679
172725
191791
140745
189346
197942
184617
182083
176482
148349
169630
190578
165201
198183
185178
187643
237888
188955
185249
196370
229311
147998
178676
128331
185199
191400
167215
159009
222078
188435
176852
172274
160101
186932
165852
165702
172584
180941
166393
135275
214844
198894
159540
157126
225254
191831
170550
184187
226666
152587
160291
154981
204675
162796
184347
186621
184688
169889
169129
127991
166854
137429
120316
130105
187443
157206
181452
163037
131127
193855
155993
159650
163157
168828
203813
161233
191340
172485
172975
222829
191911
187152
166904
189536
105558
186080
168738
198503
193103
152246
195307
173967
118513
160522
150904
157186
238419
212951
214764
184447
136547
186381
166613
157877
173026
212359
179177
197411
167304
185089
184076
184217
159550
160181
155964
185078
161934
158778
161283
140434
179788
175831
178496
175821
216537
120287
159821
158779
149221
183455
189296
163918
161584
143690
214724
173466
176462
162485
171753
178746
181351
184587
205717
168467
174408
175701
176843
175661
181682
184407
211918
180881
165270
152557
193494
197501
166734
171783
241144
162015
143169
168147
213541
152587
239971
185960
208082
241664
168728
205065
183425
157436
223370
141947
182783
189516
192923
199906
152426
160011
171683
108173
259317
168287
161694
129193
187293
76685
160342
119535
233930
109205
154471
108885
175190
95660
175350
115427
173105
143350
198644
113233
213191
111790
169650
151976
189266
119374
162365
112091
151766
128482
176142
113353
170431
81193
204766
137940
115878
120346
134052
120366
130035
100970
167505
112482
199576
114105
157236
160061
278644
124935
168978
127860
160132
122801
245121
116700
167956
116308
179147
98144
111200
94768
183385
166853
106951
162276
86753
157005
121489
170511
124564
170251
101240
115006
149872
132810
169348
104045
116309
119515
141947
88887
174458
104276
225184
120086
189146
128071
207591
124384
209514
146967
236976
149181
204474
95901
220805
169478
282872
172825
110258
179548
161113
124424
268665
177404
113734
206248
219914
183064
191740
175791
184247
193825
181732
192793
154741
225154
163027
178276
111489
197511
102042
117582
111660
164569
129754
151165
121588
182574
113984
175029
135305
166273
73909
171984
121369
168296
96031
139793
116429
195818
126057
167996
115247
183054
112883
127630
129103
187723
110558
161213
116559
157456
99347
189567
137679
176312
98165
170029
82535
161003
176933
182273
122290
162346
118824
117561
115277
161343
119395
145945
104537
161093
121448
252355
103194
185820
106791
212540
125556
183485
117491
173336
94237
167856
138150
153389
156084
164009
107452
113994
78898
153709
108404
155263
149852
137138
131687
165962
151666
116019
114966
146837
112552
174819
109767
154731
183035
231396
112612
164860
85561
157917
105728
173076
107262
185059
110889
162636
128221
228199
109606
163968
96471
166743
133801
171092
103956
168828
98917
207030
103594
167646
74911
160963
146566
136928
107783
137308
79600
187603
118864
176472
75553
153139
127961
190438
109636
151525
129423
158468
205877
207470
134032
110367
183956
184638
224993
250060
208813
162906
188895
175951
179728
194095
229502
211468
173496
176542
163087
158498
183936
179317
203012
141396
209264
145404
166654
199205
160682
89108
209785
228119
153919
195037
160983
177734
162716
166072
176902
170321
185870
178245
189987
150122
155773
181001
179979
222578
188936
216828
175460
155292
218551
157937
197903
200197
165031
182984
198483
191781
103916
175410
186411
103255
165281
156775
179788
290597
203573
170651
298532
287591
218561
200387
198263
171552
229913
195859
204254
255110
176622
344257
198874
217840
211598
200697
171022
186361
154210
168807
233549
251614
145765
132709
139813
255020
235083
189236
180630
234201
172355
230835
229422
251534
243358
175951
176462
193113
201950
196710
222429
251432
220766
163658
180860
219213
128843
202310
162666
251112
107162
232698
178706
207280
209514
112702
120006
223670
192913
204695
205006
172605
184968
168817
230644
189366
240692
213371
243428
223431
201249
213060
173015
210326
198754
222318
173616
205367
186010
202070
175370
188315
173938
251363
195427
187262
228049
165872
196911
220525
202571
181732
153980
250391
164209
199906
208091
185590
198614
169058
162677
173536
191150
178055
113153
182473
173827
168547
128992
155392
174488
186320
170161
161103
151696
170641
183505
168787
153819
157356
91602
106450
212239
186331
196199
169099
159220
173697
231496
155202
188986
164139
193003
154050
194817
157737
215486
238269
203744
87504
164409
184267
95770
195478
182874
165040
112581
159641
207200
91382
153399
278003
194336
160903
177314
176372
150733
225173
157055
178355
156234
154971
165722
168937
126067
165571
143350
181572
189978
202251
174408
115718
167986
261953
199796
179407
192011
193534
126749
165060
198113
134593
182733
204555
182103
204224
137188
157756
227248
181361
197151
161744
184787
212370
175049
229121
163187
156384
199255
153198
234732
183235
179407
200247
202211
164680
122059
163518
233620
177695
252375
209213
203994
179758
110217
181281
128171
208853
176703
202341
195968
199375
193494
130636
236044
174619
203363
180970
181091
170320
170009
161644
185739
165701
146596
177333
120788
196590
178336
170220
190027
103355
200908
170040
176983
153038
202230
186100
129984
199826
190268
183184
194366
211107
138981
194917
203974
165572
204796
224663
170611
123342
137929
191661
198614
175781
146966
142809
183084
158338
184838
182864
218551
176883
153148
185599
184858
147397
138961
151615
138119
204424
183035
257775
141175
163528
128682
152807
228249
153098
146866
157406
175891
256573
187182
173887
156405
159400
236245
199987
185259
182564
169259
218441
241464
183355
174829
176131
225764
158578
181461
159410
192792
174348
179437
182073
160802
136948
186000
247696
148259
99707
171913
177675
175180
195488
171763
203543
152016
196690
188745
144322
181421
159120
169980
167415
167365
167786
203704
221847
173907
175500
191811
117972
120596
133932
161815
177204
198664
223841
235793
177293
185820
189226
171973
192682
272292
238138
177855
133221
164850
199655
221206
148239
176983
134283
169639
193324
156554
216377
191209
188945
178927
172364
180910
157586
228229
192903
192202
162866
175120
144943
216247
149321
122330
177013
76744
190058
173978
208312
180149
169769
192332
190819
176512
166173
153229
154300
195938
178897
173316
215867
165091
152537
173737
240051
158287
158638
187432
138651
190378
183926
175440
189567
117531
158287
155463
172234
268916
124474
186120
83256
136898
183575
185189
159630
168056
146015
178405
176653
169949
148159
129894
218491
184577
164209
185900
147738
187933
178486
188905
236315
193945
182764
112441
146435
175240
152016
177424
151285
198092
161494
180650
177514
142468
169478
217249
158087
235343
197702
172905
184457
184447
161734
141486
187473
154901
173005
139582
156435
162496
174649
183375
193263
191931
179608
139743
125025
203553
140104
170220
226025
168316
223841
185288
175921
219333
178225
156204
144672
138731
177033
183546
189246
135916
175701
278854
194226
186551
141265
165782
170751
195478
180911
167485
187482
186481
166343
209193
271401
175290
181681
183896
188895
188344
173116
265861
253397
181301
197662
184607
242957
184917
229712
188645
211899
182062
140214
171092
186661
143971
180009
180900
184698
153509
175219
198163
205998
186902
184066
139232
178877
123603
169909
168737
120277
196941
169138
203122
179728
209845
171833
167475
201139
132549
183606
208302
168807
158899
203042
199275
181231
163497
176943
138310
182252
163929
97623
202912
157196
119916
240282
158709
254138
227719
186671
188014
164700
212790
192913
129924
211588
225745
183004
162916
149772
178055
95980
231746
195708
175530
169449
167755
197121
176382
172775
166563
194356
196970
223391
149260
149722
171372
164459
160212
123402
153348
172334
204876
173216
318319
209084
212780
191069
213422
232898
180159
154220
176702
245953
252525
177043
146205
179257
126298
183625
139613
191320
145704
156444
170841
216878
251713
162787
207030
136447
190499
186391
207800
116108
174078
179488
149571
184427
183074
151595
186982
114104
229311
191421
125887
122390
199184
150824
138010
209424
133281
184076
143370
121729
176492
160893
133591
171643
204875
136657
187943
128822
171442
183806
230965
179087
157055
202391
118984
192953
145543
179838
150684
246394
163307
141937
203533
143730
182614
142949
160391
154711
77535
95039
174468
216908
126728
151435
124975
164209
153238
183726
151715
136016
174579
112371
190428
113904
171994
82145
159199
142858
179237
113614
146536
101390
268125
127370
95710
137138
103886
145975
131588
169799
101491
176652
101641
132309
103695
132019
128050
195067
137880
163818
114275
163087
79359
190389
96902
162535
121869
247135
156354
115367
168557
177524
80281
191460
111650
152818
145834
164970
118874
145955
131327
172234
104727
169870
116088
127209
144963
213322
91602
139973
144131
155593
145604
187943
126969
138080
127820
239340
99076
176542
113153
158959
123222
231195
140554
104507
118072
119876
162275
104206
204595
200036
122371
96421
189186
124244
167506
104126
175841
103835
166483
120046
185119
118002
177965
105588
214003
65873
181041
142088
158008
120226
175400
89459
163708
154731
160752
123773
176472
118222
150994
113213
161735
135274
186331
107272
115727
134402
149812
127019
208812
94829
145153
115988
168487
120396
158959
135575
154240
121729
186019
119344
168588
117190
146415
124404
124354
140334
185158
89589
115768
79730
156214
74840
161183
119995
172555
126518
133051
124734
120797
117521
164650
114375
155262
233880
80702
144081
189527
127259
166834
180530
111761
179999
106551
120737
102172
99848
82415
167736
120346
172455
125616
168587
139863
143500
73809
259478
103655
178375
159289
111549
168207
209374
125837
180780
88135
199756
156835
122511
143270
155632
186791
157576
243098
245011
141737
152186
147537
86714
216828
181371
165050
176572
142929
180770
273785
158428
164549
150302
188524
78357
193424
163698
147126
141817
199506
156414
96852
191600
158489
87184
194776
197932
121538
203523
182914
214042
180149
116850
218651
147217
199856
162065
204986
237086
178836
199205
177334
167345
245071
180209
157987
186822
192763
214203
170581
115097
188384
175279
139292
242806
190819
187543
180169
189947
209695
188765
166473
170341
133982
216457
196049
257845
271571
158879
92964
113664
209234
189266
265710
209785
190959
176381
207280
191360
196179
243659
144522
163307
123251
253356
207049
135394
349097
194215
179367
166593
262955
252895
188254
196179
167075
215946
163628
184837
154701
195357
196290
200326
155823
110128
198824
131407
171923
145794
236555
151125
124144
182894
123983
286699
168417
195208
145564
198123
165181
159430
131998
161925
171242
166583
193635
211047
195749
116720
193634
210416
180630
209905
185079
200598
173937
212741
199124
214974
212740
176322
116990
175089
152857
176351
216848
209264
179257
188324
228760
200016
185339
210987
197843
174318
205005
182674
204705
170351
185639
152897
131868
124043
172985
249450
197952
178075
394593
177785
147878
190218
176252
173036
168808
141516
135225
214804
158909
195759
186120
156755
163858
178546
116990
167345
165842
95660
191520
165962
258046
145193
227047
159079
151315
153008
231656
235583
181953
151375
171192
184066
286078
191210
228409
195508
179487
231345
146265
218712
228621
221076
164470
239530
204755
177053
174919
212289
179478
124474
213862
188915
277112
164489
257865
183275
192553
205116
218712
197742
150383
195117
216568
177274
197942
115337
115037
228931
292550
201569
258867
163798
196930
153359
149080
219863
181091
185969
290366
182182
265960
153047
202531
181040
230774
200637
185820
217589
201288
203382
119876
200286
181011
203102
171342
158989
195268
189146
184417
202150
165271
269767
169319
171503
218271
158889
194456
246804
297249
187663
208302
170260
230995
166854
262194
188674
147457
188184
208252
207751
165010
158468
202762
183155
227488
162516
179648
184327
218000
230223
190218
194095
215705
163588
207982
326795
194336
160111
180500
177354
179468
203002
197742
185990
202060
147217
185369
113623
184798
210536
202371
217159
188154
198233
233149
212630
180579
177945
126177
209414
206819
246544
177944
144742
184287
186290
204965
185899
191741
183976
228200
201990
206559
131277
205516
187212
195398
164369
201369
184848
183886
115197
154671
183205
206749
193134
189236
139222
197662
196620
215506
172404
233539
212150
168858
182403
159751
191010
202721
202010
204264
218111
178646
202862
190899
195057
168066
213000
202341
223681
211919
195097
181050
190288
202952
230544
239080
211988
173356
210476
179999
260169
217710
179187
208061
194777
204825
162145
191350
222829
221938
181081
118924
220625
139783
174819
137158
213081
184357
218902
203152
198904
190839
245221
148068
192292
155092
255050
202231
213191
179698
215726
181952
134082
178696
189026
192923
179127
184247
208882
193764
206148
130997
133181
190989
145664
186120
140635
149120
191951
233098
182954
232558
217850
185509
218441
216537
192211
193364
168657
216587
123122
263887
123472
238749
205306
197221
139904
227107
191109
154410
181301
191831
164219
105809
224823
210646
176002
253677
186721
175350
216858
210867
202030
213271
151274
160762
200246
234090
157426
163548
194707
142568
193624
218150
159340
167595
190940
190889
303100
220475
168997
157897
199095
111199
196299
188956
195388
208783
171062
179207
211137
213541
166022
201479
329290
185338
190779
180911
223370
145213
220235
262584
192172
200527
193614
174979
186221
160081
151155
181141
197932
179869
146776
206348
219213
181241
248518
141265
228570
143240
199765
204815
170711
170320
254739
168577
229872
219423
179317
173125
214674
235403
276199
198764
247907
179217
190128
205357
196069
167596
175851
178856
161223
192392
176101
191511
217489
194927
195929
162847
187041
129333
187983
129364
183475
271481
155032
188565
187292
237637
183475
153238
175690
167275
202421
204555
173386
170371
170912
162105
176512
188926
142247
241945
184407
169819
207621
191069
241143
144983
204936
164289
174037
198944
172284
177193
201198
219202
208572
184597
112020
183235
155823
190278
197752
170491
156855
214504
190118
192552
173967
176743
189116
123593
156395
205436
159480
173396
124504
202662
147868
163147
217028
189226
218681
141847
160572
196489
220495
135786
173066
183375
181862
171823
180830
139953
183926
170060
199465
256112
139813
194456
235694
199165
250371
121168
194766
143330
189146
199725
220345
156094
174708
231205
145644
170321
215105
145444
129223
139783
206920
172675
247005
200687
140845
170521
231856
109566
139432
160863
190058
175700
176932
183114
158719
275939
92724
196058
159861
206519
113914
150784
128051
236756
179658
179357
164960
213852
103134
169640
144562
184517
220645
278484
149541
208633
177925
184307
144171
172634
183375
238399
177544
199996
111750
222389
195077
196419
131677
154000
179858
180339
201539
198233
230223
141096
203272
222759
155232
165351
173606
179799
129283
291448
124474
138009
164178
180559
305355
192322
183165
179959
90290
131838
175850
165782
173216
107543
188835
190438
224232
141356
162206
181872
212960
185178
175700
232808
229802
178636
173276
140875
156284
202792
191671
183235
198694
177935
137669
167335
137589
94878
200037
213081
229272
164519
189025
203383
126588
210446
168447
194566
203292
176372
157757
162305
185760
182604
163828
212189
204404
229472
197772
159280
167194
292751
232036
212600
203142
161594
192633
247145
187363
167605
190669
137599
203943
125947
185900
201760
128041
151234
175250
193344
151275
118843
182383
226516
126067
166133
198594
163738
227438
177023
188244
120797
162516
223861
171172
137118
180299
168988
178115
164931
104888
186260
215736
169619
161955
172675
181521
171693
155712
202501
198854
172655
208934
213521
221777
187463
173446
148729
192522
175109
179458
228780
199085
166383
183816
196340
138631
173607
186551
199405
202892
175841
150293
205837
245612
186951
141827
198764
171673
313310
221727
244009
125155
255671
201810
214574
145404
163708
178316
165060
189968
233970
185038
182052
212069
198463
216588
169720
169388
184177
206419
185129
190639
183435
204795
184167
187583
196680
175079
279395
203182
78388
179247
197932
248257
165311
191070
132068
169799
186240
177403
158839
164880
193904
184097
162927
95860
189176
216548
185048
141987
140875
115046
197932
127960
170231
124554
150644
198042
193143
185419
91282
164369
164460
212310
142919
140033
175620
193043
181352
212700
167605
179668
194235
188786
121299
151004
158208
148219
172715
84228
161815
300856
189376
211669
164168
200036
149861
139372
139051
219332
146696
196059
174538
192472
158508
223260
183465
189557
116089
222629
143751
154932
178306
248167
220635
194015
186892
112762
222339
174758
181041
168176
167846
195949
224763
181331
197732
161003
191320
192011
191120
170811
218381
156133
173397
206839
170731
119605
184788
130565
235422
187463
236024
168087
207941
200688
197722
187813
225765
166573
134263
181261
176061
220565
248136
218591
187092
155623
193073
182985
182524
184447
205236
138861
226536
180941
148259
170891
182633
178256
231045
175881
145594
183295
197912
110628
176542
177003
145313
168527
114034
174168
126418
171032
148189
146025
109035
177173
134984
215806
98325
173236
78007
168487
160673
184527
133772
170631
135745
165411
132289
155493
98595
162355
111680
250611
135075
168697
126949
159009
186471
143920
160412
185218
182453
208142
201970
170661
208943
210817
166083
200257
172925
176061
167926
200217
229201
226967
280057
216688
193283
209965
152176
144792
132219
140905
134693
139493
177835
187142
190388
199696
122741
185840
174548
188885
151996
139352
147748
182113
192402
198093
189366
182703
171573
219062
160241
172004
142879
117941
188685
181010
136827
210035
185529
189486
181361
161484
188114
172144
177804
94698
226897
183576
194195
172865
186772
173446
173046
209093
141847
171373
206799
155302
121589
297860
132129
169028
243348
180710
178816
194125
218641
188635
204395
206349
161304
152858
137729
191942
179257
182242
184026
186421
147929
191080
246374
195537
131948
178436
258035
176552
123212
170952
177254
220595
163327
185539
150313
198884
263816
132950
208442
177213
214102
202250
165722
177173
141807
253998
194936
165592
175971
160522
236805
188544
188374
169619
182974
198594
182323
208953
151304
182783
182263
184557
171052
170060
178766
193174
197040
174308
186952
165562
116369
179558
194375
189546
165902
171923
122581
183074
167244
187002
168407
179147
188745
160813
147597
205206
221317
168016
211749
100138
180019
250651
160552
199786
141977
194917
211007
189887
153268
273384
270459
191891
159740
157697
161494
183185
191701
196129
213602
223460
185309
139182
188194
164499
203763
176993
166232
182493
197301
266180
219463
206899
180369
175179
176181
183916
139933
188775
246344
187383
156474
204384
161845
166083
150112
216678
127509
179828
182834
192362
194415
241835
205938
152898
148429
185950
223090
233339
163096
132890
201519
168096
193193
167445
147478
181922
185609
159891
215225
179017
223240
135816
135605
170611
245311
146476
194405
173366
185349
190519
139272
186120
182233
185960
178757
161184
186391
202201
166042
184607
201309
174819
185088
166033
222638
182513
153038
192862
180439
173557
201830
167255
177564
270519
161644
183585
149060
201058
121348
207059
184116
122971
177654
113374
161043
175731
250722
199746
260700
141716
208132
183446
177945
155973
129634
172124
178025
202040
246394
236695
199104
179047
174979
180019
186751
177664
203784
142749
208943
192472
200347
192402
198764
224202
178496
209003
178476
185288
173466
184036
178235
80842
214553
136787
192282
156114
141185
159941
275639
174338
185499
203142
159820
184127
180359
206769
195818
212329
194766
107281
168597
212840
205547
168286
87114
226126
200558
205657
173546
185769
189687
165842
191761
203422
217188
118453
162646
236615
166573
149010
229302
158338
217650
262223
133472
234922
222859
182854
130936
151415
160802
144392
182193
204285
229031
175260
209083
209264
170501
168898
182443
197181
150954
229642
165050
184738
200978
202471
163758
192983
169589
196519
105789
233059
159119
143099
224362
204835
145734
190539
178726
204414
177194
123632
178005
183585
178375
140203
175981
159651
163227
166193
192993
171192
148279
164500
153358
185799
218511
184768
197552
145273
213071
199716
72487
184878
188395
162626
200708
204705
154791
174969
146365
139703
169248
161785
154130
171382
162496
138700
238148
110668
130525
174548
106600
168757
272493
192832
173667
125877
202761
218571
258797
166944
178646
158849
176552
237587
186811
167375
178606
180229
132619
180099
187974
165661
112942
165692
155252
193494
177304
148379
214623
179207
177464
128562
168638
174318
189767
210456
145273
171784
225164
159590
179658
109626
101771
234812
253587
171533
184617
167555
86413
173065
227037
192513
206338
188315
199685
175150
218050
161864
211928
168798
112171
239150
198413
115688
210726
145935
203012
174818
86293
144863
177474
134442
224182
158548
196319
199025
174869
163888
247536
177564
160592
112261
162786
152166
183746
148820
226015
167655
154290
180219
164349
265068
168657
198523
211868
170250
168377
167165
167625
185729
198493
224512
167545
103996
176151
88687
189646
224402
211618
174117
167976
166404
236194
173105
185589
150433
215275
212410
143760
190117
128132
197963
190638
183264
184487
103144
182714
199586
147497
175069
204004
134423
169709
139282
185559
172544
193384
127720
181952
216707
194316
189256
185419
168497
151576
228920
192742
180159
173837
187933
220334
177053
165882
190458
202941
211748
181381
162646
184968
215736
182964
148980
129283
198193
195037
135555
226506
118933
143410
167936
184617
201970
206709
184648
152788
243098
171803
193424
187433
136727
187543
270879
179788
186000
206549
233669
207039
193674
160261
161103
185779
176512
284154
186842
133360
152196
181852
155632
153890
162926
195889
147417
158919
158649
164890
198704
184116
152718
148850
184697
147778
173667
168808
150804
166893
160943
186921
106931
138601
179768
191861
185910
156735
167095
185619
168998
152828
127460
193805
166093
153689
159160
176642
186651
167855
171452
157686
181772
246153
179958
184006
178326
189035
172414
188875
123312
198604
118162
167325
189977
164910
219663
196760
162736
103655
251934
185569
193975
186340
186832
179368
165702
210406
145093
160102
187863
178065
165371
253066
178907
303180
130776
188224
231916
196980
247175
214583
148479
220104
204424
208101
175750
177363
206168
206278
215886
183966
172714
141947
201790
201088
127540
153248
264478
168597
165481
192573
165140
114586
203022
95760
128111
201208
227548
178757
145694
133461
170611
167786
181001
205066
180931
122220
169429
195818
203493
161884
92484
110849
165882
203573
192452
92173
138701
163888
201039
190869
162696
180410
276961
172535
150764
197231
90830
218131
148399
163688
185649
198203
179768
174709
179918
251593
113294
190579
141456
159270
198423
176973
124784
113042
204695
174809
195257
184947
180068
189256
235884
177524
232087
156334
179197
165572
193213
152086
243979
162896
179587
176081
199826
150343
160943
187342
174769
253487
106941
150734
185990
165983
103484
223310
179036
255320
185439
196219
218782
169048
208212
164529
173888
188925
303571
142748
179367
191130
172916
169058
155914
208933
166263
193705
212139
81574
244950
175731
179688
223070
201820
141646
188695
220525
179288
227228
150483
274747
134353
228219
185419
197311
166564
192112
172745
206539
185909
207740
146395
132650
218040
187833
158017
193925
173296
221958
173276
241845
198544
241755
171843
181822
194586
163738
238829
170711
127029
213802
187122
155663
135705
192402
182644
191871
191881
150002
186872
176402
119494
209233
109155
204495
129444
202712
116279
235433
189166
182133
80692
209404
84169
165221
160852
153168
109186
177924
116740
176351
120507
193844
113223
153238
118533
177714
113834
154771
158228
177073
105820
124303
111510
130375
105950
172765
132309
173025
111359
186692
106370
166063
106200
185930
126678
202742
141906
150372
108925
122691
128692
173847
119455
227869
124074
176232
122370
173867
102984
159640
172234
162255
94698
163167
121759
127981
109917
117842
120056
96371
133170
171713
150122
160482
125696
174318
108775
138691
83888
164159
112431
227638
144511
132349
113183
183335
119855
134924
77436
173186
126518
132278
119976
153989
137248
198885
88116
190539
121719
119185
144231
156324
136937
254299
160632
199956
59753
203313
110989
229021
156495
177114
122760
164158
113313
237306
82275
174077
181882
146165
198233
209524
149081
203172
152467
185489
128943
156955
166563
192422
174979
141536
147658
182594
174398
163949
167064
268325
183726
189807
188394
138220
148700
181862
190148
160852
173577
173025
184216
180630
145935
177013
236324
185219
244650
189467
139452
190859
163567
187683
194436
248087
164279
178676
139122
244530
119505
190559
158348
141105
158198
207360
201559
220054
211397
167816
185208
184337
133832
143560
123302
168106
173015
190789
212450
146305
156304
181933
164098
134834
207611
127911
163748
141877
164269
189226
145774
188144
219162
201098
190929
182403
171323
201699
188775
191721
231025
113062
165111
204825
171963
215816
130506
228520
182493
144441
166242
158038
127179
188624
154921
195087
203413
287030
187413
129814
189176
278023
171994
144953
178206
195177
165281
198643
190048
240513
173988
179127
179679
91933
192933
186952
170240
169719
171062
200387
121929
177724
144963
167495
149011
193073
177324
172996
197201
175821
159240
177043
164279
177444
213542
203182
133702
2069724
106660
153108
98906
149992
200868
161754
147357
142367
148990
158068
186291
193354
166463
159971
240663
126718
161254
166733
175920
168467
124935
152917
126468
212840
160472
160592
165943
187673
195588
154471
186210
164550
119355
192973
136958
138921
174799
152757
218111
124694
126758
148951
188274
172154
171513
149641
241634
156194
214794
215755
225324
162917
179728
184467
190368
166583
179358
311426
267774
143129
101271
181942
164178
186751
161284
165532
190358
153559
187612
179848
234882
172535
194166
236625
226877
152758
204154
139041
174999
206077
147618
204595
155833
187423
161343
143761
179046
156133
236274
148039
152036
171463
179167
189286
176061
142648
188615
168357
172845
153810
145524
189095
151205
223551
163918
214884
163057
164129
161634
120356
94878
188314
194095
211939
202621
156644
249530
126508
185950
190739
192642
173997
153869
225765
210145
225715
222248
154170
150173
133010
141015
175199
117320
162857
169078
125136
140334
125215
174248
103515
181481
113594
186090
96261
201499
161764
161724
124895
118523
145043
184447
118393
163297
152256
232558
148870
170962
158738
156354
102212
189637
80391
208623
74380
219192
119495
142328
78658
134392
132519
112412
147167
127560
124354
137238
142749
100580
102834
224252
130115
203513
144923
146115
111280
183104
110528
186160
130144
168256
120186
159781
65303
218871
100108
235372
111129
171272
167154
183545
145153
161744
105880
172475
165652
183465
155633
120196
150503
180439
183055
112592
155773
122510
167855
106370
180730
122861
183806
97203
198624
119605
175460
101852
177925
97914
162125
96311
195187
113093
174398
148780
155312
117792
172104
143050
207671
104647
239981
131768
152677
184487
192662
197892
190749
149201
113403
126327
185859
79450
118603
123973
200106
117782
127229
150593
155512
199986
107923
99146
109015
150664
128522
145454
122791
156965
158929
150823
126317
211728
127600
125316
127250
147127
129433
155543
113995
209143
126569
155212
124644
122761
119014
181842
113203
160963
189867
183806
107362
248538
233349
97674
186651
126568
217319
112352
161754
111129
173967
99096
188655
189988
120917
171002
103415
177804
159470
110358
237106
112071
215726
116980
179087
101711
153840
140444
177404
153579
191760
115197
193264
115336
205647
118793
132299
147949
208672
120757
147347
118302
107723
121278
126558
101601
168567
91412
153990
146155
149972
117160
223922
108294
247025
133882
123442
133321
140565
118844
172324
66064
154370
113163
156694
129854
143179
105208
164880
115698
119996
139452
146335
92724
119534
102593
162946
110568
178956
196499
199475
135145
194055
131387
245351
116128
197311
123052
125225
143070
230984
182153
153549
183025
163427
141326
239972
125506
207711
185860
148480
173476
189817
184728
213331
189867
147567
224813
242356
182643
168507
135455
197922
134774
182874
174758
135505
224122
120156
233800
83727
110227
110838
195217
192151
169269
174378
203443
151906
193193
153770
180600
176031
260500
170832
194797
116579
159911
189737
185048
157616
130886
170982
152337
229832
232968
229362
142088
182493
142968
268556
187412
196850
154450
246544
146946
180159
166503
261301
159249
206859
188825
173026
198784
190168
157736
166543
127059
220685
180550
145554
111991
154691
187933
262443
172995
192412
207851
196460
189377
248899
158748
176572
164690
173747
168988
240052
180119
205617
169048
226476
139954
208262
187022
146656
271571
200317
195879
131788
202821
172704
146675
184397
199385
137479
164339
177424
137549
210496
171964
165671
167695
182794
181702
199345
174398
173607
184968
162175
147547
179568
115807
174849
137148
167434
207841
181731
132970
107502
117812
190338
146636
195417
211568
176092
200757
181031
133241
239711
153900
149321
141566
175270
158929
189526
115888
164760
134653
176632
158699
174308
105889
163698
112782
152537
130846
192732
153278
175560
193444
138080
118644
176802
167866
187372
186581
168186
225854
155943
151825
173196
166252
147026
156364
192642
201249
162145
174969
108013
140774
184718
138430
155041
145213
139523
133041
178495
165311
240031
180049
126849
168607
182583
164900
174208
93807
165351
182944
138650
97353
199225
233710
162255
192101
155994
171743
134403
149210
195858
171723
149661
240893
184928
117711
135515
169148
268645
176041
201640
198774
179748
170871
117401
197652
174318
181060
180730
126097
228139
247576
199065
188685
203102
157777
174908
186120
163397
257394
152807
168588
155933
182223
140805
179798
165171
110698
183756
178726
181442
205907
153028
197201
168237
187222
252816
247355
170671
240392
160683
99618
194967
128161
169489
179588
179598
104166
134072
188935
190448
206198
167405
173727
161233
210155
130115
185779
214604
206799
210847
161022
232076
111049
118764
197041
198293
164590
129424
147969
149512
258015
166143
159300
184046
178075
180550
243879
190568
169108
150684
157696
176301
187102
225745
212299
182253
136316
130355
150313
171082
224813
182975
178535
174117
215846
206369
186120
152988
148640
168226
134202
206729
121067
179117
157736
240702
193884
161835
175039
193254
199345
216838
153900
203142
150824
194025
240983
209695
204535
153770
238298
238428
148119
164559
181571
184788
137759
174137
178235
187192
174298
211818
109385
177193
186721
170601
163869
195558
158869
118984
137198
179959
122100
202591
208913
148109
189116
180810
166403
167575
107092
184637
229592
190939
185359
125296
159480
190669
216707
162475
188474
126708
174929
172535
192883
203743
199194
134413
179137
177263
134263
193063
276921
145293
227367
242266
273865
204414
148689
182754
183575
205967
186030
173025
128873
214294
193785
231545
174979
151666
165741
213141
198794
164099
153659
193414
190789
190839
188464
119305
197782
222238
123181
178286
188855
156514
166183
281419
223490
151966
152367
205857
117641
168197
148499
154691
202792
143260
164800
179367
195328
170069
142017
184356
179968
213211
186962
193484
224703
162346
179097
156054
104185
178606
98986
165621
192683
184287
180921
186110
220415
86352
161975
194476
251342
150152
196480
158748
183845
190819
178415
156695
178165
236605
239250
152748
188695
163618
173216
126408
197481
157917
188264
160932
158438
73148
182043
187463
214343
114275
140494
189717
202291
204194
151546
184548
144332
180880
216858
290347
201799
136457
162085
133942
179808
205366
180579
209614
165220
229602
135264
144923
123222
246113
233489
204535
178045
156314
175510
147177
157736
188755
190779
170010
181371
193344
177504
171974
151686
182583
170641
166123
177815
152717
185609
196579
178415
163558
166604
181501
214534
166823
134293
168648
194596
276249
147257
200638
175530
196489
175160
174448
168747
183065
177695
229392
169740
110187
199735
120797
166243
153278
111059
160823
166082
191160
167375
152497
173587
252906
184386
198002
212960
173857
163146
138721
116589
206759
120406
202251
135184
234882
225424
134834
177494
127209
187172
179768
202511
152527
185198
151185
187012
201900
183926
146546
176923
97915
134924
180941
198053
217910
196680
130396
189927
174278
206067
181732
210135
182072
121498
159189
234190
159370
136757
169810
256342
90300
227898
183575
165932
238599
271661
185358
145964
158709
137859
189597
188755
184126
171513
135344
183996
154741
172264
137649
201369
166624
221106
166113
156815
170080
140274
185539
141677
242566
189808
202672
166092
171773
136016
141807
123161
183495
169349
198774
265780
175390
147277
212590
191561
200286
142779
241534
158749
111650
139041
221196
192973
201299
203363
141626
189827
158839
135986
213061
196149
139833
219853
164489
245853
167154
184397
148409
146967
183525
198093
176642
190087
190839
136056
89218
132339
175269
164399
155022
171372
145664
200297
187343
191991
178937
179046
168798
125797
203593
184998
174819
122210
192032
161003
176322
122721
183755
123762
135706
122650
180369
150764
185729
270198
104467
195918
129564
153719
176752
116699
165341
149502
156695
145894
193644
199796
140434
198764
236715
100369
144662
241033
187082
224432
192151
185709
159520
184928
165792
174739
207991
199145
137228
136547
188094
163949
254299
170561
192852
167815
119374
194556
100409
170431
121539
177965
140634
169389
200266
162196
178967
157947
170500
167364
199295
195348
192141
103665
146285
149561
146766
229431
177884
188514
119024
180008
166503
178206
170811
168948
191881
199716
188955
217559
92123
99808
162997
184487
150894
231686
211388
154781
181902
138210
204665
178296
179588
144001
177774
110348
125787
156143
161524
207490
212570
233079
197682
189046
178977
141806
194125
118683
208993
127721
182082
141426
164159
152947
180580
197872
165111
180620
160332
155542
152708
187152
246814
190368
177945
169509
167214
154581
145294
191290
237527
171583
157616
157387
174128
185329
113133
143089
198664
165973
173627
244209
184267
156985
234631
196860
215125
142989
176742
200237
135384
191350
130927
163187
179497
199576
178456
203233
193584
260170
136958
160983
144762
172374
166883
188344
112442
167205
152487
144832
160783
247665
216698
211317
128151
156895
185569
198012
154020
180610
197191
164920
230434
164079
181181
149070
154040
208562
137829
170771
148670
173006
159360
156183
190729
178956
170240
205516
174187
139994
110748
142918
144692
192983
118583
191451
180048
180991
126408
220655
187042
179607
158148
154110
195448
268735
194907
213441
224152
193314
186150
177133
145264
174959
260330
188344
221136
297780
190949
148440
119114
211127
230965
160182
201900
209935
176752
226677
200147
224833
197622
139302
292100
184988
166874
232778
157206
184407
203483
236836
152336
194446
246664
170941
194145
201329
160412
212840
174568
218932
181482
166643
185179
145604
220304
176752
189837
173196
228399
200457
231546
180339
177504
189076
223400
151304
174759
213121
225825
194145
181311
174959
162476
210626
212861
158789
175360
191681
183835
157867
210175
197151
165702
162385
158608
211427
192221
207460
211197
191611
208582
210415
190599
144682
164089
204996
151455
195808
170340
135395
207961
187863
169088
202511
176412
194787
228019
155052
174488
226566
126528
209514
147337
168096
160211
171172
185399
216357
171072
201309
195648
210566
238388
223250
165421
223270
184627
189747
182633
206859
196610
193784
194205
176001
158337
213151
196630
261392
189656
143881
202982
146966
167064
185679
141406
130596
106390
171472
197612
196129
170050
198082
207010
167224
242135
184688
208522
177224
151996
194395
201469
181381
289856
196380
179668
168587
182173
170451
192752
138922
189136
203302
193524
201509
151766
180389
202010
157256
122620
174308
234051
112301
183555
152116
190227
167465
192412
200558
210746
220475
149091
200477
192583
184477
168657
158097
119846
168827
203994
226727
175920
170200
182764
97723
268665
133241
189116
109476
194947
134412
116690
157646
125085
181832
116189
134353
235022
141947
165371
89158
119755
159139
120176
181752
125456
140164
187633
101010
186732
100830
196550
129463
184196
135525
209474
213351
110407
217749
108574
201539
104557
180108
164269
191700
136006
205798
125937
167736
153649
129374
173005
195848
121388
125717
79119
207851
154631
135895
217719
98746
215706
162115
187072
165361
178205
115968
185910
187122
102583
171863
205797
83196
185609
130165
217629
112712
223190
167165
184608
164359
223391
160572
190288
156274
180880
167434
164229
179187
186260
167295
187383
188054
151705
176792
189126
228640
208252
185028
214714
177013
190970
172604
186751
132860
193934
160612
175730
151715
204985
170711
212880
134844
132209
224041
223180
195528
204525
124745
180169
110338
162867
195758
122611
145434
252505
228860
215435
292059
294564
203683
189977
155062
183535
145013
105648
156865
92935
180500
116148
121449
191741
158348
138441
149231
128030
149501
115758
172965
76624
190839
105669
180430
116058
205076
118954
191380
150312
116018
170821
94678
161464
123953
88387
113944
145534
117120
138881
111820
144902
114986
130405
142809
141266
117761
171884
111069
136226
112501
156003
125346
153970
95781
118092
136797
136026
121137
152637
130365
137609
129865
185188
105528
257765
144081
150844
113453
164700
107131
201038
106891
120436
128582
189507
118282
214363
158619
162616
169008
131988
172554
135795
168356
196229
82956
105108
191260
122851
191179
85150
165141
148519
258256
119946
159370
134192
211277
177383
227167
144782
204285
99477
207109
92865
165752
118814
180419
93456
226076
136627
175530
132700
179448
119875
160652
142268
177484
133962
193134
117000
161314
119485
174148
118403
167855
127309
283133
118042
161985
131067
228821
115838
165081
127500
216628
123633
171162
98525
209474
103715
150293
80612
195487
125856
168948
118693
108224
122390
155232
111610
150343
81243
175189
183946
128762
158779
110779
127199
129233
141346
88707
168256
186851
108464
162526
140414
162285
122961
172604
129183
153559
154180
104938
98285
124785
178596
120367
228279
148359
167686
97684
208903
103124
187382
113884
165341
90681
132599
114997
171322
121028
159320
123462
160372
126157
160111
128111
185379
201710
191680
126288
129744
96592
188835
100629
232978
127650
167896
138581
195327
155182
162315
108674
139142
142708
123783
121628
148109
110788
182023
110648
172285
111821
175210
121980
157316
116409
168988
173937
77475
152126
147347
173286
113253
182704
108594
155402
148840
180059
111209
210186
89799
212260
112051
176912
99707
187091
105719
181631
97844
163898
123513
149752
121639
224322
110037
115106
127981
229793
124164
192532
132709
166282
76554
165802
144181
169499
187192
118543
189156
96993
172084
136667
135465
122641
125025
117691
192442
118082
162426
149110
166514
137158
188024
143620
192763
102683
178606
119635
149381
124995
191070
118263
154500
100379
167255
110428
181001
107261
153288
152447
204324
98094
149582
97553
177124
117982
190819
97643
167205
121378
158669
94208
155863
168247
183405
95730
167846
132680
196930
104025
170742
120236
199325
122961
167315
90309
167816
138491
141206
182784
90060
185368
101681
189627
103715
176292
135975
194696
111691
142067
153539
154400
156014
156424
96412
202952
105168
132319
93004
182394
164299
113684
180259
104697
163809
167384
166583
194826
213622
96071
142528
86823
189496
102733
146857
120287
175961
99858
181943
127279
226316
95780
166022
105649
141687
86593
163738
126588
142108
69641
112922
102513
198253
98866
198083
110167
160291
124244
167505
79971
143209
121319
159560
105418
153248
89589
106290
139533
173737
82715
168186
111811
157857
97884
181351
96091
111309
112362
159330
111149
178806
137669
148249
99257
127570
100208
159100
121388
93265
167845
99937
109295
104206
173246
98846
168648
115748
157186
112161
178335
120627
148459
102783
165351
113764
168316
109206
176933
107031
198794
110407
144472
109145
145894
128211
266682
116990
146626
93476
191540
113183
153068
88036
169459
87073
168768
104526
172234
110638
112852
97523
171463
98405
171643
69591
124805
112352
86883
177404
100810
117030
101141
165341
92184
169038
111960
129704
117401
136657
130465
161664
88176
150844
114005
190659
176582
169348
98685
157626
73829
181661
108384
162786
144632
117481
144562
99578
153869
106771
128542
99488
159940
64491
130014
131136
155893
94748
210736
117000
135014
110999
157205
121658
168807
145022
156544
137929
172544
133120
178455
111600
105699
146665
135946
134333
99888
112512
143229
210797
159039
125947
110959
204915
98876
88898
148800
158969
138771
130997
159911
190388
171402
145884
106140
174789
234240
149060
169579
170751
194967
99597
112952
106420
167855
168277
191991
189987
139883
144452
175800
190348
131648
102242
147758
129473
81954
207982
144822
172094
107612
153789
193083
148509
179448
128552
143119
83608
168357
188886
108203
140244
177073
152867
200667
124824
116499
165021
143700
181852
151424
144852
162225
141636
148409
103134
191781
147056
166463
154932
135315
159711
148159
162135
192402
203332
148579
154470
160552
151304
153629
165231
202561
177754
155803
122741
146035
145063
116179
101912
189456
128572
218541
165200
98124
161203
171433
199435
168837
153208
176161
187934
186391
203753
168066
132028
131468
163628
156985
118784
130014
172985
163527
172585
221236
148629
141727
177384
152157
166272
150643
166513
171182
87204
177855
164951
188644
93045
180049
194696
207300
132710
163357
188274
241364
197701
167496
198093
132409
143610
155112
219533
115147
172634
142628
150914
160862
104356
176221
154982
127851
205767
97774
148620
170150
164610
189206
168968
174267
216287
155392
152026
158699
153870
142037
157657
145103
175460
114445
142648
154600
182684
204104
180720
189657
170942
205486
168818
163828
170160
135315
154601
190258
129464
170821
170821
124524
141306
109106
108354
158207
167465
153158
110478
231074
178195
172204
150513
151014
148359
199676
170030
182053
161854
159540
146385
165702
158629
117972
146616
144532
159470
142739
99557
121970
166002
95570
148660
234201
175641
123412
169188
162575
132119
219143
137840
108915
207169
206859
210486
153309
164149
173627
157807
197872
150563
194926
176251
151204
152937
175630
165201
127740
103625
187553
131117
131067
187212
201599
141295
170631
127530
128342
168246
176482
152096
219703
136357
150764
113754
173757
229091
151215
162175
174438
209925
148840
136547
143209
204945
143690
173987
149922
151424
162265
134523
159109
152297
162336
164670
146896
167435
160161
174478
167225
141075
164159
160662
121278
135585
108815
153899
144462
171243
89859
124755
181100
150594
171843
151014
144712
188795
191801
200717
155783
141877
188765
147397
152708
165521
181161
174749
135916
180840
175810
192582
147277
161494
198874
147568
191229
245192
142528
168026
112722
204074
157105
143009
182493
188114
221236
169669
115678
174929
157797
173216
182043
171983
274145
175099
215395
147828
160111
150332
244019
110277
186110
171813
143941
163808
171322
127500
128752
151995
157005
135215
195418
157115
148549
152086
168066
141826
159119
231235
158498
173667
143901
83697
155412
142739
165010
147888
170150
180610
108714
154250
192673
137058
101982
152076
180720
141406
146195
154470
176312
242646
145133
117761
154511
112472
139062
170250
169569
152187
191320
151344
139904
183165
183565
164489
179217
167475
201499
171373
190889
169779
116008
104446
160773
158458
119164
157457
149912
149090
174599
176722
175671
106019
165271
105439
120066
111199
169048
180750
129534
210126
168267
115477
232848
183756
181211
203042
181732
138250
223972
164439
168247
149511
192361
161774
210686
207630
180449
189146
173677
116629
183846
118744
118193
184978
131487
154521
177013
191340
205296
202732
156455
150584
146305
201178
171102
176282
185599
159360
144823
209064
169600
149231
162355
164490
158478
91192
146085
163538
127439
143470
150483
150684
240402
212370
156324
206618
103244
216267
169739
163357
163016
156755
154050
165311
139482
173596
143439
162375
162225
123722
133190
200076
162605
139593
228830
118152
150874
156545
193144
148489
139422
122250
188856
198593
136697
190438
173186
198143
108745
190338
165692
152036
133051
162035
146195
185639
174137
165741
163146
253116
95950
175320
168717
269176
115016
124193
162246
153548
148049
177364
174919
194556
160883
154371
203082
147106
155993
162807
162495
158418
161244
221246
194305
133802
261733
169429
178736
149862
200828
170080
194226
148199
177945
141537
172925
156244
194806
144201
142839
100790
167405
176612
181010
192703
148028
163708
153629
162556
172374
186881
124945
222198
141897
191971
110198
134323
153689
169639
163828
197982
161704
92985
109616
154060
112843
206288
172965
143941
156906
156334
195247
163046
211257
148780
166142
134854
190368
152237
185309
162165
160081
206969
149000
173296
113364
134734
144682
170370
241554
177775
168176
144612
152246
201419
190408
114145
157245
225084
153328
181632
191821
249329
122019
167716
157356
162426
180329
146545
169118
178626
137569
170391
162976
204354
189557
157757
135935
173066
177904
166434
141707
199746
213792
171122
178005
187483
179909
203342
177153
148890
179859
138391
144963
175390
183625
98525
183556
188184
170150
163197
193083
192402
150383
179218
153148
145123
154230
145373
156223
132600
175520
209474
128442
168437
137909
151124
137649
165111
82826
127039
162846
162255
168016
183404
132980
254228
193353
119805
174959
147517
172395
157696
271791
213301
184677
96141
182794
171022
153218
218331
136998
166012
170972
267323
155312
159240
163948
168607
152678
139462
223911
206849
147047
153077
176823
117922
187362
162686
184036
110167
152808
144141
158408
133531
149731
180350
102552
176452
184768
84650
156364
178575
220274
154631
146425
173877
126398
212119
157406
176361
173026
149862
144051
169489
183115
164159
224011
140795
152256
88827
145774
215024
116810
162756
228620
301096
138050
196480
151024
134914
171212
158859
160181
170180
189126
175189
166723
156535
158598
154701
133101
174779
152136
232958
132429
158328
162195
150854
160532
150784
163418
197922
168326
190899
131998
155482
174238
154000
157907
157567
149902
171212
178045
238158
155212
170951
182142
169149
203874
160673
148780
250922
167555
172745
120988
153208
200107
163377
181882
120677
116079
135154
177824
153318
174779
196069
158308
189767
146476
174668
140384
187072
131227
204755
155763
195157
202712
185519
149571
178797
242546
179788
169730
183616
194115
118082
145844
154040
120567
232057
172715
190097
109065
165311
149301
214423
162606
157717
172765
132399
134674
209043
183125
166062
164359
185959
144211
107051
142178
168958
214263
217820
158609
167395
188034
151735
190278
137058
168106
196139
185279
155783
157266
112632
161784
165661
161013
165441
244249
159830
86132
202872
153128
191871
176512
140906
220515
138471
162596
132499
149481
151986
176421
233229
134172
171112
182092
182614
173466
170471
153919
183084
170631
179708
177374
162966
150563
160372
174087
165091
253236
155403
270359
143901
168097
140174
217789
171282
135174
153088
199495
167555
110518
196039
171022
269396
199335
178867
197531
129754
161744
190979
197281
112521
163818
148630
245301
202190
185088
183115
142107
146386
148880
112992
288503
171963
214133
174709
155332
138109
212590
149591
182774
154350
172845
126588
206378
169990
151274
207981
157426
101681
202371
203373
139111
110067
159259
166443
143490
164279
168106
193034
157366
113042
174308
120807
130416
135676
185979
176051
118372
132789
177544
144832
127199
168337
132659
152106
157396
141005
174177
150914
201289
158729
176071
98896
158929
132539
152487
150834
136557
175981
202020
175891
160161
104497
138711
154831
137810
174048
122570
96010
116960
136777
159380
97724
136677
193825
142378
170501
140294
181342
164089
149842
187543
139172
84098
186792
165091
158177
135885
162987
140525
205075
151936
147768
155553
206619
181501
162936
168657
165030
133140
170200
126949
101030
132941
156795
161354
113103
113283
165281
221957
109626
119014
143911
156344
146075
140264
171112
146665
170782
136738
116058
126508
148389
157606
185188
153168
135715
163688
169158
166924
164900
207260
161975
174358
176402
159681
177193
191180
213631
167986
159420
111720
124114
146485
213231
165141
155002
211388
119455
179898
148800
166363
207711
187703
198674
147057
201479
144111
167786
187012
148430
182263
188043
128391
148038
157376
187653
158117
191961
161153
178546
187212
144833
167916
165441
136627
161865
157085
138070
164359
154230
169178
139081
157516
134743
163077
155583
155082
104026
151315
170070
139482
147648
158197
187693
173106
122851
198383
99137
182393
183996
202721
144902
163908
137057
159289
193094
109135
218732
149120
123994
122620
190639
178947
228129
192522
211678
166332
149601
141105
194496
194896
109376
182644
166583
130045
144382
155513
164199
152867
94708
146326
177494
98225
161534
133261
145194
138801
151515
149591
135815
131918
73258
132569
168377
168918
133722
157286
178837
202972
148519
125536
133391
112131
145213
206118
168477
161203
173857
155893
163337
182644
161704
153939
232658
135986
165842
148168
200066
145994
185399
155743
127920
177203
185108
173016
140074
201810
143680
164790
175200
199405
185729
144402
142187
121859
169559
147868
152817
196289
119024
182303
219874
79349
177704
169358
204475
177003
138320
113193
117050
164740
171683
170451
141817
227999
138080
164499
151606
112952
145794
118072
154431
143810
175901
196961
135685
213783
113162
172395
198052
152296
114705
136767
167114
175550
107883
139262
113714
160572
202080
178145
109886
131678
154761
181933
173416
114595
152056
231796
165972
130786
168968
168136
129002
143991
145203
202942
126768
214013
158147
130315
93566
171673
110868
198433
141245
143329
157306
135585
141917
89909
177203
152347
151024
96481
176492
188054
171863
115878
137549
173597
134884
150473
93546
150734
182102
93436
152177
193634
143470
124694
92284
152857
133100
154310
155323
121018
157176
201269
154190
169419
150122
153489
217930
147197
109516
144893
156594
178045
181842
193504
158007
155041
158058
134273
140814
141947
150042
158758
132349
151565
233148
145633
154681
106210
139653
163788
160623
175250
174117
178255
150293
173046
143921
147498
164149
153739
174267
174258
147557
159440
189547
140013
200376
145012
173005
124915
127690
146165
148068
139913
164119
103805
91722
97062
193514
137649
135966
173156
165431
152287
165481
140414
168557
138109
227868
177193
152938
125576
160883
148118
146736
142107
152216
131728
131558
196450
177143
152427
200417
188093
145884
148409
138811
138911
210526
193794
155433
212790
152928
178386
149982
155813
143891
193524
164229
151445
181261
95529
161844
142669
119625
170430
175701
177985
117020
165341
138832
169188
97633
157166
142748
135325
200708
156805
100820
135104
159771
98957
184176
163978
122731
149031
173747
143300
170881
198052
153749
156574
174128
158148
138420
158639
155402
128472
127009
152086
149301
138521
166063
126077
186461
157326
161704
148750
124224
138681
159791
103234
103394
154721
171923
192182
113263
119665
192172
137449
175039
90880
163067
181692
154320
189726
157777
83106
194997
187273
110709
168648
178787
172855
166032
135705
140955
194686
112361
138290
212660
164960
181501
169539
151174
124845
156304
164459
138661
190007
172224
169739
171452
144753
165471
156975
181842
102353
105649
164409
206238
103926
138150
111449
165401
264257
167435
233399
137980
162346
167485
179097
185930
175710
153549
178256
186951
135104
169298
174007
154801
139633
189606
153940
191229
137198
197852
173526
139212
192192
202852
125787
151495
148830
130295
148800
147908
131938
137739
150322
124283
148379
141266
125285
155292
127781
162595
145814
108013
139452
148069
90790
177003
168206
115728
131697
149401
195708
144552
155753
145734
120536
163908
188344
157917
140344
143610
167565
155072
132369
148770
152427
132038
82946
188985
166293
143901
93235
154952
146726
140745
182203
220585
121559
163828
126398
137128
166433
226676
119124
163397
138149
167445
150052
142147
166743
114555
180750
103525
146596
132709
128091
162325
142899
134493
142648
258086
81544
188103
177925
115968
163247
175881
124434
169238
222970
88025
179758
147738
158829
153609
178416
154060
163989
181812
138942
91482
169169
167776
156304
174237
149762
153098
171683
133471
128532
134713
168227
169729
230784
121138
143450
157526
203242
153920
146395
108664
156885
174759
75873
104136
155643
140465
139132
208151
159239
151285
152366
131307
156695
150243
120346
156644
129994
138410
115207
150683
160271
120286
150163
116389
177163
103545
147697
161233
120296
176592
166403
155192
163949
147348
185448
92053
134053
139613
171482
177965
113082
205807
130255
224873
119023
188825
175270
178205
122620
161804
172775
153519
158127
129233
149621
131948
145503
158367
126638
154941
136807
160853
191971
143791
109326
195117
142398
192332
157917
140053
141376
157757
134433
189948
140554
145393
182403
147608
123712
154410
169579
140464
86533
170580
256793
195678
149702
175730
172575
195918
205136
156113
160702
202621
188274
180840
154301
161243
203934
165140
167565
94197
144121
216797
135675
150202
141406
170360
165291
143600
152687
147237
224903
158037
186761
113333
225604
147988
143089
144442
171553
155603
155452
78908
145694
142879
147748
179478
154500
109186
143039
259167
154631
144131
100639
167736
135154
172985
184908
130095
162145
114244
177734
196900
230494
179939
149881
250050
172625
170932
111119
213642
163899
161043
154410
172685
153719
142778
140724
134723
177614
148670
107862
158699
141226
161944
150122
125275
171011
123532
175420
169008
145764
178375
145995
150322
193665
158358
167044
207801
107132
106851
175631
186882
205046
140123
159861
178516
166924
130215
166342
165591
158749
169879
168637
120326
141466
162977
181973
186441
152466
158157
141697
184016
223059
196740
191911
167064
148800
162345
144021
152036
190388
214213
151335
118703
172925
149601
196720
188114
147037
134182
135735
157937
152006
177003
135776
152226
130616
181441
138110
166253
148049
177324
159770
172445
176723
149070
171052
219373
192813
141917
137549
101110
151805
156925
166273
150563
170451
161233
224653
212249
207430
148109
182524
101421
154791
143891
183665
142889
149582
227869
138831
138951
159250
151525
138120
162115
152798
121008
234291
147057
162736
168417
136326
130215
182924
249579
127680
138481
162445
162616
134453
165912
146866
186411
166052
148570
160201
154280
128111
140976
151154
168657
181622
153067
145594
166082
190358
155342
136296
144081
154681
134383
172905
160952
149451
151025
115768
116609
167525
151545
161874
159480
164189
163197
96001
144452
134032
107943
157196
133902
158778
153238
182083
63930
143009
154641
141146
123001
187823
150833
205697
139843
158789
188444
127219
152557
153449
169609
157787
155973
131186
142288
140694
119114
140084
158688
177013
216277
135204
139753
113624
132259
135655
161894
207049
180179
142949
164018
153569
155162
164640
211407
139002
148319
191810
163938
136216
163347
147648
185569
140194
148139
140354
157356
88286
131487
157085
158879
151355
163879
131628
169299
157646
145002
156805
97523
110568
151034
146255
124654
123964
178416
190969
147097
139192
144592
77706
179989
171933
146425
130375
178356
160051
142748
138200
177854
131768
124414
162917
129052
147948
156254
190758
194937
142618
173066
130956
135755
149120
133612
180089
174238
236075
171442
163869
258796
172875
171413
142879
170892
177033
238949
115728
157707
137769
100279
182033
146706
146125
173827
156124
145554
165622
150874
192883
170891
146246
171783
170571
146996
140334
137810
162105
145614
182944
144381
183826
148249
189887
184858
200176
133741
152587
162395
187603
140103
197010
143400
134082
158388
143771
181361
177443
144872
131418
115397
107803
147608
178596
188314
106270
134243
180269
137939
130235
148439
187172
104096
116849
155472
177424
132038
158989
191259
107011
135345
195248
180730
122280
160271
162676
155072
198283
145754
129263
137980
136727
140865
202140
160692
168747
143580
176963
169339
160552
152517
126689
119063
154891
182353
150182
142247
151986
120126
143991
177153
165942
148950
157206
163727
152547
170490
154881
215285
115497
149621
150794
140364
135845
171002
157436
206899
179798
141836
178806
167405
119014
186110
159520
179036
165151
175199
154460
143540
136898
162646
162666
120577
168697
181191
100179
145664
147317
137278
144342
181882
179948
210506
114686
150122
153409
184477
137849
147788
143530
179497
166873
175540
167325
169639
166563
154611
149832
122550
226176
160893
142277
183505
174318
171682
138410
200327
160802
189787
152777
110378
180410
159790
169038
138941
160101
133150
174128
190348
141356
199906
201489
147217
155142
138962
123312
132259
160141
127329
141826
152517
185419
119665
151014
164419
165061
151454
155583
161023
164850
175621
149521
201969
197351
172154
171623
203793
156405
171904
186641
167765
136917
127139
185128
180659
153679
175339
165722
157196
141016
131818
161654
185509
109135
185919
128933
162676
129273
136737
137138
198784
140614
187223
111550
122971
152156
165421
254458
226607
134683
132009
207660
162406
154981
215205
151595
188605
161013
225254
146505
140664
130736
176121
154511
140745
175259
181572
150213
128932
219964
146286
170801
166212
205757
141756
160362
168457
155302
222158
175430
125045
143750
212870
88196
126879
151636
145103
152737
116859
163437
163117
108193
154871
154591
131547
205487
128161
137789
158979
161614
100158
183115
144612
158128
161584
185088
146736
162806
220796
139262
142899
115096
146095
198473
180129
155693
155332
134914
208182
149983
105268
140054
162235
129363
177894
151495
134012
152717
186952
95911
128452
162045
187743
154741
183996
140986
146696
148659
147628
151395
161393
127340
163628
165331
159380
136257
119615
144342
196319
159260
178065
113614
131317
154029
141426
147177
170411
106640
209214
101511
155222
197522
144682
115437
179968
117301
176973
155753
215235
137489
133811
152126
155022
137519
131217
169438
179107
192131
178226
131427
134753
140394
151485
194145
142448
181692
132259
194336
92995
99878
86222
90760
91272
92554
83227
74020
68870
100048
87725
87875
72977
102563
106490
91572
91482
145013
86954
85500
86122
109856
109876
86453
93917
115007
94748
82004
106170
89779
86172
93757
111570
101231
89539
77967
83908
84770
136496
87825
101101
112412
91862
103635
77797
87715
96632
117440
84819
76313
69912
96461
83417
103866
89298
90521
86794
87815
103535
81934
100499
82626
85521
87916
113393
78948
93847
79810
85290
83416
77967
91823
65453
94177
84589
111510
89619
85781
85060
84890
85391
85631
91462
86693
80682
86693
87464
85190
104377
98214
88447
81894
82836
101491
90951
90881
125085
103204
88146
80541
108955
108454
86373
81924
113343
115467
81984
103655
81293
101621
89839
78988
122180
61595
77937
107743
85160
84990
121840
94558
80933
86212
100639
90540
85340
85611
88085
90761
85731
109195
85942
102743
89959
107472
64541
82876
86052
98986
86693
83427
86823
103875
87174
77085
122651
117300
77546
61826
60945
98465
78498
106681
84008
87054
114355
81183
83627
92253
84789
89949
109506
99598
86072
102803
91262
82045
84709
78347
105448
64461
88075
82325
123833
86673
62257
97503
86092
82756
94828
84930
80161
82836
78567
94448
81734
89017
107512
86553
106290
95209
129664
89960
85150
78999
104777
105008
87825
105899
81513
85060
83648
97263
79700
97564
92814
94397
112582
84399
92474
93516
98605
95720
104377
108604
96832
119565
81804
85331
97633
103174
100308
103775
71424
81894
99287
89708
159219
86363
92434
132479
142077
95480
83958
87034
86723
93736
89669
101521
79219
84900
89098
92314
90029
92304
138270
