0x92fd6d68bff7c7548e5ea78ec5e9deba6db4b90199227d3e73ab28f4fbaf2cf6,3,[51025 51428 51550]
0x00b1dbb6c5d80c934648b1911d7d3087bfab3bb258dd3b2be3d5f1050485649c,2,[75269 75725]
0xe4f284d01b93b2277f4c3e33c3fc90a835e0e4d9e286018a3bc17c816b5f1e77,19,[75546 75553 75605 75647 75843 75855 76394 76400 76413 76422 76467 76503 76567 76760 76764 76770 76780 76803 76809]
0xac011bc0ee86dea83f2273fba6c0e646d8538a5c78c044a7ca215f3858e029c6,2,[59716 60143]
0xebbcf769805e87c3f300ec716915ebd1408f8af1baecad4ebf90f499d12d0f81,2,[71033 71046]
0x8aac3311c4984262508bcd2f122205af9b7a44ac9a5eff50fe1f6c718060635b,4,[71429 71435 71503 71556]
0x230029d16a0dfd0156258c8e4d6e0f6a3db8a458d21ec53a3cd7622a0b09cc47,2,[55850 55854]
0x14f559dff9b7e2a1defec9b0e313a4dd86ddee470c88a0e5bc178677ef6f7083,11,[71206 71872 71895 71949 72164 72185 72188 72196 72231 72240 72245]
0x7b58866e3801680bea90c82a80eb08889ececef107b8b504ae1d1a1e1e17b7af,4,[50324 51209 51223 60916]
0x643eb3c2b492a07336f60bc113bfa277c34b7d8adefbc4ff1a49a7acd90082c1,3,[71025 71087 71186]
0x0040ffc176276278e93f7cdbd30c56f8bc98d9b6cc57b70988830741bcc5306f,8,[70946 70952 70962 71012 71327 71694 71973 71990]
0x7d248f10ef75ccd503e87f9cddfc6350c19f3ec5e24f2da0f8e745f83408b06d,2,[81724 92336]
0xf2974e3e49705d2133442ca7ad75e7ff3064aa146df10cdb863b4d861641a539,2,[62661 63004]
0x76638f35d11e582bd77dcf660b429407dcd8ffcbf565281a1c5a4fe540983e0b,6,[62816 65660 65771 65838 65863 65887]
0xa7abb459b33b97979bce4c2be63c8993794893c3ca5e2d7983b4956f073bbacc,2,[54092 69853]
0x1bbe375b15e7accb66ee4a0d69c45d60f2723dffd184798f4297a6ae15452f16,5,[75294 75402 75546 75843 75883]
0x5a852d9c1c7e841f938af0c1f5d1691a66e2588e50ddb02fe22447626e8d9461,2,[54395 54938]
0xc9dd20abab9993491b5ea84de4d65f3fcb21c3ce0d3c5563893df74a8343cc20,3,[56465 56550 56738]
0x3080c17e18b9f5b39e284be92239e6edae1125bb1cb66125c3b9791968f77384,2,[55217 55245]
0x2c1f2e0d5a6ed0043b64c0b047f35f69c78c0523edd777da802fd0410e08eac7,5,[71141 71265 71272 71685 72162]
0xf30882838b6fdd75dca05a49166496187f73ac973794c531954e614597edaa86,2,[92544 96138]
0x37923b1c54e76a1d8cb32f980034c9c91880aaba623ac7b6012eab78bd6ca76b,2,[52918 54450]
0x7d17f886e910f7b02b0821a7a032f8f7427a982d135a10f695283157ac006891,5,[50295 50622 50774 60468 63156]
0xf1b5ad0eda0c31cdc54309085b48870b04292094777458bb8647606932755ad7,6,[65407 65765 65826 65854 65880 65892]
0x7e3fd9dd0656112946e07e4cd4a7dfdae80d001fb565c506834da46def6a9fb6,3,[71418 71458 71560]
0x1db317326f782c733108151aeea8d51a6196879aba9465e787c1f1d0c625e3f8,2,[61753 62378]
0x679ac52300a2e085b046b6d36ac5977cec6b52f857113303ba89b3147b6a673c,2,[62175 62199]
0x59148269be325622908f38e527e0b527c5a3006c78764bc8813aa3da711c3548,2,[75361 75396]
0x304ce3204c12d2c9069115f14788954491c84ebebb5e939d0ffd72046fcc9f28,3,[75505 75551 75561]
0xd92918aa62ef96566fa63db5905bc7424deefe9d93cf67e82c8c85a70798a183,6,[68447 68471 68546 68561 68594 68602]
0x048f1c3163ba76b96ef411a850101653d0e31a98f0aa7166e6b4d318a0064ef5,3,[71218 71251 71361]
0x4bcef7fa8aaffd3954868e20a031c183aeaca5c4ca3c8d0175125ca509742bd0,2,[74554 89984]
0xe36d93c53f2be1e25d2e838ac55fe95fb7a487f21d1630927f452c52a6a524f1,2,[97014 97237]
0x5cd9b5e4f16155bbf67d1888b19451cecf0c11711e31ff90c1facd116abbd605,2,[56005 56620]
0x0e59e68383b14f76ca3c9777f5dfcfe251f2012d0e252124de3f2d63eff568d8,2,[96319 96378]
0x745219a649603ab1d34596f4004be119309c8fb4a4e8165bef7c36ffdf82db1d,2,[73203 73269]
0xf3b1491d217c3d2680091af80bc56a71db07c71e39e6d53876f70743d2ab4607,2,[76369 76432]
0xfb3593820e5d9a3e8ab6ad5eac7ede7220db9bcc4e09b13667fc99e261b2f07a,5,[70966 70983 70987 71003 71564]
0x30005a2c83b8eb09209d4ccf11e1e736721aa4ab5128eb415ac74d573ffcdbea,2,[59716 60143]
0x8f022be316d08d545cf1b16dd56919e34ee3f72dee1d4b73952496b5983c9258,2,[76371 82037]
0x841006152dc9b054d5a7d708a79bf54c76e93a4d952d2951776cc9e865a9960f,3,[50907 51386 63323]
0xb797baf484f9afcd90f580beb8ffcdd9db1306239b40ca3ab5c0bbaeb31a85b7,2,[71616 71624]
0x8345f5e7c3d45cf543ebb588a07859a0bc981f99de6bb2025a81cce6cc60d89f,2,[62632 64765]
0x9e1f28e95a8b3ccfdc1cd380a28d2c95101bb97ec8e20542e80b913a1a9e4935,2,[60003 91707]
0xec054339dd7f41d4a520e9072fe87f5ac82a24893a2f24be72ef7de2658a30e6,2,[83633 83697]
0x030731e1604e0f273482cde39fdcc60b70f24663920fda5c139a3ab08ff8abbe,5,[70937 71431 71433 71446 71568]
0xee11c7db8df3378784a4497c3b97a266f97a98cdc6a6d12bfcbb4a28b350bc87,2,[55810 56620]
0xe459a6d37ac9c4e39196c940b60999fb0cbf9428cda6dd36f7251a235ef1459e,2,[51200 51984]
0x7bf41207f4c99b4db6c91741415eccea7e88c91f8e7fc8ce8c7e3fde8c8a53b7,3,[75305 75340 75368]
0xd1e4789b0509e71eb9d06787e28023ea8bd0ee5228fa89764e30486adaed3d46,2,[51416 52900]
0xa67b0fba1a20295a0f902c63f4dfc57a83627f1bf7640a29f5e3b65ddd20e003,10,[49018 49122 51909 54300 55101 78416 88380 91510 95875 96983]
0xcf06c87df9390e0cbc62f4da190de95478b919d9d8d33ccf197764aa0de6104a,10,[76392 76412 76420 76465 76501 76565 76768 76778 76801 76807]
0x70f27f73cf24ccc6ebb3f0151898760f2d9c6638e61a4df05c1cbf1a2fc7b238,3,[55252 55289 55371]
0xb46e64ed56e3d120ea2e77300ec22c80f6e1d5d2a0b736b55002a258fa1a3402,2,[84766 84777]
0xbb7dfa12d8f853f839ff5e1d24b65402f4391027627f90a6044f3710b7e50bc9,2,[76401 82067]
0x5172ba47a40ab563a66cea87abcb4625697119f7edb6a8ee64a2120aa48d9c37,2,[62661 63004]
0x27f353c23416daff1bd4cdd1e763a9c35da19afb8318398df3e8b0516c043c73,6,[65407 65765 65826 65854 65880 65892]
0xf6a79c5085b875ed75ebe381e892bc9aa9e185ce113f2c1fc90bba9a1e92ec09,2,[62661 81383]
0x002899807d23f6c6a83f1a24bd913de2941b8862310b11214dae2e58c13d24e9,2,[78550 78743]
0x0dcf4db0fe24779bb4bedd8a08d7db0ca574b8f05912e6d26e8d1ce3066c14a1,3,[55252 55295 55371]
0xe8f899b28514162b0f944f6fc683376eee0b7395cd6fa2de8e9d9502a3ab31a8,3,[51224 51461 52132]
0x8adfaef3bb4a77998fff09db2f873770baedffecdb81f228269abf39e89d3ab4,2,[74320 74406]
0x42f703b43f3c7d852cbbe746ac3aebe9cf4dfff02d0d69a1392018845df89f10,3,[75505 75551 75561]
0x54e4357642b3d89a62dd38c853349035755345410192a32c0083b49a495cd0c7,2,[82719 83018]
0x9897e2315c125befc3d0e86131bdc0433f23e90942783a79cb73808ad11f20db,3,[50588 51290 51360]
0xad6ee12bab5abf31d7e6f58c0497ea4389a10ea8e6d7863b668a8446ab2a0e6d,3,[56435 56474 56493]
0x095034f9f34b0843c12945a7a096452e8b2fffc66c4b60c87a5aea56c476c4cf,2,[62228 67268]
0x183901df7130930ce391b0e41ad563fd16be29b9c025eec6a3765afef58be38a,41,[80203 80224 80234 80243 80254 80270 80279 80288 80305 80326 80335 80345 80352 80366 80377 80388 80399 80411 80422 80434 80445 80455 80464 80474 80492 80502 80517 80528 80535 80547 80555 80564 80570 80580 80601 80612 80619 80629 80636 80654 80662]
0x96cc7f57024c9f78e8faf5575f48abec518ef35c4e1b553b7ccc1e50d6b667d3,2,[55223 55284]
0xce8f8509ecaa6a98e3f7c0f4772613def97109023702e7907def795a4e976a14,2,[59921 59936]
0x35430ba5f3aa9877875d25d336e24264e5bd1867f92ecfb9225f6623f76a58f7,7,[61251 61435 62182 62398 62435 62499 64700]
0x8ac3113b8dc246fb463206ce00d0f05a2145001fafd6cb6d50f8ebf86c6fa80e,4,[97227 97240 97261 97268]
0x2817ca37af38a3805fe11900e329152e4b058c4a1cd676748200dae63e408484,3,[55759 55901 55962]
0x374ac18530422a281fb0b50d04461a4b377ee20ff5ad7a25b3e36c09a355642b,5,[50871 51385 51517 62737 75997]
0x46ad2043f6da8263d2e4e0c6c0a488a9345a0cb342375a3c67297baebbfffc33,2,[65342 69928]
0x30ed9cb8c257f1b2dc1f3e05555210c28688e3ec290f429263fd620ec47e508c,5,[73530 84722 84736 84762 84777]
0xa9edad0776fbf682b9a897a7f57bf8131257d830c5cb1a336d23fa387a2a9979,13,[75603 75645 76392 76412 76420 76465 76501 76565 76768 76778 76801 76807 84709]
0x2a7ab368b65e4fea5885676aeb952f5220dba98441a505750771ac95eb3dea67,2,[62334 85858]
0x2599722a2d0e4a23caf3626ff338dd0bd956c2084b0f7d1eafe430ad71477987,11,[75629 75651 76402 76415 76424 76498 76766 76783 76805 76811 84721]
0x68595cedd7878852e7862e6489f33e5895c92dc560da73cbc0df374e9addd861,3,[74909 75038 75076]
0x2aef6543c7fe9dbc61ca69047ca8ad0d07648ab715c90465015449312cdfe4c1,2,[79269 79774]
0xfbb3f4b6f0374f5601b2e7e7425f40fbe8528ca7fa53465af3a555484f1ca877,2,[68496 68501]
0x332cf35e0b17c0189405df521abf3873853101aba34ae914b016a34c9e50b1ea,2,[76801 76807]
0x7483fc2efe4006fc02b4ac107ff114e0cfca52ab4c4641ec381655e9b0c4a8d6,2,[55632 65117]
0x4aa0eee684a7f848c8ec4c43aefd4a5efb3cd0b2ecb419ed28ccafce46a7b2bd,2,[58238 72194]
0x319e431126f4823bd43ebbd7387e09be588dd4f04369e00207e2a7c5b74e6df7,2,[55223 55284]
0xb99aeecc2e339f42303b4e11c5501f8fae3d7f46a3c6cf001e18b009fb4cdafe,6,[73141 73492 73526 73713 78494 78667]
0x0919ee1f6cb1f6cfbda56cb44eb4f2e5fc2836bd208ca430e0430f924f778d08,4,[54092 74428 80300 83717]
0xce584dc6b6b047497242950c20893e443a5075b3e9264e123e0d3d12874b87b9,2,[0 55166]
0x8b5fb628564171d1e996bca3b219d9acbade956f78e4d2668749df3849ba3174,3,[70985 70996 72142]
0x16f5b749415c7f710d36b7df1bf1118bf77607394da422d6e5c6c9cb04149ca6,2,[55086 55223]
0xd894bd33fc47fdcfbb32e483fc4b54807146caa3d29e271381d2679114982a2e,3,[82719 83018 88090]
0x8343da0400dfb9165bb362e421afbd6f9bd87dfe6706edcd1f2882e02602e401,2,[73203 73269]
0xe9761c895f1958ccf2bf62e799e1e186f646c791ae8aefab231a3e5ae19f9e1f,2,[86004 97123]
0x305a47e1b909bdaeec14bd5889a29c50d900fe6403abfb08ba4b3850ecd45a49,2,[49316 52481]
0x9d86c932089d1fb34b96b537f5bd7d30c18ff13abdb220e204f66e1480989479,3,[56254 79417 79630]
0x2117e073a96036ef2acb52f46d43be9871faeeabeb29beb28bb3f19507371f70,9,[74909 75032 75466 75484 75715 75747 75798 75843 75855]
0xbc00bbb14018043536e8bb8b567b49aa1a96c210844b64b97fe2788859daa39f,2,[73237 73388]
0xbcd1a11b0a9de5a604207607f1944747e625cb066d5d3a1d9ba9743b125dd7f8,2,[71490 71536]
0xedbd3f6ca1ea6f72d63b495bba4739c917a7f1d59126455c87aafe101dd0194e,2,[56422 56500]
0x7f71ed9677d8f465fce3cd863e945bc4d0c4f8e33b4a285bf499c906ec6c3855,2,[55252 55285]
0xb8c2174ce9059cc800b59a7bcb3d94b5a8970586ec6f8a867596fac2e8ae7b89,3,[49924 49931 49936]
0x8457eb14d0ff86c3155a7f292a60e2051545f6f036d1edb53523b7d20e8ccef0,2,[94407 96189]
0x92361eac963ca345837c26acd350e51747c86300cd936b53a1be800332e17363,6,[65204 69928 80240 80300 83717 96138]
0xe3b8d655819289377a1f7839272fcff4646e5852fc5361ca49d0e34872c528bc,3,[66126 76002 96025]
0x5fd69e9ce411eb1b0b6856c43ad5420393aa21bb9e3e988d13eb7145788ad87b,3,[75199 75265 75273]
0x40d37fc3c17cbb6afc455a0024b70911f754ed0de46ad68ea9cba4ab150330d8,2,[74277 74392]
0xdca59ef55d0f51562d45d0e455767978628686565d16fa1acd53641a3eacb320,2,[71403 72175]
0x4ab995c2d1d8b07945b3f3633b9fe5c7c3bf30d270c129838d6b8d98ecf30d3f,8,[76392 76412 76420 76465 76501 76565 76768 76778]
0x19501c07c3f76c6ad181bbf5bc1444bbc6633298b8bc8510461ac9d5033e1d44,2,[54395 54938]
0xda3764c22e9045fd61382ed53555b944132e8026c23bcf41f384fbe5a6a5c3a7,3,[65342 74428 89882]
0x8e170eec7e1bb9a315fef8ec4ada2d4833c756facfc0eb6f32bd83473e9feff8,3,[68436 68480 68518]
0x3b8309d914e4cdf9e6a96f544ab8552b73c7d88b00608c94e9fdde633f85741f,2,[55223 55284]
0xc5d87ae8388c3ebd284730f309f050703ec5918631fa9ced2970447bbaf7d903,2,[62233 83164]
0x6d2d7fee43f2c279a856f3cebcc5a399237d12f4474df981f9e5a3f1e4562832,2,[70957 71339]
0xb34b57616e98dd579db834d981f6fa88860d844248089b05df506e053b16bd97,2,[60583 61352]
0xf31c2c6e6d8714493d0df1ef84c874ce74d65521fb3ec00dadcf921bb02f23bb,2,[57704 71075]
0xdc9adb8269b7dc592b3218a1b1790116782d9203cc12e8ffb346d47fc476b816,2,[70128 80255]
0x7a24bebd735912d8a0ee6356402fe813f0e85e2a36de791c5cb673cac3a56d13,2,[79269 79774]
0x0ce9030e17748c26c015a8ac9b01ee0f5e008d85c1966ad9488253152efcff6f,3,[50207 50516 50643]
0x5ac754dd1967399af8fbea3030341ab1d98a773b2e4ee0ccc7fcbd6abc2ce03d,2,[55223 55284]
0xce36c1ea25015f9d9dff7950496efb3d07fa481e2aeaa3213709bdd19b196648,2,[79269 79774]
0xf4984a11f61a2921456141df88de6e1a710d28681b91af794c5a721e47839cd7,12,[50111 50359 50443 60375 62007 66126 74820 76002 88069 88125 88134 96025]
0x41f6193b9b70b09275986f1028086f0b8344422c2b61bc443c363a0a02ad2e05,12,[68620 71238 71900 71929 72210 72216 72218 72220 72230 72233 72243 72248]
0x574180c9b5c3b0f2cba512006cee1a9f3b2d49be328d47762a96f725c778b33c,2,[55285 55355]
0x7e25ec6fc61d548becf37a3988d405d1fd517190b882ad72cdf2c1ce1d50be99,3,[62175 62225 67452]
0x75f402102292d501cdf8eaa6d3c5c2a52dfa56fd0e43b760e60c020df4ad2c85,5,[75712 75729 75767 75815 75847]
0x90d8a30a1599638a3163f2c30dcd2008b7042c91e3988a9396ffb174fcfc27e0,3,[68436 68480 68518]
0x352cf6dfba4a8291c16fb277c755226ce18a707e9cf601d62d5c31c18a6fd21b,6,[50526 51282 51354 61712 68456 76328]
0x8da6d5c36a404670c553a2c9052df7cd604f04e3863c4c7b9e0027bfd54206d6,2,[78562 78737]
0xda3bcafab6a8803c6715472bab1e067dc6c8e474b5054ba9fd90c421514876f5,2,[62435 62499]
0xe852ec3114a4dfeabdbe05bbb2a03e02a47de3df45f805f65f0bbfd8201a2a20,4,[70977 71381 71401 72154]
0xb27f4fa56951f07e8cba3ca53bd75c0d02e10ebbe5fc79f3215ae398f438fe72,2,[62247 67467]
0x2188dffe26378b230ed8563d096287384367eb7dfc899b0e54856f0e26171f83,2,[55101 81284]
0x6f9957b12e0f010040420fadf2ffd0d9d329af4a1a7db14bc16e0ee4f24a230e,3,[73386 73401 73529]
0xfad73aa76258968ee3750031a53297eef8d9dbb77e1813969e903ab57022e4ba,2,[80001 81426]
0xb8221a6b7bdcf4b5cade1283e8ebb3fdd2445abebc61811324a0f26adf15fc16,4,[71424 71476 71501 72008]
0x59a4d2df335827ee151c4602432da654baadbb76179928f03636dfec24a6de0a,4,[79712 79789 80024 80055]
0x10fc01d8d60e2ecef4a25415176898b986c7be1ff8700c2c7f3045df9dbbd979,18,[75107 75192 75258 75330 75484 75601 75715 75747 75798 75877 76402 76415 76424 76498 76766 76783 76805 76811]
0x0d3fab9e6ffcc1dfffa535ff107c62973c43673b5a60b2d625daa8880e33d604,5,[73530 84722 84736 84762 84777]
0xbb3ffa465d1678d621ce5143f95c9613e1a574773e60e75b3185246381cf7220,2,[50111 56738]
0x265f5334e0977e2c1f321f73b095029bfb3031cb6585e50d18e7854ac8ac88fa,14,[73141 73492 73526 73713 77949 78255 78494 78667 78863 79406 79614 79653 79963 80025]
0x63736ba36658fb77d45d32960b7cf81c07ade1596d018bced585938502e3f2f7,4,[84544 84733 84760 84769]
0xc465ad22e3bf6858ad9fc901f33eda09ef73e7c24cdd59a0d60733cf0970a808,3,[50324 51209 51223]
0x87babcb569b0d7bfe5c39f7363ba86f21db8c6d939be1fb3e7b464d0a67ba743,2,[55375 55479]
0x2714f2ca3dd355acfccfaeed95086191f9166be0109c8bd9bc6c978bed604ea6,3,[51409 52810 55242]
0x70ad2f9792b65a0db5ff52ec8054dec2e14911207ae5ed402518f5e7b96bfb72,4,[79589 79644 79969 80137]
0xb48c7b212b63204fa0103dbeafbbfeb6dc358be0596ac4d1f03f0c2d18ba8e70,2,[61637 62158]
0x617c0c1a42a20471c02d6716848863e54e6792a4b7b523feb08b8abc78fe3182,10,[49018 49122 51909 54300 55101 78416 88380 91510 95875 96983]
0xc7d9148cb89f39d0dec6215be28aab1a9a29dbe5444afb81ca6ef8e79d36708a,6,[65407 65765 65826 65854 65880 65892]
0xffba904cb98b95c98372e5a55d4908a252222098cc5a03b8c6d13e9398085a7a,3,[50677 51312 51428]
0x299a5c1443bbf36a8df9417295e183bb6913c9c5812cdd45e7568852338882c3,2,[76991 88681]
0xc9907a0d873bd305c728a6536c0bb3dabfd13c774a063ed35fdec6a4bb826fd2,3,[73203 73269 73388]
0x54662c658ae058e91ba89101609c4ab983b314dd4e2d9f9d8d620ccd2ce23d91,4,[68769 71865 71876 71953]
0xcace9bf3a6165c21ea89568175450cad8e8544f90481f18d0c91a4243260a677,2,[51449 53861]
0x3232cf2d140259977e4941905bb4285c9ac6ca8e0a5ab5a7cc3c598fb09fdf10,5,[84373 84722 84736 84762 84777]
0x8a4d32ea8739c787f741dfa780331243b409ab45dfb55a9c3640966ca72c8787,2,[62509 62669]
0x3bad5c2cd82c21948aad6bb24594b4e9c7b7e1835899a44eb0446cb36a897ea5,4,[75997 76283 76369 82034]
0x09c1a9d0e188cd329b40b60f1058da65133d212480ea9fc1405985518204703b,3,[55229 55284 55343]
0xc5eb2a7fd8a0c7945647e9d5f2595752ee1510b666ac4ad35a29540c173b656f,2,[68425 70013]
0x7bc2d2466169dd2f165b5fc63d73269b7fb5050e19e9dd6342257eba2bca1fe4,4,[75997 76283 76369 82034]
0xc9657fe57aea258a041d78679f17ccd937e6c15ef4a98c0b40c89f75909fb11a,2,[51224 51461]
0x7ccb342c4dbef67ea357775f6564f68b9cb8cc9c3ccdc976e00ef9943913939b,2,[71460 72010]
0x96455ee1d857c707946176fa5a0637d94a029274cc114caa338517ed6e5ee05e,5,[55189 64112 68288 68307 96319]
0xec6a05a9845e2b03532dc199fcf0009f33876ebc0fb431635f0132358d36ca9d,4,[76412 76420 76465 76807]
0x3bef9e48d4aa64e0ad9c927adaccd661357d73cfb102b7228a164d6cb45b4c73,2,[75269 75725]
0x8337bd26c9f944aa2fe3e2133e3dc1e4da0a2df32a0f829d658cd00d08232dfe,2,[70529 71774]
0xb1ad4d93ed65a3db22bae6d3d103fce95c4aecfe9f7ce0e31b0c35b4321c230a,2,[68605 71027]
0x6a3d496201fd3f3da4a14f1bdc8132f51b48ee77743e803f7a691cd5d5186efa,2,[57483 78571]
0x9af2e205ea0f834c464db525a9598277d0aa33d050eb1d2eb9d78b0d539890e1,5,[73530 84722 84736 84762 84777]
0x8c26df3ce3f0ec5e9fe595a864eda2942b9d34e2fb43363c91002eb28a68253e,3,[76163 76967 86602]
0x940f6c4932fedbab6f2489c36a535959a261d88eecf4ce6b198b36ca473f1bf3,2,[56465 56550]
0xd53c1c56d68cfcb0184907a074da67d8c42714448d218870fc0096d8fc63d1e2,2,[76395 97321]
0x46f4df155a56cefc16f0b48afea833db2d4b2db4f1d6151d66a9a27d2e4e5ea5,2,[96319 96378]
0x0a8204c569fce0ca7b0604e89d7c93fe57b4e3e7bd992bcd611e0bd1803b9389,3,[70932 71442 71572]
0xa693ecae4eef2fec3299bf498b1d6b220fac9d58db01d77d1ee1c29df4170c59,2,[69316 73276]
0x2f43291629f368db947ed4a62dc8ffb4144d69b1f9dfe0fc07dac5d010b4e999,3,[68615 71035 71879]
0x010be940bbbc22ab4e2d7f23f47dd909f10a77a1ac2e179fa8696a39c86d697a,2,[61142 63835]
0x95c2ecf07e6a2543689ef4f752d0761a637d8c25120561e4b03cc0763299ed75,3,[54395 54938 54952]
0x9ab226a6936d2c90c77b0afdc0e95ca9c660f24e8f8dde4f5bbc09f9db0abc50,3,[50688 51435 62672]
0xc0fa62ccbbff013adaefcb21667b49dabc806f8503b3d82d2d384de3a613b2fb,2,[76801 76807]
0x3071c1934cc5fed7950ef2b5fe9932a3849706d425e4ffc66fe156805c826844,2,[79740 80319]
0xf783b627c23e9900db3fea2b7679d3ff9b07c7863444144a162334eb53048719,4,[68743 68763 71922 72160]
0x5c92c92ba368e33f81911e9ab8fb56eb09552a68ed38a5162b0aa212003a7205,3,[51420 52444 53453]
0xef7795304117fc225b44c06f16a16b4add4d1fe70c89975c9637dd2199809b78,3,[68436 68480 68518]
0x2273a88af8969ba1f61b023eaab3f8d1c113bcc873788f0542e6818e41df2e3d,14,[75008 75294 75303 75402 75410 75551 75556 75561 75847 75873 75883 75991 75995 79148]
0x753308529352e0e1922e84583838e6e1b4922b8a2bb11eca6f4639bf67781c58,2,[69928 80240]
0x6fecab86ded291c9ffadcff2086b8c59aa7bf4c0782f10d8f47b844cb81a1690,2,[56131 56289]
0xc2ec8b8d531fd899c047a1c854888a507203571910d3d4ab0f45e583263575d6,2,[62148 62204]
0x4b932e9d12c3d6deb7dc61636773e75281fbc505dfa5ec0371a1f82cc1419923,3,[71481 71499 71549]
0x7d55907e758a06b79f95002908824aed44e285baddf95c17fc7d31d2849a33f2,3,[65342 69928 80240]
0x657a4ab8f2d26c714c0ae7f6d8413a8cbde9e3a97a9ff8256c6416462c3172c9,2,[51215 51449]
0x0e7b8c24c73184e1488ae8cb3401e666817758261e48b23d1fb832d538712c82,8,[72586 72613 72637 72644 72662 72839 72993 73230]
0x0cf0ec48727e6508183eb2621548d76e60ef5fbccf5b1793875e937364d913a9,9,[75105 76402 76415 76424 76498 76766 76783 76805 76811]
0x4211c0fcc48f1c1b971367adc2b242b0b938987e1d513b7bcee0549c4ff7eea4,2,[55223 55248]
0xd450f1e3d2b91746471f6bb6f82c3a6a381f8989aada0f8bd76e850d706f220f,2,[61535 62492]
0xa7b36ea6661313e27ad2313f9f065aa3aa09e59a4cd6ef293e0d74a977732998,2,[78863 79653]
0x529ae4506b7e844803aa58c564d83215e2b7562ad0efb8b7985dbc71e0eada2b,5,[50233 50570 50657 60442 62669]
0x2e4c4e8fc4e2aff5623ca98ba0b152a80fa694c20f14ad093637c05af4a9c1af,6,[51215 51449 52044 55365 76371 82037]
0xa2a2470f77579679733e66c9e3b3f60737eccc186274f6b82d0ea9815ae7e8c0,3,[71610 71619 71664]
0x0beee783ed847e9059498ef85e48fbf44016f3e9b16fa8b46ac95356576ac1ec,7,[74277 74338 74352 74371 74380 74392 74406]
0x35813f756db187e5bbd3e6915c76823c5f581e8c9bba9ebec7b59fc05ed9ddfe,2,[75546 75553]
0x6e0163237702ce868b425c4bfeeabe06e7bdeaac4835d9ba66bb4961ad0139b1,8,[72586 72613 72637 72644 72662 72839 72993 73230]
0x671f794541109b2c24309f1857e5d7e65369aeb78d595a171ba9d5c15431277f,3,[53490 55217 55245]
0x33debb0132c922e5f91567ba1c9467c329808de23aa35a6fc38e480acb646eca,2,[55885 56476]
0xe1e3a89bb536954c39ed6f76cbd828e0fa1135879f5339dd6e0b83a6cdf641fc,3,[49018 49122 51909]
0xb5e6d83868eef3d5f43217991d6a37d3d58ec03143da85d6ce0153a8d2e37d30,2,[68288 68307]
0x15dc218455031b9e1dfb982875fb79476851f0b649084a65dce7ec2aac2b2f15,3,[51168 51432 51642]
0x48b2abe1640246a5aa292fbd90819dc4e4f27cc74acfd8412b3429b6ac51de8c,5,[97123 97227 97240 97261 97268]
0x9307934b42f07ccda877632f11335cdff0b94cb5cb79f99bbcd019b57d5d5edb,2,[80295 92336]
0xa87d9bb950836582673aa0eecc0ff64aac607870637a2dd2012b8b1b31981f69,7,[78562 78737 79422 79589 79644 79969 80137]
0xe886cc601fdd0d63805dd5b4a5f8078d2e6975b7491be7ce61f7eeefcb1c96a1,2,[71065 71070]
0x5293fa46b8e2701e93cb88a5f03908a186c5cf7782cac489bb928b7c21f587b3,2,[83633 83697]
0x50e068d07c393a5a12e81ca42e194e87ccd37fa478330cee7c42353c80084893,6,[62816 65660 65771 65838 65863 65887]
0x9f7c72d3cff5413e8da30120d1eba28e4cc0f570b1b715d78de636351a7717b7,2,[56504 56679]
0xe2aeb23b47da433524d0e1ffa0f01b62f860d98e1c0ea012381c7fd6d0ec7a81,2,[62563 62737]
0xee1a59311355631d6b5692682243a8506bf8430575ea5cacf30f0f817b79c12d,3,[54395 54938 54952]
0x9284cac51aaa18b3b1a37d1c4a99891ff7654fc4241f59f27382b09a2fb72815,2,[92377 95418]
0x46f607937b2eb23aa2a2ea73148610e87888f1704bf3ba38fde99104b36f855f,2,[51225 52220]
0xcc47c34d349d4a707360ce0b5ae274b7ff19124aedbc2bfc1170d84d2b5e9713,8,[70970 70979 71407 71411 72147 72150 72169 72180]
0x15503e91f9250654cf72906e38a7cb14c3f1cc06658379d37f0c5b5c32482880,19,[50111 50359 50443 54180 54395 54938 54952 60375 62007 68313 69286 72179 75997 76283 76369 82034 85942 88114 92427]
0xb178ec4c8ccf2abc34b974ccc2be4d5dd9efe24fee7795c3afcf660d88500672,6,[78879 79422 79482 79644 79969 80137]
0xd43c7718cb721f192c226de63aafdd3dd38fb25970dc43f31524103e9dc50c87,3,[88099 88282 88374]
0xc39ad3d7a1e2a1c0fbf4b1adaa3d3bc2f53cf2713a48ba996b5321c3cf26e361,2,[75303 75340]
0xc2265a311f8d1c23474de82215878411b7d1f85351e14d08853515bca06b30d9,6,[59923 59995 62127 62166 62220 67263]
0xde5b85d7e86ff18233a01ab6f2c8435521a5b995dae068ca6fc3e5096f99c843,2,[0 56142]
0x70b741d0cf4a9d144bafebc9be0c862ca7b9d0425d3701c3321754062b366032,3,[79938 80453 80564]
0xaedbdbd8e09b96261bcd37f4fcae00eb01dd03f7af0453cdc3022cdd52d99e51,2,[96319 96378]
0x90455a1e0a83bfcc97805af892928d5f3b7c4231ae293d737c319398435798fa,5,[50871 51385 51517 62737 64094]
0x8922ccc541246ce531404e108b511e0f888cd038fc8a46520aa84dc55f8f3a05,2,[55223 55284]
0x7ff1ac6d75b03b2d93a5c4723fe5efdcf9543596658177f34a2ca7ab9c069eff,2,[71649 71662]
0xb4c70b443c44eeecc4ee8d3908e7baaf049767b624ac7cc0bb27debbdda7fbf9,3,[55258 55312 55371]
0x43a71e08c60385a04bfc9ca7f5b30de5ffb3c46b6302de465ea64c1718dc2bf1,5,[71349 71354 71358 71369 74041]
0x8c80dba57cc7873147d4ad600bc915b6a1f15f80455cc544384cd9c09360789f,2,[83257 83685]
0x7ff7af6fd07baa67752e5b7eab6e3b2dfab4ceaef1c06080d4f8d4e7c5864967,2,[0 73515]
0xc4f169d2b6287de3c172a3cad9c4f068f514d568299845489a792194e88cf9cd,3,[74554 80300 83717]
0xb8603fd516fe2004e11dafebaecbb598e9004b1680228b55216cb62501ca1566,5,[66152 68422 68426 68491 68518]
0x72309d7c9e6d34463a3477f4e158ce0c7576dd80eb29e6a952d3eab1a7db3ea1,3,[80233 89882 92544]
0x7f23a12a3c380e505aefc8888a38c3966076535796034c0f5352ef02d5c27beb,3,[62509 62669 80295]
0xd28a75ad42df1657d6767204b8fb9dc9cdd2456eeff7ba23001e8e64fb1b063b,2,[0 51921]
0xf377133cb062cb18f989d1814d3e76fdb4348bebd80509b177c71247be2f7023,2,[62118 62158]
0x1b56cc0a5b9b1ce34e9a14e896ea000c830bd64387573d238cbe3fa24ddfa2c3,2,[72179 92425]
0x1cfc5ff6b81af3ffc3f6923f53aa65282817dca2b6485cc17bccedeb81abaff0,5,[50295 50486 50622 50774 60468]
0xd47ec2a52fda7614b9f59121d927c9f2167404b1a90722b3a5e7e1de8756b98b,3,[55252 55312 55371]
0xdea4caa68efe450353275faa854b2e61bd3b51f290a16d50b5f213e42b6cc082,2,[83257 83685]
0x40f61ef1c42bdf5b6916e65d3fedf546e3dd97a9cbcd25f575709cf1672ae738,3,[72895 88125 95400]
0x00b9f12931a63d043e6ae1aac5405ad9d5002b52c77c3d92a301b23132db8516,2,[56296 56330]
0x1c6df690ce6b7727510e9de365e78209a72d41701e91e51a939d5b84138d152f,2,[68604 71945]
0x270e8b1f77d05acbdda7dbf48bad4312ce90274429f81e5b4b1a0c5a8f5ab79e,2,[83257 83685]
0x168584676ffa394f0783bd84bf7133250b40a6904d276abbd3d4791f2a3c65b5,3,[54537 54577 54593]
0xd37000a25eca53bde2e4b3d139bf9d50166d4461824c8d2696c63d562c20c609,2,[96319 96378]
0x638710aa86ab306a883e718bb5fe52128a4a90abf9679d3e0a97c1f3592cb0c0,2,[62669 69303]
0x218be66d8972a84ccf3e35dff05c779fa9dc24b670ef855b16ec0b45b71cb0fa,2,[78902 79056]
0x8ca544358daddaadfdc1cf464823a334cd7f7308c86f2a0551aaa1e61e30d5b9,2,[50816 50865]
0xdb3e90cdd98b43af42bfdcf4c27fda27fc445acf56784c6fc8457421843d07b2,2,[55189 55239]
0x4cc8e68fdc6406224c543e0be660613285c95b34fa942f70320c1fca3733ab85,2,[80233 80295]
0x99d83107ee1612ca5ce786341bbb0bfda25df000d0d2204189a3451828a72eb5,3,[68402 68432 68554]
0x7145d6191103094567994881d6e601d3627dba60754286265ff1e6bd8b790686,2,[75553 75843]
0x8b3e62d681a232ce1f762048efee3ffbb3d62f2768dc22dec53fd9ff92d31a40,3,[72150 79519 80031]
0x5c433c1481b483473b0189de82120b8b94c1e3c33c1998f24fa481ec5c7f9b96,2,[80300 83717]
0x50e26f87b174099a94d47d21e4890e57b23fb0b0d27291d2b7e6a56d0d0cf8fa,3,[68436 68480 68518]
0x91e76d09366e5e20d53357062f06ae3992f75cef11ae5db9f08c3fd2d2477150,2,[56504 56679]
0xb595a4f5fc133b5bd06729cb15c16c6f25af6228115aa97bf77256d28fa23ec3,3,[49853 49864 49888]
0x24cd806c17b6ba0b372f4248fd901b70665f1bd26166823215e6a9afd55870a2,2,[74320 74394]
0x3b737aa082f692e5eb1bc775be29651b721eb50a9b2cc6095581e4ccbf0a60f7,10,[75032 75249 75269 75330 75466 75484 75715 75747 75798 75877]
0x8c67c1f84cbecbc18ea4ef91cc4ff09ff692e928d2cea4bd95c3978d35364be2,2,[73269 73388]
0x8536ff8844eb187f738499c4a3608ebd10019cffba08ae88114532ab2cfad91e,3,[71593 71600 71681]
0x06240356658b3b3a13efd1ce4ec371d6b294fd96a537e380f118dfc3d3e86c75,2,[0 56476]
0xd2ccc459a285a100914c22e43a4b1b235d6b28f6ff1bc57326299db972f4c258,11,[75126 75145 75184 75192 75199 75258 75265 75273 75340 75368 75400]
0x5a5a856eec27fecf9b8d9baa752c7bdff67a320bf72b6d08070c07ead585e44e,10,[70950 71019 71373 71393 71690 71699 71831 71840 71847 71851]
0xf8a1bd6f8b46c35468613556fa253f2698c69943da1fc2872f2ed27eebd3eea6,8,[74993 79779 79822 79843 80022 80030 80051 80067]
0xe4920efd09d40b84b84b1f0007ad31cfe9645eeb887de898c70aa8e8743deeb2,2,[75603 75645]
0x5e28bd277074389ac6245672c1f5185605a300293860c7e206950ef3d0aed7c2,4,[54949 80233 80295 81724]
0x9eb064c803149c90c460cd52a341eaea263017042ccb4890d1f3713b113797b7,9,[80192 80258 80293 80312 80356 80478 80506 80584 80640]
0x84cc7954cf3a89fe838f78e12f27b0d144d1b1c8df6a732f0472ecf4414057af,2,[90913 97451]
0xd1648e2508128edcd4304f36a4f46e39422e9398e353785c4c7a0c1c7c7a1c99,2,[73375 74277]
0xbc7bcba72a0a639478598e7c9b6a1318cae3286dd379e71aeb307a507303675d,3,[55258 55506 63816]
0x470be455132c52bdf39afe7a141e6448dbc1ab951520024a694b705e6dc0e171,4,[50992 51387 51549 70932]
0x30f27144ef1aa133e3cb6c673211e4817a434c81096520f62e89508d00906f37,2,[55189 64112]
0x4355bd3061ad2d17e0782413925b4fd81a56bd162d91eedb2a00d6c876114714,2,[50222 81963]
0x1a5bfb6fb9a70f3a92cb72859df2c925bed64af1fe6a5e4475c47340c584a38f,12,[75114 75296 75305 75404 75548 75555 75558 75845 75857 75875 75885 75993]
0x15fb19327713927e83ae4654e060447bef15c565937505c1ebe6e0dd1a3801c7,4,[71300 71399 71966 71998]
0x92f14c394d7e61c623abdb58eff0b32ef8f41c78de779fee571a08e8648e7760,4,[79482 79614 79963 80025]
0xff3ebf3160e5625b9abeeb8d5de7d928da6002e3a7b50df97532899d1f675613,3,[56422 56500 56678]
0x505ade6e6d0b3c463e3660448820fb490b9125ccc9b13b04b12dc5ba51abc936,3,[85684 87882 93199]
0x4cc48f27cdb4228870459b6f018df45aade86c2bea0fb84e3b1d5b7ad34c8333,3,[68436 68480 68518]
0x0102b6558a9bae419368b12ffa5a4ddf12cc4fcbda5166b5141bbcb88c8bfa14,2,[56465 56550]
0xae24c51ba572aa0f12611a9cd62f4585bb8debbdd6417a8be0360c8c1dad448b,2,[56199 56319]
0xfd9a4c7fb50ed462bdbff5414ddcbe48ab22a40abad41d93d3188f39e429ec21,3,[55252 55312 55371]
0x2aa12b8dbfcffb177f2def3488864cfee4fd4b6f228b1b26a4a693951189ee22,2,[76163 76967]
0x37f9e832c13e2b54b00a2e70d7ea9716b06be6968b02712e62a7da8217c83896,3,[54395 54938 54952]
0x202acfb6e9cefb0eaf6f0c4ca053b1feaed49c33bc025976f4d26a5560d49630,2,[68756 71920]
0x4968b0f448b29126788cf52abafa1a1028d54a9d12d77b86b2445ffff1f140ca,2,[65342 74428]
0xe3be08986f8f1a1af2e2fb92c65c62037f24d53abb583ea63025fe22a39a3d4c,2,[54943 56476]
0x3aa9ab8d52416039ce8a2c0483465fb808452ab785757146556c02452ca4405e,2,[56296 56330]
0xd7be8864ba79f807edf4ae1e6c957524e04781069b24cb45143e15a135d0ee59,2,[55223 55284]
0x06ecd51409d767c6a1ebc95051c0e167947e834ed49aac9be11532c2fe5451c8,5,[84544 84733 84760 84769 84863]
0x49ee472ccf43831b5a2b5ca0d6fe84a357cf45d0ce8645b28256266d325ff7b6,2,[0 56379]
0xc6aff548d7c477573f7765d01eaec2e9a692b02d88b56e4381883c50178dfe15,6,[71286 71366 71826 71850 71962 72158]
0x95474968b67f5ea1ecb22abddb0d344cd3e2333ccd5ddc65bff435c15430afa0,7,[79771 79818 79824 80017 80026 80034 80060]
0x2b5d007a5a2d8e0992515c353d4485f8171fc4f03368477bfeb0407f4cde82e8,3,[55252 55292 55371]
0x92f783a964fa08f3f7c1643891a54706ac0435cc15b7cf65fec674ec88ef8d68,11,[79712 79774 79789 79820 79841 80020 80024 80028 80049 80055 80064]
0xb6843d5b286621a5fe4a9db07efa11b90c4f79f185d86bc7e4401873b6cbe29f,5,[50324 51209 51223 60916 62669]
0xa58dc785f044e567ec17b4ce555e403e6380e347b08411b6c467242cb836564a,3,[53490 55217 55245]
0x14a9419c44b034554f043300ae906789df8f2d2b27d57f992153a87bcae51bee,2,[55260 81058]
0xcaff51dae2080974a0ae559787747fb731282015be43ef1aed15de3776aec806,62,[74993 79771 79779 79818 79822 79843 80022 80026 80030 80051 80060 80067 80197 80203 80224 80234 80243 80254 80265 80270 80279 80288 80297 80305 80319 80326 80335 80345 80352 80360 80366 80377 80388 80399 80411 80422 80434 80445 80455 80464 80474 80483 80492 80502 80510 80517 80528 80535 80547 80555 80564 80570 80580 80593 80601 80612 80619 80629 80636 80646 80654 80662]
0x7024f52dc3876fa474f6a6e7a27228809739a2e13822a4190aa54717cc60bfa5,3,[80295 92336 95527]
0xd60c282b6ea3805bb7b9ebb1e74896a2083a44fa65d2f1bdb0f719c232ac3f69,4,[50677 51312 51428 62532]
0xe95c49f9d31ee2eca96308acdea57f51a5aa5fb576dea07644a033721f6f32d9,2,[75553 75843]
0x8a30efd90c2772598007426a0b924e348cfeca2ac37d258414783fe913afa323,3,[75402 75470 75505]
0x917848c32afee531864b87c98f1a9dc473ecdb7fdc8f4a658471d1122a28c302,3,[50295 50622 50774]
0x41a579bf98e35b2535bd2a5b34e7847aed8414ffe2cf9a20f86936c2c88ad720,2,[91384 91544]
0xe4c6412ab73ded9a0e0f6415559e443291c7049c7a8442d2d6709ab88cd0ed01,2,[56422 56500]
0x5e714805ba2b4be94fba037bc91ca18ea5c4247ed473f7bf879603cc40c50484,11,[79712 79774 79789 79820 79841 80020 80024 80028 80049 80055 80064]
0x52671427f838e5e5ec4ee4aefd9678f3ff1602bd78bb96c146f0734d81b04562,4,[50871 51385 51517 62737]
0x5924b7b38d349b7f7ba195e35f4a6016c9c1c499de131b2ddb4e4445535d0760,2,[80453 80564]
0xa42d57437f530831a944ae1e7853ecab904470692d9ee1230185c390bc0c79cc,2,[50609 51385]
0x94478c2537dbb7f53dc6051447d65aaa56705b48c38a1feaf998f58043636d93,12,[74909 75038 75076 75192 75258 75330 75484 75601 75715 75747 75798 75877]
0x7dada03c1083dea11c72be5b428807690b32401ff8293739aa0d8b8c48842710,2,[59912 60101]
0x0fb49a7917634f3b0eac8dafd1163fcde7319daefcebcd81e2bf77679f2da427,5,[65407 65826 65856 65882 65894]
0xbd38729d3a00942303d0eeaf3cdfdda9f29a0917d899d96484a9d79a9505f445,3,[68436 68480 68518]
0x644a52aee384888f0d256ad4a83e9fd9a8e1796f4b0b6778bfc76a58a70fe5b7,2,[53649 55248]
0x09ddc886bd45c7f9cbbea2a2ba9b4ee54a2709cd246ab5902a3ee9f4cfd5ad9c,2,[78902 79056]
0xe570e6f16d5432923e57e7417678fe6ec7a6c1129c787e4d9d08e5a913acb743,7,[50295 50622 50774 60468 62182 62509 81438]
0x01a323b3e849d477b715b09882b8e7fc54b5128dc940bee7433faaac77a07238,2,[65515 65659]
0x3567da57862169b0dc409933ec10da8113ef3810fd225ad81d4fc23c36ffa5d4,2,[51818 51921]
0x8016c45aa76045a6a3921d0257d0665c8b04b6b0ab5663a043ae5b529f5b5dce,3,[54395 54938 54952]
0xa2c41e58e42dabfb621948f9b84e88f598a0600a1340ca3e8c2e8637894b5801,4,[79460 79938 80453 80564]
0x017909c8f2d6058dcee1e0345ed6582e13528e1a7a5c6feae96f4ae35d403674,3,[88099 88282 88374]
0x221fe3f5ab9df5ee8792a9077fa80315d92db698128cd37e1111982f92885a36,2,[0 62204]
0xac0e3be5074f3b5b8af9afc922efece0f6e578e45dcb8fcfc92fa8f9ac9eb6a8,2,[57702 70925]
0x3cc272de91c4bf53dcdf2e669677822430e0eb4d10c7427c744542dcc11c6a88,2,[80001 81426]
0xc87961213a792b599eb6dc48d11ace39ed669ce0b69030cf5b38b39bf81872b9,2,[64073 64076]
0x1f33a350c4fa3a35da8cd7b8b7931063dfdc23399d55877f65b3aa3036f689c1,2,[84265 85649]
0x4d6e9f812ba3b26c46e9f86d36bd2f567cbd2509763e79083424fc8db5ffa8b3,8,[76392 76412 76420 76465 76501 76565 76768 76778]
0xad394a67cdccb17a63d59506ba304a9d17573a2a8dbc6ed27c95d83062b6bc11,2,[68460 86036]
0x4900b1a4954cc0f81bd1cbada171b06c5c4623e4f8263cebbf8359e927811a2d,2,[97255 97266]
0x9879a80528e1946008f2587716936a0a728e264c1757e16fa987820fa3177987,2,[90724 91544]
0x72fd12f6982a86da9afe8711585cafa0756d6a88b9c9c9a865495cc50a8bc66e,2,[61819 65327]
0xdc8e5f91b42da4cdd87209cd189d6aecb11709532c91f1d45bc078e9bd978558,6,[49924 49931 49936 59716 60143 62102]
0xcc1ef8632cdfbde3434f2682a4661145d2670cb5654c6aa2954ffd37e67893e7,2,[51169 51434]
0x4e918b76be51be2f02df0ac6191ec2765d401d2229e47291806815da755f5b5e,5,[50171 54188 81958 83028 88098]
0x32f0e101689d3bf62ff25f99db9c3b69dc68cc389d751c81a9147ff1f0767252,2,[0 97237]
0x44c47d84cd48ea41d31faa7732817647702761dbc2a259e76efa19caa784010f,3,[55260 81058 83164]
0x2ec3a1f12f42f1ae12a8ad3882dff3121b919bed9ef6c72391a65a105fd8073b,3,[56414 56478 56646]
0xba184c2c8de94c8ba1ce68e5c339c4a17b9e161df4935bb483bbe920f3fbdf49,15,[73141 73179 73492 73526 73570 73713 73722 77949 77960 77973 77994 78255 78494 78667 79653]
0x3590756cce7d499faf75797517a70ac6019d64afe5208e3d8eef0724f9924daf,4,[75997 76283 76369 82034]
0xa672eaf41f018fe84dabcce986d8e74995a5ef15b28a0fee432d660355ac983e,5,[50242 54092 54395 54938 81970]
0xa657c4545f4b8f60c7622cac69454c2c1b61b11e1831934e0cc139274b65a362,3,[51232 51465 52237]
0xa610ed97c90e559976bd2662a1678f407a57fd9b40915335fdaa684d471f2b80,2,[89882 96138]
0xaeea411ec8f6c86ff8793f52f19a92238753cb25b280b7d2eaf17917402616d3,2,[62562 78678]
0x43b3f515867571cb1b6893b406551741c129ba2e6e80dbcfa92f82e879fd9d28,2,[54332 54352]
0xc544216f9c7abd8a49b745280995cb382e54fae2483fe6572401c4da2a331de4,4,[73375 74277 74817 75008]
0xad5069f12084736c25e172687b1d4630784c22dd20ea106f83c138d45fb02963,4,[50588 51290 51360 61731]
0x02f726de07fb1b6c2026e13534a08be0339fc030b0c48026df27bfffca9fea82,4,[49018 49122 51909 55365]
0x035f521f04e17872806aa7f20dab918a8974ff20b875f031428e0673b74034c9,2,[72493 73765]
0x3aa019bf75a24576f202168f0b02d6b7f71d86997ada3558a4b9267ab5324fdd,4,[50305 50974 51192 60840]
0xde38c76ea2e6d9c1f3097ac33e5c4c8f7f6521965d3b78cc1b661488b5dce350,4,[50588 51290 51360 61731]
0x7c8f12ba7472a85c9ae23b9b534b7412bcb9272dfa0cfdfb6b436d75f6f5f480,2,[0 73515]
0x0336178c7227ef9743b790bc9d22664202316278d45c56f3d058658be29d89ad,3,[56435 56474 56493]
0x6a35b2efea43fd454461f5a6f4ea2a08d9fa6cf8cea2701fc17c7b6131e42d63,2,[55223 55284]
0xd480d52786057a608af8c86f04968e9af7e3f84365af1b295f4c4ee3da9dd232,3,[55252 55294 55371]
0x0245c150e16e3f64ce2014a0d719312a80f61710c807339c9f6acfe11c985898,3,[68275 68300 75563]
0x66945583325a558fd23746511a5d0aedf8b43c3d3a5544e21c24b4ce1f9b4fe4,6,[71212 71245 71267 71862 71881 71889]
0x6c9c6f98ad321539aee6918599b6d29ce87bc8094746bf8d9a29e9c3321c5642,4,[75997 76283 76369 82034]
0xc58548762b45b14436928755f992262e97c32b3e8ea29945ea143892a5ca642b,2,[75126 75184]
0x479dd3da0505a5caf867edb228d358aa2fb8cc5c644c1e74b3a0bb92c4c2c396,3,[70498 71463 71469]
0xec045cc428d677d40bf15db1f212c26eb9885913e5b38a6c30c939c3cada2f89,3,[50207 59896 62053]
0xd7718ac01774d7191a8f9a99c04794b1eda667e018118fc29efba4a8f068eca4,2,[71486 71577]
0x894bd5dd0742b641401e2c52e2e4ddfd1aa7e22f7a708f7226b7627a585c3b02,2,[65204 69928]
0xcb2cc4faa304f0a6c90952681f6c07ab24c630e30c07e01c1ef4b6e4355e2b3e,2,[83022 88094]
0xb48a270c15521db71eb3adffbd9ac7ab4517bead91674bcbb2ad43412a1cfb65,2,[9910 71774]
0x1ef376ef48a1df8ce726ac9e8857f3601d9fe4cc3b1b48cf7b2ffd9d1e39bf1a,2,[55312 55371]
0xbd28df911d326ba2fe592abb2fcb37461b96189d7d9fec1e14fcb948b65556ce,4,[55258 55312 55371 81438]
0x6e281a4fe0e70e74c05e704988de660350007bf2b34d221a728169eb48897f0a,5,[50324 51209 51223 52607 60916]
0x588ad2c862ef2a95e72bebc975d1d6946f9fb080c1ed5f4b4fc97bdea97df4aa,2,[55189 64112]
0x13a24f7e3b8fe7d15ebe467315288500c6a5a9ba80b00e4f1110d2362d38244c,9,[75199 75265 75273 75340 75470 75712 75729 75767 75815]
0x787b4acf019264ae5a6ddbe762429bfc5eaa83f649cf2c418ce9e4c3c3909cc1,2,[68288 68307]
0x22da796fda7a7dbcb41632a5e68393cda58f70d72332387682dbc4ba231edea4,3,[88099 88282 88374]
0xce1ba6d6e4101eb16ff8cb5350b34aee54177cb797001d27a3d861e958441bd0,2,[56504 56678]
0xc28a8120c46eb0d66f8db56d2b295976c145d1de7884533590df7341bc96ab60,2,[51232 51465]
0xd051e69474ba2da7af34e4d13e79d2020de51aef0ed5221bd427deae06fb9f4d,3,[75112 75249 75269]
0x1b9809bd1fe76fbcad47eeb3eed4a54f315e64a5b13e9540f574bba20130ee7c,2,[71291 71395]
0x4cd1dccb83f873881ca81d2b496a413815e096b19ca9777625e32a365d62395f,2,[96834 97266]
0x54db93d319201aef6a537991121166e5343eff074fb3cbe389f01a9ea320d7b6,4,[75361 75396 75855 75991]
0xb232da054c8b549f2ad6d97d65fa2479640a06e59d19caec445b21529e486931,2,[68927 78743]
0x3340bbaeafcda3a8672eb83099231dbbfab8dae02a1e8ec2f7180538fac207e0,2,[78562 78737]
0xff45db7456cc9d982cd27cc3b1389206c67768a94fdca5f9ed93e8780f2bc0aa,28,[80360 80368 80381 80391 80402 80414 80424 80436 80449 80458 80467 80483 80494 80510 80521 80530 80537 80549 80558 80566 80573 80593 80603 80614 80621 80631 80646 80657]
0xa8583f8b5592046f61b0f4c96b95caed6afc9e124b5dd70fe39fdcc7b6b6c79d,6,[65407 65765 65826 65854 65880 65892]
0xe1d01cbc35254d7151636f30fe877353080e94442d6eaff52c1356aac61992d5,9,[75995 76402 76415 76424 76498 76766 76783 76805 76811]
0x80a1923042ae88882f9a1ada4c70186313ba33ed3819529ea60c5654e5e4c271,6,[59923 59995 62127 62166 62220 67263]
0x4f6c04a7a104118388d7d7b0903e42c1b6032872bbde6a2ae74772836101302f,2,[62175 62199]
0x9e31266fb266cb37c4c113b1dcf9ca8a689663126597165178bd860a57afc8f3,6,[71015 71307 71325 71388 71692 71844]
0x13c11b62592c95fe1843b9a8addcb2a683da1f6d0f7537ce14ed062f32e669e6,3,[56435 56474 56493]
0x17a367ae0a8495acd6bf27f60f6fbf0a08bd228183239c9a04d7ffd42ac08558,5,[73530 84722 84736 84762 84777]
0x4e57ee98ad014074c20260f2b8b7caddb4a0fcb2d0494fc5118fdb383c3f77b0,2,[59412 62428]
0x8885c143cb07a3859c0edbb2410fefd31b265f074814b61fac9c881224a226c0,2,[59896 60375]
0xa1c75d6634439bca0e43dfaf7d0340536dfe00fe2a2d6656139aba364467d699,5,[84544 84733 84760 84769 84863]
0x9a4d88530e2a8551142cb7ec72fdf1083ea4e5b7f2b2bc250d8243d8e87f76e7,2,[57257 62255]
0x1cf3cb735a80ec51c49901416928c3d38de099b6f151a9fad9382aeb16cdf530,3,[55252 55294 55371]
0xaa210e8cf959e219c8fa1c15797319bbae0f9a816d4c027fcdae988f2dc2ce79,3,[79771 79818 79824]
0xc5654d453db682120ea54f59080ee21537e065d506510c14723d2c52e563cb29,3,[92377 92427 95403]
0x6648b753b34fac77f84d9765c98056fe0c91ff9c598cd962e527d40a7b9d54fb,2,[62563 62737]
0x5cfb48d9f95bf9f468719f112445be520e818582154529c7da542335472e1d8a,2,[71295 71348]
0xf42f8e9bb1f675be349c462077073c036a3e30867f3ee1503519f7e942e987c0,2,[75126 75184]
0xcec3d134738deac396cbedce0fa18d526001bee0024d77435a52f0062f1fd2c1,2,[79285 79779]
0x56ed74c009169949600766e693a8769bb40662f594ee68b44d842d44d49b9a81,2,[79269 79774]
0xd20e7cb462cddfe683ed6df47d2ab6f9613aeeb88d001b9efd90c4acbd315399,2,[77980 78001]
0x3145ca303e2ad616212ae2da904214b8613e3bd6569feb86df4931383b63d369,6,[62816 65660 65771 65838 65863 65887]
0x25ac223c76feb13e4850a28585910ad62b2d8fc3dbeffa7df4088233bfc24ccd,2,[55858 56319]
0x7a586ec44181afda3f85bbd4fa8aaf0340fc05eb9188abbeaad3a16167532858,12,[71903 71908 71933 71940 72200 72202 72206 72213 72223 72226 72234 72238]
0x63a532576e49705dd914b9d732f356d10a15541d7e75ee5530fcd7a018f74dcd,11,[75527 75609 75651 76402 76415 76424 76498 76766 76783 76805 76811]
0x3f0e0eaaa6b84cd0102fa48236e456d71724ef0881ed013f8c43400ddd353875,3,[68767 71048 71230]
0xac8a79063e299337f565168d29bfdddabe23dee2a14362e82baba15fdfece400,2,[97221 97281]
0x7bc94f94c38118b70277a24fd1a33c829573659bda711f744795dd226a693cff,2,[69051 82154]
0xf66de5986f60d5617fc0c67139d28ea8c3d779ce97dc23be4688f796bee55600,3,[84546 84772 84865]
0x65e501cb2b0da4b1aac1e4634e2aed9728f9a826e321f06791c6bf289efbe77b,2,[75105 75609]
0xb3f519d670fd6a7ea3542b12e1cee200a3313e4c8aa5885a91c10eb5b53097d9,5,[50588 51290 51360 61731 63156]
0x7f8c55c38402f0eda71037c53aa5e8b68fc4a4c5eeeb83451b38180946f98ed0,2,[72205 72214]
0x4ffe34b8cdbe5cfc5e443fc5e8761ec8cba0f7084c6ba48a23a9b6cfe32c278c,3,[55258 55312 55371]
0x93881719039e6763f5e29cc134083a52b90ac6602440d2b25b272b055bd29da1,2,[76002 96025]
0x40779268e4054fe1b9f991a465cca05dbfe653a9d1f18f59a22f0350a8caec55,2,[57257 62255]
0x5c468bae11b500d1f54ba6d91cc28d07a7f4b3cbc915a1c9b3e320d26799fe70,2,[56504 56679]
0xbe820b3e0d3cea463bfaa66cdb0f8c0845249f07591ebf327eca4f3657f31fce,2,[55799 56260]
0xaf14a68a2008d090a82e45a7230d5128e0198d73d3f879f1116a758e76bf9ea2,5,[84544 84733 84760 84769 84863]
0x9c40957bbabe563e0318478a7f93f06d67b71aaaa58e673315f86ebcfe44f05a,2,[69853 95527]
0xff11c0315c8440e71a0ba644c583562f0082d88c919c0b01ccc3d88e65373d91,2,[76371 82037]
0x0b8214d528ae6e42a6e14496c41c26f61c5c88a5153ebecc92138e1da7d5891a,2,[76371 82037]
0xb92bbcfcacad3b833b4d2a4993069af365b8ae1fb94abe5cd3f89d97ee911462,3,[62007 76328 95418]
0x4b9065622f519e0aaacbf8bf63a661651fc770079280e4eeaebb2a9c0928b0fb,3,[50675 51402 62389]
0x1f91518c9f80efa4ed8ed7f93e756bae3206ce5a57e1ff3e6be904031d174bd7,4,[50871 51385 51517 62737]
0x0d3aca6529c39eecf3e03d7095af3cee1cc46e2d20e7f2391a39de8c3c3d082c,3,[50900 51520 63254]
0xcca2421e0846a749b1a69e7d2feb4ba9c62d1701442ce532f9ab2582442488d5,2,[76991 86860]
0x4fc5f13ab2f9ba0c2da88b0151ab0e7cf4d85d08cca45ccd923c6ab76323eb28,7,[49891 54180 81954 82784 83022 88090 88094]
0xd20dc4c7d618c652bdabe8fbba3ef3ec187c1f873921cb56e657ec719cdf5026,2,[68288 68307]
0xfca1d7912d72fa3b7a54afaa2dbd7b48f8226730225e69df7225c8e96b924e66,2,[78863 79653]
0x25de1d0e5814964fdb126bcce8295c847890dca254baf6a1525a7fc5458969b8,3,[66126 76002 96025]
0x792c8daeb575fe7204b7c1d3344f55dd1cf2a8fecbbc5f0cf8d9e423fc32091e,2,[51518 54544]
0x9b56a133aa73315807375ab079d5531912fc40fb2fa16a102aefae907edece81,3,[68783 70128 80255]
0x7a3dc1ad795f82a00132145411c6156546cc777edbe958409356bbc3d03fae7b,3,[62398 62435 62499]
0x7397f77bf7cc56dd489e7a7dc9d4fbf534268af02035c45ce171c4b4b7263d10,2,[62563 80605]
0x8cf65aebbd211554339725d460f97a3998a18e1c6207791cc8b01dd157b15bce,4,[51466 54442 55199 96378]
0xa88d7192eeaf649b183aca5dab78ac371cf52ad5c3ec6cd46d8090374c6f6d23,2,[78902 79056]
0x6f120d16abe78edb5a175106c481f6c793a9eddfec22fc71a920a0c4d13d6e84,3,[68490 68539 68590]
0x5458442815aa9a02c701ce8d63b6eada3db60a8221cee824a42ee9dbe24cbf09,6,[50207 50516 50643 60393 62509 68400]
0xe5b34c003e17c3521a6edbc729eae56097477d9b951f6a33fca41d98e09e00dd,2,[75629 75651]
0x655fdfc409d58f7ec0c1c2faed9777626ad55e83159087ad1caa74db48790ea0,2,[72193 75779]
0xd5862670ed7eec10fcd9a4348f276cc14fdda518a7d5a4b77557b9f13a175c29,2,[75303 75340]
0x81a8c95ebac6f5c3ae96240564b3573a941433f95cf5455fc9eb0085a750aeb9,8,[71137 71258 71262 71363 71866 71871 71886 71957]
0xe62041afa7de895fc94f2aa5fc4211df4d1da284a5a922f646482531e7d507d0,3,[55252 55312 55371]
0x9fe575b66befa5f9d8c244e61322782d0f1d508368a39cebac911395d12f2e82,3,[51168 51432 51642]
0x9f725c97f3989ffb6bfcff8b62941c30fbc25c3ab3bd4033399ca6e175cac509,7,[69720 69728 69874 69900 70074 70609 70620]
0xdf9c42d5e0ff03b2a6b727ce1c2dc136d60d05182fe227e1d5d24c26be0a09e3,2,[69853 80233]
0x606af3c1876fb0b7392672360a043a55e672d680789b7dc1de23978de4216d6f,2,[97264 97281]
0x2bd031edf2386bec207bc009a2def795971ffd5e02a9ece81bc34a00ba1663dc,6,[61251 64089 97227 97240 97261 97268]
0x6bd2bf0e26ba71e062d6084213c438c32f40b2995100a2731bddac1a6edd94f6,2,[54092 69853]
0xdb850845f5e40db6a3c32766042bb0328504d9e562925c818d26be1d0d50adcf,2,[55261 85858]
0xd6d21a56c7cb64362c0440e94f588d71f021d2c9b5676845444f1dfa0cf537df,2,[51228 51266]
0x8ff3acc6ddf07cdc9c0f036a900eeb3d1654df189c96cc94db32a01ccabdc883,3,[71439 71506 71552]
0xed49ee44d8b0cde4790b144a31f1a765d09b458e19e13200480325611c467933,6,[65407 65765 65826 65854 65880 65892]
0xe93aa7fc74c143574fc8d489b1d87580e54ed748dd1dee72ee441e6d3ad8a676,2,[55260 81058]
0x68798355ec972d13ec2f37ef54be07d303e75ccc938d491f2364c52268286a89,2,[55794 56254]
0x1259095f23fad9140af4f9fc7608a461591aef9da101678fa303805ce2feb082,5,[71216 71249 71275 71281 71352]
0xd46ecfcd042b9b3bb9646e6d081057f27b87901ceff8e4658c4f068f86f5b8e8,2,[80300 83717]
0x6ecaaf45567fa20ef98fa5a79afd41ec6da8a7c2fecdafd00f5201ab1c33b8a1,2,[50609 51385]
0xdd2b9fa91030a427fc97be1a455d5511125a6c610a7605676df54979f282c6af,5,[50343 51228 51266 61273 69281]
0x662b6635bc8c08d074242e5b277eb6bfab4fefb64fe5bd4067549f092f55c012,3,[54188 76401 82067]
0xbfb7cdfaa5d64222f6d87fcbb7f72a1fb90ac70c7fc70c0575f4c82fdf9cb0a9,2,[56406 56435]
0xdccba65d6ce0a142dd1112d2c430859bfa8d3cdc203b6fae320f8cccc22f66e2,2,[51409 55242]
0xa1e25ad25b21388559f43a78e17c82b8a818621d6c2593d16d231388b1782f27,20,[75527 75551 75561 75609 75651 75847 75995 76398 76402 76415 76424 76498 76565 76758 76762 76766 76778 76783 76805 76811]
0xe3c49638479585434b53d5e755cb693fd0fc32525b4780845394a6423e882494,2,[68425 70013]
0xcd9be4581885ab23388f817cc39ba748f17d1afd33a3d760defc9ae2804e4d2f,2,[62175 62199]
0x3c41e68e01afff5d3c2f3b4a28811b2d20b694f4869eb1ac0e71d84e19ad427d,3,[71455 72134 72144]
0x9424101215635790c8f4150b2a68f5252226585900351fa455fc400a1fe60cf0,6,[65407 65765 65826 65854 65880 65892]
0x45bd0751650a06f8b879978b8a30b8eb04090b775ad3d1847afdfad4d7408ad9,3,[55229 55284 55343]
0x99aa1802c77262b02813ef79dde3673f3bbff1cefa942fd053c90c1136565b03,3,[71598 71604 71670]
0xcd457259696115235e64c7822334d62129e2f1604425a7da6494f35fc45be518,6,[50324 51209 51223 60916 62102 95418]
0xe8b70bff5629f3a216c9b2e13fbf40a2d80aef8182cc0df2c147a6f8f2e4e1a0,2,[62509 77738]
0x902694ccc0cdc5d7ea8900ee45efd24ce6fdc20941f7cf243e899cfec0308d68,2,[75855 75991]
0x3f2c1b501f214f9a430048ab0b8e44b1c03292ff132a84a7b51d3f8ae475965c,4,[75997 76283 76369 82034]
0xad5405fb2816ba0dd38db46e378bbd7b4db4be1fa8fbf4190544dfb160196012,6,[64949 65660 65771 65838 65863 65887]
0xea527669afa73fafd7cd5d92ad31057751f865c567400cb2e40cbc1b0fb98bad,4,[76412 76420 76465 76807]
0x3c1b4c1ca90cdf20aa159bf6fee92544d95e92b625e22b9e7094d64c9bbf8254,2,[54958 55296]
0xfb586a0288b38b8be9e933a016b7aea76e673fab73f92275cc6f54ce1a22920e,2,[84730 84736]
0xc900d003eeb9229bec7d53a0f2795da01280859c0fdf96cc4858e21552551955,2,[55439 63634]
0x4b901a9c327d2d3dad2187bd0582274176b1e364d1b2579119f75c98af0d41da,2,[51301 63156]
0x693551937b15067ac4e6541370534d15ac24ba7a2e2d9391e422ccd594d8f5ce,2,[68607 71914]
0x471f4f009693bec71484b1ae9509923cace4351a3f9bf73d81439f8355623695,2,[46757 54316]
0x589f86a20e6ab20e77a55df8ad96b961402c1966bb5ad5984f754351bc3e0d13,2,[54888 55245]
0x969d15ad0aef05cf13373b9a99395b9d3c3749105714c7cfca73cf9ed521ced4,2,[77641 78047]
0x19ab128468062097d321553f2a8d54c5011a27f3f5f9925b6e0a7bdfecfd6fe9,2,[64040 85533]
0x56df79c897f2322cfeb67eb50614ccc5b019a3ee4b4138df61ba008446d69b81,2,[97052 97237]
0xd5dc851eb2ea14de4461020ef91041110c7de30961df9f667e1b49b5201ad769,3,[71077 71132 71223]
0x75164491a3a4ac46fa26230cbb0c40a3eb5467acd1df851c751125e0d24376a9,3,[75529 75551 75561]
0xaf817cfc5101d24bbfaa406102c36378bf4ad4f5ba30c694752488d07dc0a5e1,41,[80197 80206 80228 80236 80247 80265 80273 80282 80297 80319 80328 80338 80347 80360 80368 80381 80391 80402 80414 80424 80436 80449 80458 80467 80483 80494 80510 80521 80530 80537 80549 80558 80566 80573 80593 80603 80614 80621 80631 80646 80657]
0x28afa4c84da82ba7334e9fe08a6bc5b13ec9558fa1559426a4e7876a2bf25448,3,[50796 51497 62679]
0x3346166bd1ea751a6b185316d4f25256970b5234655753df79ed00b2b352ba77,2,[55189 55239]
0x1bb9497532db4794e95e9ee2c69b3ae838edbffa5e6b5ea940f163f2695c52e1,5,[71051 71053 71064 71068 71073]
0xb16a0a9eadc74f7d64caa4ba1890271ab370574df0277df9d67630b67170dcd6,3,[68642 68650 68732]
0x5666748cb0ce8273dec56b1a447fb834f8e7929514b6c69764627f61d8c9afdc,2,[55223 55284]
0x4d8e5c08640e4276adb4037d7627f14c2b478a9349b8e441d320b0e64e0a4905,2,[0 62525]
0x3c40c34300e4c4e3403a13aab351e2e66280eee7aa05e6bceff7b9e73ca769f5,2,[76163 76967]
0xee7db72b2d8ed2ff74e31b5143b6eaad48d3fe7759ddb56f8c7cfc33b38d6d02,4,[51169 51434 51697 61478]
0x09139bdb6eac729c0c07ddb4153a447930c89ef473c1083e92a7d7bd6d6591e9,4,[97227 97240 97261 97268]
0x4c17bdf11e1cdac9c9c78925a62f74148d824ea4eb2bdba44e1e6fa84ba78787,4,[50426 51295 61638 68410]
0x2660b0589a2f29f752d9e44e452ba2e8cc209802423a4c583ec3c5f48a11069b,2,[85472 88440]
0xb2ed3b510c709127cb6980256849617eaf35edd97ede8f3af07b9309070903b9,2,[75126 75184]
0xaa62ae6b2e2c7d76edc0849601b9196a921951da2e292cca6df64c2ebdc14358,2,[55943 65512]
0x3f39d7bf4be8677b2d7db8f944e618380c443e7615adddd29b4cba751d7acdc5,3,[62359 76395 97324]
0x4cb38fe0dfddd5301fde5b16ebb65e72e33fb7ddab0c71987ca8f48d818cef8e,4,[54092 80240 80300 83717]
0x49bd054910e052066f11edc35512a034de106219ecf7b65dcdf0f4547efd9ef6,13,[80197 80206 80228 80236 80247 80265 80273 80282 80297 80319 80328 80338 80347]
0x38f954efd64714df19977209112465e1b3ab6a3f521f9069e2b7e6e50797133e,2,[56289 66126]
0x7d8f23b831e6f4d69ddbc6629dc8af2289ed1791a87a77de545468d8857d3f0a,2,[78255 78494]
0xe179d78020e13d66ef2f023e9cc0d0597e0b081483bde32e715c5111e3117336,3,[75199 75265 75273]
0xb819fe605694ff5c127360985b1520d295a6e9419a7af5274a8d20161f9ebc64,3,[66126 76002 96025]
0x96468c16b67a4bc619f94521c24d42096daa2b1738ff0d085177ba47853b4e41,5,[79406 79482 79614 79963 80025]
0x53b46e4c81fb316eb8b0c07904ae01104a56b23fad8697a85da2a407410d7a24,12,[49018 49122 51909 54300 55101 64444 78416 79729 88380 91510 95875 96983]
0x6f7ed99b719c04f1c5ed597d687b84c4dc37f52a351e9bfad2895c0b110376e1,3,[66126 76002 96025]
0x4294de134a82c961c4df9e84c876a2a641c258908885173e4babd2316559ff84,5,[84544 84733 84760 84769 84863]
0x3491ba7bc3953424c80a013912f3c11da47ebc3cb5445096b18f432c4e4df032,5,[84544 84733 84760 84769 84863]
0x6a08da37ed7d0cf33129412f7c234d497cc3f1b5fd93f2be0985738010127dd5,7,[78863 79406 79589 79614 79963 80021 80025]
0x356d06843abbc21220094fe8484412f33b05920ced1ab51fe31a9b261be246fa,5,[79460 79938 79957 80453 80564]
0xbb2922d94de24591a040716f65a0e3cf037533dee7b9b8a0389748c2c804dd4f,4,[65853 66248 67348 67565]
0xfe8d86cd332bd553903cf3f87b13798564b9796f35ff48e28332efcf4a1dfad8,2,[68459 78047]
0xf3a0f8c713fd5cc1f599d5ac6893929f271040cbd187e3d141d012aed74d1095,3,[75199 75265 75273]
0x25eebb986a8e559a04a367b3e0f6af15bafd7a12f91aab15cadb93b39afef380,2,[0 67473]
0x19b943e5faff14ec00ab5649fd8c215d52aa789c4e327ef8fd830091dda5eb8a,2,[86596 86793]
0xc57b98cdc5633c00396d91a9b01600b13bbe431fc07865e80b1f8201a537634b,4,[88095 88206 88369 88371]
0x53b37d9fba0e502930e490c690364f922c644d8f16d608d45dd808c2e06394e0,2,[75631 75651]
0x4784fb4f62cc58a00b3ae50ff62c0a3672be2328c21840707284bb09a77ca21a,7,[50303 50897 50926 54092 60788 71173 80233]
0x01189378ee56ed4d1e9487375fa52e029658b1f8e1c02b6fa873cc5bc429afe7,3,[51409 52810 55242]
0x9c33cdd77e77d0ac6e7425f04ebd6aae7ef12f955dc877d254a73a11f390fb76,3,[55229 55284 55343]
0x2470c7b88e15c3bf09c2666ebd42a51471087bbf32468959cfe42340a634a79a,3,[73203 73269 73388]
0x90f9d8451b6c1e7cc361f0ab993676162e9b050440a9d38a4cee78fb542044bd,2,[55850 55854]
0x48425b6967e7fe23841613b9e234f1678bd4ac7cb2ba24527de0cd7b22f80683,2,[51155 51624]
0x59430384c2b42e1c3e8d0141778d36925c4e38cb79652aed58e1cdeb84647338,7,[74322 74340 74353 74373 74382 74397 74408]
0x30793aab531a1e5874339829d5062c4e0bc677ff2ce9524b6e20281c0b5d7b23,2,[55258 55375]
0x8061d21ba2574742608bd18df753d55a3b0787d0998e7b3fdb1eb55049211e3f,10,[68400 68410 68412 68416 68427 68442 68480 68523 68558 68588]
0xabb79d006015b01d69505166315d087016c98249cb7ff4f82eb86acf5d2336f8,2,[71474 71478]
0x4a8bd25acdd0a46a37ecead5adee0c319d36dd64c22a4e2a657c901ae9560b8a,2,[55229 55284]
0x8bc208ff6d86805cd7cc3811fe699561ac0170d65f92b71acd8871462ad81913,2,[76371 82037]
0x258eb43cd2944197dab5a47011a18461432f8dca510e70ed2b7cbc68640b757b,2,[50483 61696]
0xb94e7d53ce9686c1366d62020b487842968ed432cc4b8f163111ddf65f47f108,3,[54395 54938 54952]
0x1541842c18fec11278563f1a3d0d5178d8e508c1d92c5b10d812fac17c778b97,4,[50526 51282 51354 61712]
0xaf28528336f14b45d47bc68f753000488ef84bee6e03c4747bc3f1c16cf943c8,4,[56131 65215 71765 99937]
0x4797a38fb29edf08983033f45e7cc36142f263ffe9e0ea09d607d1479ad298d4,2,[86881 88681]
0xbcc04fef817c80d5c55d6da61bcbcafecc6cc08b6f03223d2f132275b79d0ec1,2,[68978 73765]
0x3725e72b6f8ece24a42097aa8604971ab2e7ba7000c04494b09bb1dce87e280e,5,[70964 70974 71009 71994 72004]
0xc4a871e98db7874b8f0fd380b924177ed58cf8fc1f943791fdd0564fc2ed6afe,4,[79474 79943 79957 80505]
0xfb0918d6ca928cffa1383fffc50877df64b4eff0c7d81f628dc96419a5b76568,3,[79943 79957 80505]
0x0e66f1af529762ee4e89d8e91ebbbfa29224a353f59a3e74c196699047894e86,3,[68436 68480 68518]
0xc60f2fb1b4a6af18052dbcf44f0d79bccd1fd3dc272665cdafd45b0f9d460e2b,2,[55189 64112]
0xd148d9e57fa367d7bcc1186a511336d030599ecd1164baf91fa6d37a06e27593,2,[76371 82037]
0x9ddd70915eb71e1c868c88a5e19e1b60b8f7c12727c5db3829b5e38d770661ab,12,[50295 50622 50774 54940 54958 60468 62053 68395 72895 76017 76328 95403]
0x02002988af1acc82714df5e07a474a088d491bd45e57aa3d392dbaaed838c4f3,2,[75112 75553]
0xcec4c6d8191fa5893e2e7444abda92c5ea4d4b0cc2d926100d7918e1067c4a87,8,[69109 69196 69213 69859 69878 69926 70389 70395]
0xf6f6a6e80a631317e18274399a6ca69e594fc7e85aa16b65f1f1b7d22b7f79e0,4,[76392 76501 76565 76778]
0x8fbd77c9fa2b6330889eb2103518fd84816ccd20e299d75163b349abfcdecebe,2,[79460 79957]
0xb1101a27267b3ded10aba3e8ff3e47701092569a918316d81df9d207fd2cafb0,3,[74909 75038 75076]
0x5ebc700dae791be83ad341cb8e5fe146bab9949982ccf4ffef683a9feeda70c2,8,[72586 72613 72637 72644 72662 72839 72993 73230]
0x6d95c343cf021760014ff28a85648459a5dcc1bf9607a611ed6d5f081029b6a3,4,[80017 80026 80034 80060]
0xdb5e7cf06cddc362e98e23597dee165cb96f89fb551dafdd15374d0449326469,9,[75199 75265 75273 75340 75470 75712 75729 75767 75815]
0xb438865f4709c0d69cf2aa62e3009b2df22180560edd5fddb06bc5b62a9e4033,2,[65342 69928]
0x38008c2cdb051dd2f11375038ccbeadfa5ed10c7384a0f377023f4ef774cfe22,2,[58040 62594]
0x7ef9c4cdc355403fce06124080a137e6da3496ebacdb509fe35d8925a0401bb8,2,[76371 82037]
0x91a5133490bcd264f2b8f83e65cb955c57151ec84682e0f1075927ac8579690a,2,[52970 66000]
0x6316de49d6ac1067e9def564c2a28ab55a58af38a664750d5174b6dcd3d7d583,2,[59995 69051]
0xcc6c975d66a900f16f829d2654503949f106ad62e73bf03908ef0b1984427b91,2,[0 61673]
0x5bd2065dddfbbfd5c44f1ab822a1e1adbefdf6dabbea72c3012a1a683d3440f1,4,[97227 97240 97261 97268]
0x991169fbfd81638aa593cf8f0e282eca86a51943c91ff0beb45fad44b16125a1,2,[73203 73269]
0x5317396dea3cf8371a94cbd71a69b6ca91b48c307518d38e0986330c7abc36ce,4,[50609 51304 51385 62227]
0x071b011fdbd4ad7d1e6f9762be4d1a88dffde614a6bd399bf3b5bad8f41249b5,7,[69720 69728 69874 69900 70074 70609 70620]
0xb726e7ba5ea43e6438e780654c8ef7d747de5967cf84ccd7d698f94748496e86,10,[75107 75192 75258 75330 75484 75601 75715 75747 75798 75877]
0x579f58f243147ef9ed3c357ef05a456c6a53092392feed16b02d8adee476eb1b,3,[51409 52810 55242]
0xf6337da5d05ca37eaf2cf9b603e2d7bbe93d6858898170f6b52686cb102c7483,2,[51909 79084]
0x6e0ae9c30f94beb71d361cb6bbd54560395a360c769eca82b7ccc2ded86cb2fb,4,[53490 55217 55245 85018]
0x3d0aebd82daf2fa73ce023e7867c9a8a01206f748384f5f70510e9f99417a921,2,[55877 56142]
0xba06c5dba78e064e5a1ad9d76ab56957a160972da0a710ff46fcfd9c76173b8f,2,[68942 88440]
0x93f55c3c7fc6f2fe7ffa0798c1802dd190a3fe12ad5a872ef17d217a47a14c80,14,[73160 73184 73533 73588 73719 73727 77954 77961 77982 77997 78264 78508 78676 79755]
0xcde70c996ca1a019c0700711778214fcc09bb1a961d4d788a3fd9d2ecba8ddb2,3,[49924 49931 49936]
0x2c6ec61e669f4001c71ff015e7867262e146217ad765e70ab2435cdafbbed6e6,3,[69109 69196 69213]
0x31e7ebd43354374f80d75f760208756d9481ed42dce138eec007c121755c3465,6,[50297 50816 50865 60727 64094 68402]
0x236e8f61ecde6abfebc6c529441f782f62469d8a2cc47b7aace2c136bd3b1ff0,17,[50117 50450 50487 54949 59923 59995 60389 62102 62127 62166 62220 67263 68436 68480 68518 88114 88128]
0x4d6fc1ce5e44f12a1e2dd2b79fd55da904b9e0251e245be2dc0ed7f82be24d23,2,[82719 83018]
0xb5a733043ed9ab1fc113efb267888bd8b673df3a077cb0afce314b35de5395bb,2,[68783 70128]
0x485b89c88f3df485d35ef48961954b89048f331fe24d823076ace662d35b24ee,4,[68747 68753 71038 71234]
0x2e2b8fcd8def531187f4f5144d37fcdd46aed56ddcc64b7ba7c1241652f569dd,8,[73141 73492 73526 73713 77949 78255 78494 78667]
0xd6cbb8a2f67a09994239f6ea1a3fc662effaf41f11b252a2c516f86bf5f8ca9d,2,[62175 62199]
0xab40ea51136d1f820c8b256d44d18972061423b731a15ada4ba493cb3f0b17b6,5,[50675 51312 51402 62389 63484]
0x85fa2bdfa3727ff5a8a5a7d8b51ed5c47b88a98ba170e3c0f7071001e47f93c3,12,[75601 75630 75687 75707 75712 75725 75729 75763 75767 75810 75815 77736]
0xcbb819354c16438e592de5c2d3195f712f72a3cd0242400269a8fb9db50b82c4,61,[79712 79774 79789 79820 79841 80020 80024 80028 80049 80055 80064 80166 80200 80222 80232 80239 80251 80258 80268 80277 80285 80293 80300 80312 80323 80333 80342 80350 80356 80363 80375 80385 80395 80408 80418 80429 80440 80453 80462 80472 80478 80488 80497 80506 80515 80524 80533 80542 80552 80562 80569 80576 80584 80598 80606 80617 80627 80634 80640 80651 80660]
0xd65d551834e44b436b3a8a215b8db74fd04a78961aa95a403ca4349bd62d3e4e,2,[55862 59936]
0x254f5005ffb9de42889dfbb0fae833db6d9e84cea5a30e20f5259bec00cc0ef3,5,[54958 55296 71692 74554 81724]
0xf13a66e58feffacceed799819bd2b6934edebd88a7dc05f6e15b10725d59cd7b,2,[75269 75725]
0x1f2b1e5b0cc6cfde31cece339d01511cfaf0f0baa24e168d24cdbb8f07793981,2,[56465 56550]
0x25c18b6360bb5c7613f9b8b734d80fa737b34e280a267301d963d926c665131e,2,[91384 91544]
0x796c2cc56ab4b695bb1fe361d61c2c070fe91f5663892d8e8bbf0d8ff0964cfe,2,[55173 55245]
0xf2b7d06660fe5e36f5702c87d68b106482b29b23ba83b1595d85ccb1cd38a578,4,[80017 80026 80034 80060]
0x4e333dd8c2bafd458c415d5faf7a305aad3918fd3a52467119b94633f2979c44,2,[0 62378]
0x0e063eff2b969e22efa43bdc32d31880de3edc97c9b0a351f77f1ddf85982e2c,2,[51418 53434]
0x8381dc80ff685046a26047f85f56d6ee08c860120403d73e01e79dd1a629ae81,5,[71220 71254 71279 71357 72166]
0xaf7500abd4a450c35ebb73c9bedef5ca45a8bdab4b792fb9f6d1454b382a5f56,2,[95875 95913]
0xe300362cdd71901070e6a49a1222cb063264c121de6ef45c646fbed269dbe6b6,2,[59903 59936]
0xa2ec3077b76d3f27c85e7b635768f9540d84ad4c31cea79352cd8f0a2f974e9a,2,[71465 79133]
0x7c7306bd210cc38d22507b13dc9f0949ebfd4efdf0ea477369490368f2745779,2,[47417 55502]
0x6b8c2bbee447fac63effc235705215fa839f0bcc088cca5d428d4cb1a14c84fc,4,[51168 51432 51642 71173]
0x581fae6048a042404280a34099883bc530c0adf673d5e8dceee494c0812b23e1,2,[89398 97281]
0x7d630d5ba1feb06ba47eef046eba090c26b83e3c0f75586f5bfb172831193fcb,6,[62816 65660 65771 65838 65863 65887]
0x6f7c3b3ebda2deba527dcbddb9b897be50f3603e39f026d50708703fbc7d87d5,2,[55850 55854]
0x4a133a393119783f2516dcc2254910298e4ba14682cf753a852d2ce70c404d21,3,[71346 71377 71696]
0xbc522f2f959cbe112a158588778b64e7f4a08452b97f595b6b01c740344bed24,2,[71644 72836]
0x962ffc11ed69aab93e7e872f3cb8cb6a377fdb3230080eebd2181661418177ec,28,[80360 80368 80381 80391 80402 80414 80424 80436 80449 80458 80467 80483 80494 80510 80521 80530 80537 80549 80558 80566 80573 80593 80603 80614 80621 80631 80646 80657]
0xfb7102a4cf87ee78ce44dcc645fca328385405b727148d96c22a9283bbd6bf84,2,[56296 56330]
0x852c18546c95f3c721023c57dbd70bf3e4e48e3ddf4378a820e49f1afd4afae0,2,[89782 97266]
0xd9f9e5e036cd73201b16c531600ebcdf299a03580f3bca47f82c6f8e1c676145,2,[0 64766]
0xc1b325286ffe0ac89faeed13593091d631449486216484512eb84777432ef36d,2,[54092 69853]
0x96947c3b2df6e74adb889b7bc8aed07463924fdeb9e934364c0a2ff036f16c52,3,[56302 76002 96025]
0x51d993dd8312dacc96dd066d262383d484956e53568edf023b22897a6d3fb64c,2,[54092 95527]
0xff18653d409f295e176009d1ee31dea7a515ec1e41b630e2ade492add43da4cb,2,[81724 95527]
0xadf8926caa7145fd6f6fff5447f04b196c87ebb64c6ac5ce87dd348d6b25d577,4,[76392 76501 76565 76778]
0x1549794bb5bfa63cf5dcfba4366bb7f9acde64fc01c18fcc94a9c42901e01d88,2,[52444 68523]
0xcb713bed7aba09034c5e1385b4f9cda7760521aa7b58017f7790d03835174fdb,4,[79589 79644 79969 80137]
0x5eba0dba2c8cdb14e558bf060acb9e17b03491d7d687dde6d0ec43c6a121f9a5,2,[74909 75725]
0x1195e57df9215d3946645385c4b48702d70b6e23c250b25666c32cf3c36a7da0,2,[82402 97246]
0x9d1bdeb37df185163f327bdb0f417cf2647a05e7039606f486f40acd85e12c3f,2,[62426 76436]
0x6ac3b06e930b07ad123587d35a734536d95f3bb8cea4ea859decfe2c57f23f95,2,[85977 86036]
0xd191bd49eb56f82fee8f8f4a85c6702b0f2d04fe856cc204c87ad1a433a9ddb4,2,[73391 73515]
0xf56410610daafa0580cf6227132afff756f85b21d7f7461f8990df1aad3e703f,2,[74909 75032]
0xab20402a570bc373490922d76868372a08b301f9445dc7af91381fe9e2c97d78,2,[65320 97170]
0xa89e20f63d074dce7e440f6d8c0c97bdc570f36c8087f589c78ea31ade422320,2,[56296 56330]
0x640cee837d697cf349abd1d8c1d47ee14a4329e0c21f07f42d46e5a1f9b240bb,2,[55189 64112]
0x18665e9274dfd8d5f0b014596b53f45ee66d48703d56fa686c171f62ae5b3329,2,[68288 68307]
0x5dce1b049e5a53760dd9b592e8837c6e6e74ef29af8ffd3ec7020220b75da5d8,7,[53580 59923 59995 62127 62166 62220 67263]
0xd453fd8552a0564a575d139a5c149db190cd2547f7921e7f203af4aa5489fef1,2,[83633 83697]
0x76673a6c5b1855a8e6f05a18e6d994d7e969be7002dc05da9f9df4f81ea4fecc,3,[80240 80300 83717]
0xa08132861dd1cfc8183776efeb84d9cbce99aef5c93a7d2f2fcc8bd180330db5,2,[51169 51434]
0x58fa9408819583c85b4e1b1f6418ebb4beb9da0f663250cf5ccb39551dd9f887,4,[50588 51290 51360 61731]
0x7065ac56fb10f467354b4da17aab3300c552abd04ea05c6197ac7963cac785b3,2,[76002 96025]
0x7f8bd8f26f3234bf4ee4968d91d7f3686579d5668790e22732b3d26868779c75,50,[80166 80200 80222 80232 80239 80251 80258 80268 80277 80285 80293 80300 80312 80323 80333 80342 80350 80356 80363 80375 80385 80395 80408 80418 80429 80440 80453 80462 80472 80478 80488 80497 80506 80515 80524 80533 80542 80552 80562 80569 80576 80584 80598 80606 80617 80627 80634 80640 80651 80660]
0x4c46a1e09e8db0b4b2076541f054b5ccfe899d0efee0cb1a41cf335a8f1968c5,2,[71075 71260]
0xc60f8e90858619740f3ac79c9d8087ccc1aa70567a63628634afe606496935c6,3,[51168 51432 51642]
0x5bcc450bae336fe0781f1ca3ae24096a51dfc918ae9cff7d8bf79f66ba579cb8,2,[0 60101]
0x9c15e53942c8953f8f11f684546486aae4bbaeebcca79719d148c9e750ed81e0,3,[66126 76002 96025]
0x34b8642d58f37198d10fc50117e6afe689ef64e9df061439a00af62cba256fb1,2,[79541 80754]
0xc0101fb1ab2b3013a60f708415cd123c297fc0aed7e6bd3b36082e4fcd1232ef,3,[69853 80233 81724]
0x53188eec3f07a9aa14c3bf43ed9bbeed810e6e00b45de07a8819d89e643000f2,4,[50483 51265 51323 61696]
0x52658c36d42b2d0b3ce6b5c94be218aa2d5ca75c90f4fad970792c2228eae947,12,[75105 75128 75147 75186 75194 75251 75260 75271 75332 75363 75398 75402]
0x518c70322a520484f056dcac231ce8489899e36f0a91f5b90f55913990d5109a,4,[71310 71344 71971 72002]
0xa667d022c9dc7e76759544c9b86982e6c3b77155edee14c92f966d98aecf55a4,5,[79406 79482 79614 79963 80025]
0xa0a834c56beb1631faac9bb7e40e1211358dfd953acc4670add5120af3043599,2,[55259 57864]
0xb43479d277f27cb6639365219f205e554320a6256cc56eaa85f0c3bdcc9aa996,6,[68751 68761 71041 71226 71232 71683]
0x80daff9e94f1db4cb052c34327301a8261d973efa6473d54d4711890306297a8,2,[46829 64766]
0x8586b20463d38a9552bfe76c68a7c10ef434950588ad9461889785a32bec7999,3,[79771 79818 79824]
0xc28ca0654d1b47b309919a6941446fec009c1bb97ba2df371e23e1f1e1848533,2,[55260 81058]
0xc0713b4093605516f44cf822b0e019a0fe68d3ec13400d0b3849560b731f382d,50,[80166 80200 80222 80232 80239 80251 80258 80268 80277 80285 80293 80300 80312 80323 80333 80342 80350 80356 80363 80375 80385 80395 80408 80418 80429 80440 80453 80462 80472 80478 80488 80497 80506 80515 80524 80533 80542 80552 80562 80569 80576 80584 80598 80606 80617 80627 80634 80640 80651 80660]
0x490b26531d19db656c4414ee2de66a9209188ef0bf0ac312e92c00cc2de8718d,2,[79269 79774]
0x1386966d6918f229cd8e2e06dfa52f982ae60a627745d2da3d3c0298b5caa5c5,2,[55850 55854]
0xea1d576e521269deb2efeeac0117bf7f011e927d36de8d7c35b161a36510881b,2,[85671 86004]
0x444df542620ea4c752bc96b672148699486ed8ea370d9bc7e3c126412c1d9cc9,2,[68729 68739]
0xb6212d8ea9173494190c0d29400d0580796a51fdc379ce7f625eeb3343dfa062,2,[69100 69109]
0xc5d54b915b56a888eee4e6eeb3141e778f9b674d1d322962eed900f02c29990a,5,[69109 69196 69213 78879 79755]
0x54285d50f4980121d23dc2aa8162aea5488c912cc364dc88e7eebb819e3d86cf,13,[80197 80206 80228 80236 80247 80265 80273 80282 80297 80319 80328 80338 80347]
0x4d6a50a199d741548b2c95507cd4556005fbb5f8d94295f6a24209288dc188ef,7,[65419 65631 65666 66052 66449 67551 67767]
0x6761ca959c1dd174c87723eb6d22ba8aee9b585db394887d931d4751ebcb272c,3,[50916 51528 64064]
0x356cc11fd8f9085799778c064e042ab8d4c466110b278ac668824c1853ae2f4f,3,[82784 83022 88094]
0x60e7adebbc4e2448643a097c6f2b98e2d428e01a81f9d06ba56912cbd56aee3f,9,[74817 75008 75410 75470 75712 75729 75767 75815 75847]
0x2041e73c857de40b62d02159af55c6cb57a6dd0c800bcce17e4ec888f7fefe97,4,[70941 70990 71415 71453]
0xbfdca894d16ef9cc1b40a5a842602b0530f88cd5053a56f65f76c60394c03d08,2,[93094 97404]
0x92627f119e783807680a08059915396e0d475a3d27c6d652817d70591ffd797a,4,[55366 55794 56260 78879]
0x6604955d5b621637171229d4487beb95c5cc32da5a15109e5befd19e4c1e94da,6,[65407 65765 65826 65854 65880 65892]
0xa910333663ffbe92858f521e28ed09f212e53063f394d453946bde38b62bc9d2,5,[71591 71608 71633 71666 71674]
0x07480118431e047670f100ea02b9a6414effda8d27489c6d99ac6a4242c68e7f,2,[54958 55296]
0xc1a302b4cf77034836b4fcd2dfd1181bdc0366bc6cbdad7f8e554fd73051eef6,2,[96698 96983]
0x66a9582814999c9a94f66b689865011a9d58f0549f7d5592094f9e129d6790f4,2,[77949 78255]
0xfd9475ee6ca3441ca0dff3871592ee47d9f9018a957c29642aedde79741fd3de,2,[54188 68456]
0x142c523b254773607a32cce1efa6c966aa29f4675d78a60b8b5ae66629de615d,8,[71905 71936 72204 72207 72225 72227 72236 72250]
0x90ea20c81c6d03aea522a440cb6b2b3a7a6c2a0abe85e4676fb789363b246d4a,2,[55259 70925]
0x6f7fb5593e875796d7edf9d80c167552eb9a4ff8162718c0c676b157efc9d647,2,[84521 85649]
0x4122327fde7bc8a6d4cf4e52464fd980cb1a3e96aca326db0fd31c74663f1862,2,[56504 56679]
0xaa90abc3b67448576f8d6f734c3964d9371867051a23bc9a3105fb8ae2f11707,2,[75410 75470]
0x719b319debcf24ce30afe1665c2288ecec7b9e762e5f00c61edd5ff0b0454a5c,3,[55252 55285 55355]
0x95e3239cf31404d40fa0f2543da45a69e1080d33bb7548efc089913555946568,2,[96177 96373]
0xc257d29381d8e9af9db84e3c645b21ce681568b7184751b8e29bfb55a8b7e7a8,2,[53051 53054]
0xcf1038cee0efc64f6e72c104133240897d3dddc4b489b2044a80b19243d588a9,2,[68723 68741]
0xcb2fcaf143b1a4be212f260d4a90a70a15e663d5967800a36a5e4ea4597ff2e0,2,[75112 75368]
0x7cee5c49d3cbefb5013d30641cc891dbf9f0be13dbe4449a06be346d65ec132e,3,[66126 76002 96025]
