2144
21300
10529
10780
10649
10851
10800
10459
10971
10390
10440
11281
10429
10760
10480
6112
10830
10680
10810
9338
11572
8326
11632
10300
10790
10670
11541
8386
11482
8246
11652
11351
11511
8275
10460
8306
11381
11652
11421
11282
8206
11271
11321
11442
10730
8316
11201
11372
11431
11612
11512
11371
11882
8125
11341
11221
11391
11441
8326
12433
11351
11110
11792
10860
10520
8226
11501
11361
11301
11472
11211
8195
11551
10440
11722
10309
10549
11471
10359
10569
10580
10550
11571
11592
11312
11261
11582
11371
11712
11342
10419
11281
11382
11332
10409
10399
11421
11011
11612
11322
10550
10239
11281
10369
19587
10259
10450
11352
11832
11321
10560
10480
10540
10750
10429
10319
11311
10801
11351
10630
10399
10520
11561
11100
10449
11843
11611
11281
10539
11281
11802
11401
10399
10810
11591
11702
10290
10490
10991
11592
10720
10590
11462
11662
11632
10420
10549
11461
11341
10510
10520
10329
11622
10589
10399
11812
10370
11552
10379
11532
10509
10389
10439
10630
10379
10660
11401
11422
10610
11732
11471
11381
10389
11552
11491
11241
11191
13154
11261
10409
11321
11291
11511
11472
11532
11531
10880
10820
10490
11401
11361
10540
10680
11331
11261
10359
11561
10450
11702
11221
11371
11472
10330
11411
11431
10660
10750
11372
11511
10340
11522
10339
11562
11411
11502
11732
11341
11421
10239
11231
11351
11442
11331
11431
11551
11512
11241
11422
11581
11331
11130
11541
11682
12854
11371
11311
11351
11451
11522
11652
11491
11441
10410
10519
11161
11431
10680
11291
10449
11461
11532
11301
10509
10469
11541
13565
10510
11672
11261
11452
11402
10379
11392
11552
11592
11641
10500
11231
11812
10349
11421
11301
10570
10640
10479
11291
10500
11592
11241
11512
11431
10379
10460
11291
10329
11472
13114
11412
11321
11672
10209
11321
11942
11672
11451
12022
11251
11171
11471
11281
11341
11210
11331
11301
11341
11392
11441
11392
11561
10790
10750
10539
10700
10680
11261
10760
11311
11761
11311
11271
11361
10990
10790
10350
11542
11452
11271
32240
11512
11522
11392
11382
10289
11461
11311
11321
12824
11551
8176
10720
10629
10540
11351
11311
11712
11452
11581
11601
11311
11251
10549
11532
11301
11451
11301
11611
11462
10951
10680
10710
11472
11342
11301
10860
10339
10840
10569
11411
10750
10419
10740
11421
11392
11361
11362
11291
11451
11371
8175
10740
10800
10610
11411
11422
10510
20709
11581
11381
10409
11461
11341
11301
11451
11251
11512
11301
11241
11361
11401
11371
10440
11451
10670
11321
11522
11421
11501
11562
12313
11231
11331
11451
11301
10730
10429
11412
11461
11281
10390
10801
10740
11391
10770
11461
10369
10900
10470
10529
11451
11341
11431
11411
11451
10459
10600
10450
10549
11361
11301
11392
10800
10680
10830
11412
10459
11401
11601
11281
11501
11341
10279
10761
10690
10550
6442
9197
6151
11692
6311
10841
7133
10480
10950
10359
13135
10470
12904
10740
13926
11291
10950
11371
10700
11341
10700
6342
11461
10861
12734
10870
11472
10810
11461
10690
11331
6452
10740
11261
11041
11482
10860
11321
10940
11562
10860
11471
10790
11382
10870
11662
11101
11462
10990
11512
10840
11391
11021
11612
10940
11532
6301
13174
11321
6252
10910
11382
11632
10840
6342
10901
10720
10881
10670
10640
10910
10770
10780
10920
10750
10871
11000
7154
9247
11001
6261
9428
10760
9278
10750
11301
8215
10690
11541
10790
11431
11632
10640
11371
11572
10610
10479
10370
10911
11451
8446
10850
8296
11471
10930
11412
10780
11501
10901
11943
6282
10840
11572
10851
10630
10790
11271
10921
11391
10630
7053
11371
10971
11331
11141
11372
10760
11432
10831
6221
11452
10860
11481
10710
6141
11622
10780
11512
10720
11332
10911
6232
11542
10781
7053
11341
11160
11322
10880
11622
10901
11401
10640
11431
10860
11361
10720
8226
12814
10820
10549
10420
10810
8185
11501
10921
11331
11812
10990
5671
6241
10900
10710
10770
11021
10470
10770
10640
10980
10981
8286
11041
8125
11632
10810
10590
11060
10700
11301
10690
11802
8376
10640
8085
10459
10500
10239
10310
10921
10680
10600
11451
11381
11372
11361
10760
11101
10730
11441
11511
11472
10489
10249
11352
10811
10870
10420
11331
11291
11422
11312
10660
11321
11401
11582
11642
11722
11171
10620
10690
10801
10821
11541
11362
11321
11691
11231
11662
11461
11652
10560
11482
11722
12243
11391
11662
11442
11071
10991
10450
11361
11392
11561
11361
11501
12093
11702
10640
17603
10409
10590
10479
10750
10880
10900
10660
11412
8306
10760
8346
11431
10549
6242
12383
10950
6222
10660
11371
10750
11402
11261
10610
11422
11462
10539
8275
11612
10720
10489
10610
13475
11431
10470
11582
11952
11071
11412
11772
11571
11552
11211
11682
11942
11251
13656
11562
10920
11571
12013
10850
11922
11441
11041
11581
11471
10830
6222
10971
11211
11481
11020
10370
11302
11341
10880
10950
11301
10680
11301
11451
10891
13766
10971
11542
11391
11551
12854
11642
10550
10450
11431
11622
11822
11431
11682
11472
11632
11391
11302
11491
11261
10760
12905
11582
11291
62216
11442
11501
11321
11611
11532
11581
11381
11471
11551
11431
11431
11381
11471
11442
11431
11281
11371
11372
11181
11963
11482
11261
11531
11381
10600
11501
11662
11461
11521
11752
11482
11531
11391
8787
11571
8657
11351
11471
11541
11571
8506
11551
11722
11121
10430
11482
11692
11361
11452
11351
11191
11281
11311
11312
11471
11813
13004
11441
11581
11291
11412
11432
11511
11441
11402
11442
11562
11371
11382
11241
11592
11351
11352
10370
11432
12002
11381
11511
11451
10509
11421
11482
11271
11481
11471
10319
11432
11331
8195
11512
11391
10710
10910
10400
8105
11341
11642
11441
8256
11312
5620
10780
11331
10339
10900
10920
10660
11471
10680
10870
10540
10710
11612
10890
11211
11421
11402
11251
11492
11492
10340
10519
11362
11442
10399
11342
11532
11241
11481
11371
12854
11381
11401
20408
11271
10469
10580
10359
10841
11561
11301
11321
11311
11381
10339
10289
10510
11501
11412
11312
10730
11471
11561
8726
11422
11341
8215
11301
11522
11161
11311
10439
10700
10780
10530
10299
10389
11442
11552
10339
10550
11171
11532
11582
11331
11341
10440
10430
10290
11361
11342
10550
11481
11542
11592
11341
11381
11181
10319
11281
11452
11451
11492
10389
10329
11441
11411
11461
11451
11482
11402
11581
11391
11391
11301
11522
11471
11211
11281
11361
11191
11351
11712
11411
11331
11321
11451
10390
11482
11241
11501
10901
10730
10429
11191
11291
11521
11762
13025
11612
12894
11582
10569
11261
12944
11341
13045
11462
11842
11331
11432
10790
10810
10620
10260
11351
11472
11491
13054
11461
11291
11492
13285
8276
11411
11211
13264
11341
13084
10630
10870
11451
11402
10480
11301
11311
11381
11482
10890
10309
10620
10630
10459
11461
11512
11282
11401
12272
11472
11492
11271
11441
11431
11442
11191
10379
11502
11321
10390
11311
11331
11591
11542
11441
10520
11482
11432
11382
11191
11261
10880
11231
11402
11251
11331
11612
8146
11311
11441
11541
11442
11271
11001
10730
10520
11602
11491
10519
10740
10690
10580
11482
8405
10569
6222
10920
10499
11392
11402
11171
10670
11021
11772
11431
11382
10450
11361
11471
11381
11312
11331
11341
11211
11211
10400
11572
11502
11601
10610
11161
10520
11391
11361
11301
11451
11462
11422
10610
11371
11702
11261
10390
10540
10440
11271
11271
11482
11502
11401
11501
11372
11372
11432
11231
11261
10279
11501
11351
10760
11381
11432
10269
11211
11442
10610
10991
10260
10479
10960
11241
10430
11110
10299
11492
10991
11090
11331
11391
11922
11311
10910
11501
11542
28053
11281
11231
11061
11341
11512
11241
11412
11442
10941
11161
11251
11322
12303
10960
10861
11632
8667
11812
11452
11541
10520
10550
11332
11302
8586
6151
11301
11041
11201
11331
9158
11471
8176
11452
11211
11371
8366
11311
11181
11251
10840
10810
11261
11481
11632
10900
11903
11351
11301
11141
10750
11512
11301
11411
11191
11492
11331
11381
11221
11351
11241
11261
11381
10720
10650
11541
11422
11341
10559
10519
10400
11281
11342
11231
11061
11311
10429
10559
11401
10399
11451
11411
11371
11422
11441
11431
11371
11451
10400
11241
11331
11482
11531
11412
11331
10400
6372
10520
10570
10439
11271
10580
10971
10800
11191
10460
10510
10300
10299
11351
10750
11551
10791
10700
11401
10730
10790
10450
10700
10851
11251
11362
11312
10419
11351
11481
11461
11421
11402
11441
11582
10459
11551
10470
10589
11462
10890
10660
10590
11351
11492
10320
11501
11261
11311
11421
11341
11401
11351
10630
11351
10399
11492
11411
11502
11421
11361
10549
11622
11421
11271
11321
11381
11371
10900
13385
10420
10399
10399
11421
11251
11531
8125
11271
11401
11651
11461
11712
8356
11531
8075
11361
11481
10419
8486
10269
8235
11542
11442
11351
11431
10390
8276
10460
11492
11422
11451
11071
10560
10399
10309
11100
8125
11441
10950
11492
11021
8275
11361
11141
11221
10991
11241
8225
11161
8286
11501
11391
12724
11602
8365
11442
10760
8245
11201
11321
11011
11782
11261
11312
11391
11121
11401
10780
10520
11201
10770
10740
11281
11381
11461
11331
10489
11292
11121
11000
11361
10811
10830
11531
11441
11281
11341
11812
11492
11572
10820
10960
11471
11502
11421
11622
10499
10480
11311
10700
11632
10801
10970
11251
11491
11441
12033
10219
10670
11361
11381
10380
11141
11501
10399
11832
11322
10509
11031
11602
11221
11261
11712
11342
11281
11471
11341
11291
11061
11531
11382
11071
10380
11561
11041
11672
11331
11121
11582
11342
11271
11471
11371
11161
11341
11020
11382
11541
11271
10600
11231
11321
11561
11331
11462
12985
11381
11572
10469
11632
11031
11402
11421
11171
8205
11381
11191
11491
11622
11602
11812
11221
8215
11691
11190
11321
11111
11221
11341
11402
11251
11491
11251
5591
10740
10540
10810
10620
11721
8356
6061
8366
11371
6022
10619
11061
11542
11572
10790
10670
10900
10760
10760
10950
10930
10961
13034
6312
12824
10710
5781
10340
10860
5771
11201
8296
5670
8045
11462
5611
11411
11531
11201
8295
11221
5721
10760
5771
6182
11471
5621
11291
10610
10549
6241
10830
5571
11321
11782
11372
10580
10700
5671
10480
11371
11682
11472
11341
11542
11091
11662
11231
11281
11401
8496
11020
8466
10820
11441
10570
10971
11562
11812
11582
11261
11752
11762
11191
13495
10630
11141
11401
12022
10599
11842
12723
11832
11151
11161
11401
11872
11181
10790
10440
11211
10831
10891
11612
10880
10269
11231
10350
10359
10771
11241
10930
10360
11472
11562
11522
11461
11382
11612
11532
11412
11241
11432
11412
11281
11472
11452
10369
11241
11451
11412
10730
10590
10630
11352
11732
11441
11331
11331
11471
11171
11612
10580
11571
10479
10429
11331
11582
11552
11381
11631
11482
11342
11582
11431
11281
11381
11501
11461
11321
11371
11451
11541
12183
11481
11561
10299
10609
11201
11171
11371
11421
11342
11391
11722
11412
11231
11271
11361
11401
11421
11371
11392
11282
11832
11401
11301
11441
11883
11412
11231
11251
11191
11482
11491
11331
11211
10930
20518
11612
11551
11381
11251
11382
11482
11452
11211
11352
11351
11181
11321
12232
11331
11452
11442
11372
11432
11351
11451
11541
11341
11251
10720
11581
11421
8055
11322
9498
11071
11241
12203
8476
11422
11371
8266
11412
11161
11411
11331
10319
10861
10840
10951
10630
11170
10560
10840
10690
10649
10479
10960
10569
10810
10761
11823
11581
11321
10680
11261
11151
10630
10730
10610
10950
10870
10550
10610
11352
10780
11021
10569
10429
10770
10319
10810
10279
11461
10700
11201
11341
10489
11492
10279
10380
11241
13355
11332
11652
11412
11642
11241
11131
11271
11842
11422
11421
11392
11552
11522
10810
11331
11511
11752
11662
11331
11782
11611
11421
10199
11461
11461
10470
11401
11422
11552
5791
10810
6262
10179
10820
10740
10259
11291
10580
11432
10810
10489
10530
11331
8275
10379
8345
11381
11331
11231
11372
11522
8646
11571
10560
11331
11622
11471
6192
10800
10801
10550
10880
11602
5621
10821
10409
10290
11471
10900
5681
10399
5881
6622
11341
10219
8917
10780
11501
11481
11312
10971
8095
11251
11221
11391
11772
11281
11802
11531
11522
11312
11472
11411
6422
10599
10790
6211
10419
11131
8106
11261
8115
10861
11011
10830
11382
11051
11362
11512
11501
6622
10811
10710
11431
11832
11561
11561
10480
11501
11461
11522
11832
11492
12103
8246
10369
11812
11261
11492
11371
12053
11652
11852
11231
10510
11342
10980
10439
11732
11381
11241
11451
11411
10890
10309
11432
11973
11462
11972
11391
11882
10509
11892
11532
11562
11322
11992
11221
11712
11291
11982
11611
11572
11391
11882
11211
10580
11221
14897
10319
10960
10420
11632
11281
10369
15038
10830
11221
9327
12133
6262
15940
8075
7244
9889
11572
8416
11442
12323
11802
11692
6252
11331
11251
9878
11361
9548
11442
9307
8326
11301
8145
8185
11271
8195
11581
11462
5951
11701
10430
8285
11331
10760
10370
8255
10499
11441
10469
8446
12694
11411
10440
8326
11181
11311
11392
8286
11281
10510
8205
11481
11281
8306
10429
11471
11391
11522
11371
11281
11211
11421
11311
11462
11271
11442
11321
11422
10841
10400
10519
11521
11481
10530
11492
18715
11552
11531
11482
11391
11432
11351
11822
11612
11441
11482
11422
11812
11381
11312
11592
20829
11702
11181
11251
11281
11511
11622
11402
11561
11431
11552
11291
10419
11402
11422
11371
11402
11171
11392
11421
10370
10379
11051
11411
11832
11311
10590
11552
11421
11512
10680
10370
11060
11551
11271
11472
10429
12132
11331
10440
11732
11442
11281
11411
11602
11532
11491
10499
10509
11422
10319
11722
11611
11602
10881
11511
11451
10419
11321
10740
11331
11341
10450
11822
11351
11522
11641
11321
11281
11351
10580
11551
11732
10409
11201
11582
11502
11371
10500
11451
11492
11522
8375
11331
11532
10349
11411
11421
11601
11522
11531
10530
10529
11491
12384
10720
11482
11281
11582
11461
10390
10570
11451
11471
10349
11211
11502
11281
11261
10570
10320
11241
11381
11291
10519
11362
10580
11291
11291
11401
11772
13505
11441
10529
10279
11311
10319
11632
10790
11331
10569
10419
10741
10219
10580
11120
11311
10530
10560
11432
11382
11792
11241
11591
11272
11261
10700
11421
11451
11521
10539
11641
11362
11492
11341
11031
11672
10960
10539
11321
10660
10529
11451
12062
18855
10890
11341
11451
12303
10389
10430
11291
10399
10540
11361
11432
10860
11241
8125
10890
11361
10309
10740
11421
10489
10540
10871
11331
10440
10861
11221
10560
10720
10399
11301
10830
10419
12013
11341
10519
13415
10980
10320
10980
10390
10109
11251
10489
10339
11641
11341
10530
10420
11131
11462
11291
10479
10329
10790
11501
11381
10500
10670
10710
11211
11893
9408
11171
11341
11442
11652
11010
6261
10890
11231
10830
10780
11321
8265
10840
8506
11411
10891
11421
8155
10560
8236
11682
11000
10850
11041
12333
10770
10349
10289
10810
11181
11551
10881
10830
10530
10670
11431
8205
10580
8115
11411
10590
11391
10600
11582
10860
8135
11592
11000
11512
11512
11511
8065
10870
7985
11281
10660
11361
13565
7945
11381
11412
11291
11541
11392
11411
8225
11141
11312
10399
11602
10359
11432
8296
11301
11261
9939
11492
10299
11562
11401
11461
11351
8486
11421
8416
11351
11301
11341
11632
11592
8195
11441
11401
10590
11491
11311
11262
11873
11782
11231
6161
10600
11982
11221
11061
11792
11151
11311
11582
11532
11141
6151
10680
10349
11431
11311
11341
11361
11702
11392
11662
11291
8186
11241
10459
11201
11792
10710
8296
11241
11431
11892
11641
8196
11321
11492
11351
11611
11392
12704
11542
11551
11742
11542
11401
11351
11421
11612
11492
11542
11251
11041
11031
10450
11221
11482
11151
11431
10550
11431
10649
10380
10540
11301
11411
11441
11502
11301
11421
10340
11361
10390
10599
10630
11091
10831
10840
11651
10810
11752
11402
10720
11261
11281
10830
11442
11461
12734
10740
10880
12133
10629
11391
11452
10670
11682
11291
10901
11412
11341
10790
11452
11312
11271
10599
10920
10690
10600
11301
11592
10780
11261
11682
10680
11802
11621
11051
11452
11221
10780
11561
11331
10860
11251
11351
10730
11261
14026
10609
10780
10600
11371
10850
10750
10840
10599
10911
10740
11341
10901
10720
11572
10690
10921
10269
10881
10800
10310
10951
11431
10570
10910
10350
10690
10770
10870
10269
10820
10820
11471
10870
10580
11341
10730
10880
11461
10881
10931
10510
10299
10750
10960
10400
10590
10890
11441
10700
10810
10309
10550
10800
10520
10610
10720
11311
11120
11402
11371
11592
11451
11292
11181
11512
10570
11762
10510
10249
11271
11331
11481
11432
11341
11292
11221
21400
10380
11201
11441
11261
11151
11301
11372
11211
12043
11521
11452
11351
11621
11241
10410
11081
10640
11471
11461
11312
10589
11271
11341
11502
11301
11311
11521
11451
11291
11572
11141
11521
12674
11331
11612
11391
10269
11311
11251
11241
10400
11662
11512
11241
11412
11191
11572
11191
11241
11522
10269
11401
10330
10290
11481
11301
11271
11482
11672
11131
11341
11180
11642
11301
11461
10509
11431
11592
11221
11180
11241
11111
11321
11322
11461
11311
11732
10570
11091
11100
14588
11351
11160
11352
11241
10550
11382
10490
11351
10470
17051
11432
11121
11682
11421
11221
11241
11361
11562
11431
11651
11331
11101
11532
11281
11371
11472
8135
10249
12103
8175
12242
11472
11842
10259
13315
8025
12202
11612
11391
11672
11211
11522
11592
11902
11261
11792
11131
11772
11501
11842
11221
11742
8135
10600
11772
10790
12453
10560
11872
10700
11842
10650
11842
8085
10399
11762
10659
12653
10690
11672
10880
11682
10750
11672
8215
10821
12935
10911
8155
13486
10690
11852
6071
11893
9097
11542
10690
9127
11701
10509
13856
9337
11421
9067
15449
11482
10981
10259
13174
8245
11472
12002
11442
11752
11301
11291
11882
11582
11943
11271
10489
11692
10500
10650
11602
6211
11862
10690
12013
12192
11341
11862
8045
11311
11732
11332
11652
11311
11231
8095
11892
13756
11672
10780
10801
11802
11311
11752
11361
12874
11752
11591
8076
11752
13606
11722
10349
11782
8316
11371
11291
11311
11361
7945
11401
8035
11211
10670
10950
11431
8997
11651
9157
10710
11241
11271
11431
11321
8165
11131
11582
8245
11131
11312
11281
11501
11291
9127
11301
11281
11371
10910
10740
10960
10359
11071
10400
10810
11161
11451
11622
11322
11612
11401
11231
11261
12092
11281
11552
11060
11732
11211
11942
11421
10149
11511
14778
11402
11601
11442
10690
11201
11812
11191
11722
11241
11752
11211
11381
11602
11432
11301
11642
10460
10349
11862
11241
12143
8325
11641
11662
13876
12283
10419
12052
8165
11281
18665
10259
11662
10499
11872
11492
8285
15498
8055
11411
11802
11391
11661
11481
11692
10249
11833
11231
11692
11391
11511
11221
11923
11301
11882
11321
11441
11612
11461
11391
11873
11371
11371
11792
11251
8245
11972
8015
11351
11772
11612
11963
8095
11711
11281
11852
10199
10540
11762
8405
15218
11301
8185
11641
8076
11271
11181
10730
11432
10710
11321
8135
11291
11441
11522
11231
8165
11191
11070
8395
11351
11401
10099
11251
8135
11221
11271
10630
11351
10700
9277
11401
10649
10790
11141
11361
11221
11211
11321
11511
11081
11161
11271
11481
11331
8135
11372
11492
11572
11452
8075
11452
11301
10840
11271
11351
10620
11411
12985
11311
11351
11110
11281
11432
12142
11181
12323
11321
11332
11492
11451
11952
11251
11762
11291
11922
11141
11541
11101
12012
11812
12293
11241
11421
11692
11712
11511
13245
11150
11311
11181
11571
11311
12073
11211
11452
14006
11692
11151
11832
11301
11742
11211
11792
11592
11782
11321
15188
11591
13465
11221
11391
11241
11812
11221
16190
10460
10921
11301
12944
11321
11651
11271
11661
11381
12152
10409
10800
10800
10269
11562
11992
11201
11732
11291
11311
11622
11742
11401
19447
11021
11071
11201
11541
10370
12033
11411
11231
11211
16171
11271
10700
10740
11160
11191
11842
11561
11712
11832
12673
10780
11131
11341
11972
11261
10881
10370
11361
11251
11842
10440
11632
11251
10369
11572
10419
5520
11070
11301
5560
10930
11311
11431
11412
8256
11241
8135
11201
10319
11602
8315
11181
8466
11461
11522
11542
13725
10199
8236
11352
11381
10570
7323
11251
8236
11161
10339
10250
10390
10380
8116
11261
11772
15749
11161
11422
11411
10469
8095
11301
11221
10509
10910
12343
8205
10329
11331
10149
11281
10720
10670
10339
11512
11171
10269
11551
11402
11221
11291
11081
11271
11301
10510
10830
10860
11210
11130
10450
11231
11251
11171
11111
11331
11451
31429
10229
11301
11311
11481
11321
8025
11551
10680
11341
11241
10379
11311
8365
11281
8376
11341
8045
10650
11211
10790
8205
11371
10721
8245
11612
14518
11993
10660
8085
11291
10740
11291
11812
10590
8355
11291
10830
11352
10840
8115
10800
11231
10781
10519
8426
10911
8186
11281
10630
10369
11011
10490
11191
10499
11331
11411
11421
8376
11291
10600
11472
10811
11382
10199
10429
10720
10520
10740
10830
11081
10720
10710
10680
10991
10760
10921
10980
10901
10620
10950
10710
10800
10680
10850
10680
10830
10750
10580
10560
11011
10680
10751
10650
10569
11902
10560
10910
10760
10540
10790
10710
10640
10419
11301
11321
10650
11622
10369
11021
11451
10189
11551
11301
11621
11231
11432
12133
11391
11431
11532
11462
11411
11782
11151
11321
11311
10509
10390
11421
10800
11502
10449
12243
10450
11412
11061
11452
11812
10950
11391
11341
10770
11652
11302
11341
11121
10720
10539
11231
10831
10570
10981
11421
11501
10750
10259
11341
10640
11251
11822
12133
11272
11361
10650
11391
10289
10700
11312
11652
10880
11201
11312
10860
11311
11551
11431
11712
10800
11502
10560
10810
10580
16551
10781
10700
10770
6251
10901
6382
10780
5631
10730
6341
10780
5701
6252
10830
6381
10560
6252
10720
5621
10770
6352
10820
6402
10930
7604
10670
6332
10620
6392
11061
6242
10530
5741
6092
10720
6172
10539
6182
10690
5530
10890
6432
10690
6271
10850
5761
6201
10850
6282
10830
6082
10610
6102
10589
5591
10630
6181
10980
6272
10670
6302
10610
6261
10590
6271
10790
5761
6111
10931
6372
10781
6242
10790
5641
10680
6142
10951
5641
6221
10750
6041
10690
6232
11091
6252
10650
6252
10910
6151
10720
5680
6081
10800
6192
10770
5711
10700
6262
10720
6252
10981
6372
10880
5671
10409
6292
11020
6172
10529
6232
10580
6482
10910
6402
10690
6152
10660
6072
10660
6352
10891
6162
12243
6181
11071
6231
10760
6742
10680
5741
6302
10760
6271
10951
5621
10520
6332
10841
6191
6292
10920
6231
10620
6282
10600
6622
10780
6402
10640
6322
10780
5720
10630
6302
10780
6171
10850
5701
6272
11020
6091
10680
7594
10770
6292
10690
5701
6202
10560
6082
10670
10881
6172
10630
6232
10630
6382
10771
6222
10650
5681
6332
10740
6202
10650
14377
11201
14878
10680
11261
10831
12293
10600
16911
10750
11541
11121
11281
10970
15920
10780
11051
10630
12333
10800
16491
10730
12323
10891
15709
10710
11351
10841
17683
10750
15930
10770
10630
10640
10740
10620
10760
10981
10670
12152
10870
14747
21199
14106
10620
11030
10559
15900
10630
12473
10810
10981
10881
14958
10680
10840
10760
14257
10851
15799
11060
13285
10500
16020
12012
11442
10731
10791
5721
10790
6192
11060
5671
6191
10690
5711
10540
13456
6221
10891
7614
13516
6221
11822
5650
10860
5831
6202
10550
6312
10620
6242
10530
7924
10840
6231
10760
17853
10660
5801
10650
6212
10790
5851
6232
10740
6212
13315
6242
11802
6361
10900
6182
10710
6202
10670
5901
15679
5751
18925
6162
11662
5651
15579
5771
11341
6111
12033
7124
10991
6422
16400
6342
11402
7153
14437
10820
6242
10650
11181
5971
13214
5761
15459
6141
11080
6141
11141
5671
11201
5790
12333
5771
11211
7394
15509
5701
13816
6242
11541
6272
19026
6141
11452
6301
12784
5711
13696
10540
5630
14467
6121
16702
6271
11933
7744
13575
6111
10980
6192
11111
6222
10770
6302
10620
6252
10529
6311
10600
12123
6662
12904
7113
17633
5781
12072
6883
14037
6082
16591
7114
11081
5670
12463
7364
13094
6151
15790
6161
14618
6853
12804
6252
15489
5691
14427
7614
12022
6242
16050
5771
11431
7093
12874
6312
14006
5770
11050
6272
14557
6542
11422
6202
14197
5760
13475
6923
11101
6071
32180
7504
16451
5710
13786
6161
11482
6332
14718
7554
14006
6021
16300
5982
14688
6493
14046
7334
12083
10379
8235
11662
10500
14707
10520
13144
21290
8345
10329
10720
11492
10440
11141
11401
11361
11441
11301
10159
11351
11411
11532
9056
10840
8196
11461
10760
11130
30206
8205
11271
8336
11261
11392
10510
11331
11352
8145
11341
10299
11642
11491
10349
8225
11241
11221
11541
11321
11271
11492
11221
11411
10269
11291
11461
10520
10269
10269
11561
11532
8085
10229
8155
11351
11191
11381
11452
11251
8225
11401
8085
11061
11291
10270
11231
11281
11371
11612
11412
10309
10179
10400
11341
8295
10429
8285
11071
11151
12113
11131
11282
11341
11021
11040
10740
11511
11252
11442
11341
10980
10860
11231
11581
11301
11431
11361
10680
11641
11341
11331
11261
11421
11372
11191
11502
11542
11832
11392
11191
11331
11221
11311
11231
11191
11312
8136
11261
13616
9438
11371
8105
8005
11101
11362
13556
11521
12974
10680
11412
11171
11332
11622
11381
11241
11411
11241
11301
11562
11271
11281
11291
11923
11111
11561
11311
11401
11471
11291
11301
11461
11231
11331
11301
11311
10680
11361
11281
11231
11281
13034
10810
11271
11361
11432
11612
11251
11361
11692
11402
11452
11472
11141
11231
11412
10990
11321
11131
11351
11501
11101
10339
11662
11081
11191
10390
11381
11622
11351
11251
11472
11391
11321
11592
11321
11451
11372
11080
11511
11802
11261
11391
11451
11391
11201
11311
11271
11501
11191
11311
11322
11341
11181
11371
11411
11422
11291
11431
11441
11361
11211
11511
11421
11842
11161
11402
11441
11402
11131
11201
11742
11311
11351
11512
11141
11401
11622
11361
11642
11140
11592
10499
11241
11521
11261
11371
10310
11451
11351
11251
10460
11411
11561
11281
11241
11382
11422
11412
11371
10520
11341
11171
11221
11332
11261
11572
11281
11312
11041
11391
11401
11241
11281
10279
11642
11271
11672
11342
11301
10380
11422
11451
10540
11471
11471
11481
11352
11111
11482
10890
10780
10369
11402
11421
11121
11522
11321
11362
11822
11331
11130
11311
11422
10439
10599
10410
11312
11171
11271
11361
11231
12003
11302
11261
14337
11591
11141
10580
11441
11391
11431
11341
11502
11331
11191
11472
10519
10419
10429
11191
11401
10329
11271
11241
11592
11211
11391
11332
11522
11381
11321
10479
11101
10750
10359
11261
11272
10449
11492
11261
11411
11371
11421
11251
11561
10600
11582
11351
11501
11251
11572
11371
10460
10840
11301
11641
11171
8005
11261
11321
11221
10430
11521
11351
10269
11301
11421
11442
10439
10309
11521
11401
11622
10480
11311
11402
11331
10990
10740
10780
10720
11101
10409
10419
10379
11181
10690
13074
11211
11442
11472
10480
11472
11311
11401
10419
10239
10300
11411
8145
11732
8055
11501
11641
11261
11291
10249
11381
11381
11331
10931
10910
10489
10720
12483
11141
10800
11121
11261
9147
10530
8265
12253
11261
10830
13425
11210
11011
10440
10780
11532
9147
12273
11522
10941
11662
8486
10690
11171
11021
10971
11391
8196
12603
11421
10961
8295
8586
9217
10620
10490
11541
10269
8316
10920
11482
11281
11131
11772
11171
11291
11481
11341
11421
11291
10630
11201
11451
11661
10520
10359
11702
11361
11302
11040
11762
11151
11040
13916
11652
10800
6131
11081
11051
11321
11151
11191
11051
12052
11532
11051
11281
11331
11201
11351
11201
11060
11432
11472
10860
11451
11231
10951
11291
11341
13665
11342
11110
11251
11271
11521
11171
11402
11281
11261
11381
11762
11161
11822
11241
11632
11100
11712
11381
11321
11782
11131
12593
11432
11822
11732
13205
11271
11151
12273
11411
11151
11170
11592
10991
12223
11401
10961
12033
11311
11822
11472
12212
12082
11722
11211
11171
11231
10960
11141
11251
11081
11491
11422
11000
5540
10910
11241
11491
11422
8095
11231
8135
11231
11211
11140
11070
8066
11361
11041
11502
10951
10891
11011
11141
11201
11491
11081
11201
10890
11251
11271
11131
11181
11311
11421
11331
11110
8156
11682
10860
11391
11111
11381
11161
10940
11171
11612
11311
11061
11392
11180
11341
11201
10941
11301
8476
11301
8536
11181
11371
11551
10770
11252
11772
11412
11332
10720
11372
10230
11050
11721
11301
7945
11341
11211
11412
13705
11331
11602
11421
11411
11341
10529
8166
11322
11381
11391
11341
11602
8155
11321
7935
11361
11692
11130
11101
11973
11562
11261
11372
11472
22261
11321
11261
11572
10279
11271
11481
11371
11261
11531
11441
8035
10770
10400
10559
17983
10710
11512
11331
11401
11342
11622
11321
11181
11521
11582
11411
10340
6162
10680
10229
10780
12454
11622
8045
11452
10530
11211
10340
8245
11081
11501
11312
10289
8375
11190
8025
11572
10309
11101
10419
11191
11732
11311
8255
11361
10280
11201
11602
11441
11321
8175
11241
11802
10349
11131
10149
11322
13555
11392
11561
10620
8206
11261
8155
11351
11502
11442
11321
10330
11251
11211
11211
10750
10430
10880
9207
10640
6312
10290
6151
10861
10390
10690
11201
11281
11281
10900
11391
10309
10670
10269
10740
10360
11582
11241
10610
10880
10760
10630
10540
10660
11491
8185
10650
8085
11391
10659
11532
11512
10680
11281
10660
11462
11501
11462
11061
10800
10931
10620
12303
10931
12113
11522
10579
11361
11973
11582
10971
11120
12243
10650
11702
11621
10640
10439
10910
10690
11872
11582
10810
8316
11241
8145
10740
11271
10921
11501
10450
10610
10599
10800
11441
10520
11331
13806
10560
11922
11321
10810
11382
11772
10610
11902
11281
11682
10941
11632
11391
11972
10900
11752
11301
11952
11301
11562
11491
11301
10751
6212
11000
11021
10360
11271
11372
11241
10801
10760
10520
10670
11331
11221
10870
10880
11181
10760
10620
10530
10650
11351
11301
10700
10710
10379
11401
11381
11381
10329
11131
11341
11261
11251
11241
11261
11371
11201
11461
11041
11251
11512
11171
11411
10520
11432
11372
11601
11251
11271
11371
11621
11452
11201
10550
11542
8285
11241
10790
10279
10490
8085
11402
11161
11301
11161
11282
11351
11121
11492
11481
11291
11311
11141
11311
11482
11111
11211
11261
11602
11341
8175
8386
11422
11361
11231
11261
11090
11231
11261
11211
10359
10419
10479
11351
11302
11421
10580
11241
10570
11421
11402
11422
11271
11311
8175
11431
11521
18314
10569
11362
10620
10539
11171
10980
10940
11582
10559
11101
10961
6682
10900
11312
10680
11131
10760
11542
10690
6381
10980
10710
10710
10680
12734
10780
11101
10580
10660
11381
10559
10770
10660
10771
10800
10750
11101
10811
10700
10620
10930
10539
10830
10560
10700
10780
10941
10580
10821
10730
10930
10800
10871
10860
10540
11251
10530
11181
11451
11281
10169
11591
10340
10380
68207
11261
11532
11442
11471
11481
12513
10720
11081
6191
10530
10540
10931
11321
10650
10791
11622
10570
7715
10720
11201
10630
10400
10600
10260
11302
11501
11241
11722
11191
11591
10519
10370
10540
6111
10760
11461
11301
11401
8205
10449
11131
10219
11071
10269
10640
11311
10250
10300
10489
10259
11362
11522
11261
11332
11351
10309
10990
11061
11331
11161
11321
11331
11392
11372
11492
11382
11211
11321
11271
11672
11231
11171
11231
11391
11341
10590
10399
10219
11812
11602
10480
11461
11101
11432
11251
11161
11121
11181
11291
10359
10860
10640
10449
11372
11351
11231
10259
10440
10599
11402
11311
11431
10489
11371
10620
11572
11221
11241
12313
11031
10179
10630
10841
11331
10309
10750
10279
11662
11351
10399
11001
11712
11271
11872
11301
11772
11652
11852
11191
13044
10320
12203
11131
10349
11221
11562
11582
11341
11371
12003
8095
11562
10731
11442
11241
21600
8256
11080
11321
8075
11131
11261
11261
10469
11632
11732
11331
11321
11702
11221
11421
11281
11441
11141
11281
11391
11282
11371
8085
10359
10380
11241
11241
11201
11711
10319
11421
11381
11281
11351
11221
11482
11321
11171
11251
12985
10580
10219
10700
11241
11111
11551
11411
11261
11361
11341
11362
11311
11211
11321
11722
11422
11332
11571
11261
10370
11131
11261
11311
11201
11201
11391
10690
10770
10139
11651
11371
11140
11451
11271
13725
10670
11361
12313
11201
11171
11352
11471
11111
11241
10029
11231
11151
10380
10880
11191
11121
12013
11281
11681
11231
11101
11372
11772
10490
11592
11241
11472
11722
11281
11902
10320
11080
10750
11661
11331
11221
11111
10489
11321
10500
10409
11291
10870
11221
10980
11211
10670
11181
10480
11241
8075
10590
11361
10580
11221
10670
11381
10600
11221
10710
11241
8156
11341
11361
8265
10530
10860
10760
10479
11251
10810
10489
11372
10630
10851
11261
11391
11301
11431
11342
11401
11511
11962
10890
11892
11311
12032
11081
13786
10960
10129
11682
11261
10700
11541
11401
11090
12663
11381
15078
11191
11371
11681
11621
11261
13906
11311
11131
18765
11652
11993
10369
13075
10640
11261
11822
11321
11342
11251
10540
11341
11421
11631
11271
11461
11291
11411
11352
11261
11541
11532
11271
11282
11261
11441
10250
11381
11161
11291
11322
11200
11461
11201
11491
11311
11090
11211
11301
11401
11171
11141
11381
11461
11201
11221
11101
11361
11331
11371
11231
11321
11621
11471
11251
10359
11131
11271
12974
11130
11912
11191
11241
11441
11752
11421
10220
10510
11231
11252
11542
10129
8255
11882
7945
11111
11221
11391
11391
8266
11201
11241
13866
11251
10269
11201
8286
10540
11111
10650
9398
11121
8135
11631
11822
11150
11772
11160
8095
11582
11391
11612
11091
11431
11261
11211
11051
11281
10279
11111
11562
11221
11111
11421
11331
11451
11411
11251
11452
11401
11321
10349
11161
11451
11161
10680
10800
10269
11361
11291
11331
11382
11902
11100
11541
11231
10760
10229
10600
11131
10239
11441
11251
10309
11121
11091
11582
11401
11131
11461
11381
11442
11301
10740
10680
10660
10950
11191
11312
10590
10760
10539
10790
11411
10620
11271
10379
11301
11291
11060
11120
35897
11351
11302
11381
10620
11321
11151
10640
11231
11201
10700
11071
11151
10700
11411
11682
11261
10921
11271
11361
10700
10490
10269
8105
11231
11201
10560
11401
11251
11321
11141
11321
11271
11151
11301
11341
10810
10459
10540
11552
11111
10239
11301
11352
11121
10659
10630
11191
12193
11382
10279
10710
10880
10249
11672
11301
11362
11281
11341
10439
11271
11311
11401
11622
11331
11431
10359
11572
11221
11321
11262
11211
11301
11101
11351
10429
10329
10320
11411
11011
11231
11411
11372
10500
11221
11261
11612
11281
11041
10770
11501
11621
11281
11292
10650
10950
11191
11251
11371
11442
11421
11241
11391
11361
20278
10710
11933
11191
12503
11271
11281
11552
11772
10399
11281
11742
11572
12072
11381
12804
11281
11701
10209
11722
11492
11622
11311
11772
11422
12063
11291
10440
11321
11221
11512
11502
8226
16782
6122
12032
5691
13065
6201
10990
7734
16271
6302
14537
6191
11201
5580
14016
6502
12433
6192
11582
5640
15810
6222
13275
6242
11191
5510
12955
6262
12172
6131
11110
5721
11201
5591
13265
6182
11932
5610
15369
5611
11281
7133
14076
5561
13305
5550
11151
5641
14948
6251
11321
5561
11521
6942
16010
6322
13906
7364
12343
6141
12814
5630
14988
6462
17773
6562
12593
5550
15680
5691
11040
7474
15659
5741
10940
5570
14237
6221
12343
6622
14508
5670
15359
5610
13345
5711
11962
5750
13145
5590
13916
6212
15569
6993
11661
11241
15519
6292
16311
6442
16511
5801
15489
6152
11020
5661
14437
10580
6232
12414
10620
6482
10690
6262
10750
6201
10670
6182
10790
5611
11191
6262
12804
6212
10980
5961
11922
23745
11973
10329
11642
11511
11361
11471
11932
11351
11631
11131
11321
11171
11452
11291
11792
11382
12003
10339
11602
12413
10760
10831
10921
11572
10550
10850
10530
10860
10870
10620
6112
11151
10209
5480
11191
6172
11411
11311
11362
10630
11462
12013
11632
11562
11271
11201
11482
11301
11171
11302
11181
11261
11281
11231
11732
11241
11652
11812
11301
11301
11321
11201
11491
10309
11631
11321
11752
10660
10530
10560
11932
11501
11141
8095
11031
10770
11031
11451
10620
5651
10780
11281
11541
11591
11331
11342
6462
10590
10539
11220
11301
11541
8166
11151
11321
11752
11141
11271
13726
11562
10529
10149
11481
11201
11441
11251
11271
11321
11592
11441
11632
10420
11392
11281
10310
11551
11502
11302
10299
11672
11201
11080
11391
11662
11351
11431
11110
11211
11251
10990
11181
18174
11451
10229
10079
10700
11311
11582
11291
10309
11782
11331
11201
11351
11392
12132
11461
10540
10790
11362
11531
11531
10128
11201
10079
10379
11662
11021
11121
11170
11502
10480
11100
11291
11541
11161
11402
10099
11251
11542
10259
11181
11762
11121
10500
11161
11271
11291
11482
11642
10570
11321
10059
10720
11651
11742
10450
11301
10509
11292
11461
11241
11171
11292
11311
11362
11161
11211
11422
11281
11211
11562
11301
11282
10629
11201
11000
11431
11321
10249
11462
10300
11100
10119
37199
11301
10149
11131
10579
11261
11521
10480
10660
11461
11482
11311
10420
11411
10400
11081
11291
11371
11281
11231
10270
11231
10329
11201
11551
11331
10579
11151
10310
10330
11141
11281
8136
10239
11582
11151
10429
10469
10369
11282
10199
10700
13295
11201
10670
11010
11161
11292
11291
11662
11211
11251
10520
11201
11421
10720
10349
11631
10820
10459
10239
10810
10700
10921
10540
11512
10750
10169
10400
10850
11201
10670
10560
10089
10660
10580
11311
10940
11622
10379
10970
11221
13435
10730
10459
11001
11792
10780
10460
11221
10760
11371
10379
11692
10550
11301
10820
11171
11371
10780
11251
10670
11481
10730
11352
11792
10569
15219
11431
10931
11061
10610
11722
11261
10770
11572
11201
10840
11262
11181
9247
11000
11652
10670
10660
10649
10689
10339
10640
11371
11381
10169
11161
11251
11361
11362
11501
11832
11231
10850
10870
10750
12203
10590
10970
10650
11070
10900
16971
10590
12814
10630
16020
10680
11091
10790
15690
11141
10921
10680
15719
10610
11611
10630
10690
10620
10640
10720
10720
10600
10550
10911
10550
10940
10560
12624
12593
10610
12955
10660
10620
10780
12393
10800
13024
10780
13505
10740
11391
10680
10971
10640
13065
10560
13906
10630
11321
10560
14097
10791
11321
10710
11190
10940
14437
10900
10279
10880
6162
10159
11181
11160
11321
11271
11261
11261
11291
10499
10680
11191
11301
11221
11271
11632
11612
11331
11381
11201
11361
10179
11401
11161
11351
11592
11602
11411
69600
11251
11281
11361
10319
11462
11371
11411
11361
11401
11111
11271
11301
11231
11431
36729
11301
11281
11221
10580
11652
11481
11362
11171
11301
11321
11291
11301
11241
11441
11371
10349
11412
11371
10239
11301
11281
11662
11321
11251
18335
10229
10550
14016
11432
11302
11291
11361
11271
11431
10741
11271
11641
11541
11451
11401
11291
11271
11351
11211
11532
11271
11020
11301
11361
11091
11562
11141
11131
11321
10480
10329
11271
11401
10680
11282
10620
8315
11281
11902
11231
11491
11852
11141
11432
11521
10931
11431
11241
11271
11551
11371
14718
6402
10970
10770
10910
10840
11051
12493
10569
6862
10520
10710
12113
10951
10790
10650
5560
10790
10610
10781
10580
10519
10519
10980
9007
10550
6202
10791
11722
11571
11902
15269
11201
10820
16751
10710
12033
10760
10861
10730
11251
6092
11271
10630
12344
14337
10730
10780
5521
6312
10690
10540
10740
10680
10640
11431
10680
10499
10890
10690
10639
10870
10600
10650
11091
10811
11041
10630
10579
10850
11121
10770
10780
10630
11090
10600
10639
10920
11431
10931
11371
11441
10550
10680
11141
10570
11782
10660
13806
11301
11902
11010
13275
11151
10620
11442
11552
10760
12223
11141
10760
11481
10630
11271
6092
10760
11321
11030
11341
10540
11461
10619
11251
10510
11501
10720
11140
10639
11161
10771
11221
6663
10630
11752
10539
11060
11111
11451
10730
11271
10900
11632
10540
11401
10890
11481
10700
11492
6041
10851
11652
6071
10750
11422
10549
11501
10630
11381
10600
11321
6232
10800
11101
10860
11472
10630
11381
10590
11381
10620
11572
10720
11331
10630
11602
10780
11331
6072
16701
11391
6122
10610
11311
10760
11201
10680
6071
10971
11251
10640
11321
10600
11532
10700
11201
10640
13565
10560
11552
10860
11281
10690
11311
10580
11271
6201
10690
11532
10730
6252
11371
6162
10810
11672
10660
11321
10800
11511
10961
11261
10740
11461
11081
11481
11671
11442
11301
10340
10459
11111
11231
11451
11231
11562
11301
11371
11551
11562
11311
11421
11792
11501
11171
11341
11211
11341
11302
11101
11501
11431
11592
11642
11492
11221
11362
11121
11331
11120
11401
11121
11261
11671
11351
11211
11421
11302
11671
11241
10259
10229
11371
11241
10991
11161
11582
11251
11120
11191
11211
6161
10450
11812
10760
11301
6142
11582
10640
11512
10931
11121
10630
11160
10730
13705
10731
11392
10730
11241
10790
6141
11582
10951
11382
11041
11392
10921
11090
10891
11201
10650
11281
10700
11191
10650
11522
10600
11111
10720
11321
10650
11601
10660
11341
10670
11071
10710
11351
10570
11632
11261
8225
11331
11171
11231
11872
11271
11201
11501
8145
11321
11301
11752
11792
11341
11241
11401
11201
11621
11351
11201
11421
11251
10640
10750
11191
11442
11261
11231
10780
10670
9458
10710
11181
11141
11120
11281
11251
11101
11371
10460
10630
10710
10309
13035
11531
11080
11342
11562
11211
11802
11221
10509
10219
10830
10770
11332
11351
11331
11452
11281
11191
10289
10299
10259
11261
11181
11551
11331
11501
11221
10229
11281
10249
11291
11612
11321
11822
11341
10380
10841
11462
11071
11371
11321
11702
11863
11311
6172
10960
11331
11362
11251
11451
10900
10890
11171
11371
11571
11371
11191
11432
11461
11402
11461
11521
11481
11572
11401
11041
11130
11241
11241
11221
11361
11411
11351
11331
11271
11471
11180
11511
11251
10689
10570
11432
11071
11221
11532
11321
11431
11532
11351
11451
14097
11271
11271
11542
11762
11441
11471
11181
11392
11251
11442
11221
11211
11241
11431
11502
11782
11311
16420
11461
11292
11271
11261
11241
10580
10830
11191
11160
12945
11312
10590
10690
11892
11431
11221
14497
10891
10770
11622
11341
11472
11782
11201
11111
11231
11651
11621
11341
11251
11281
11181
11151
11462
11261
11211
10559
11241
11401
11462
8055
11512
7945
11551
11451
8025
11241
8025
8136
18164
8075
11762
8386
11892
8396
12804
8366
8255
11741
8125
11912
7985
11211
9187
11421
9918
11973
8005
16130
9317
11903
7985
13606
8206
9167
11772
8065
11712
8125
12023
8226
14847
8235
11582
8175
16280
9077
11872
11331
11792
8155
11762
11472
11963
11571
11902
11632
11402
11311
11782
11180
11662
11341
11862
11331
11692
11291
12022
11842
12013
11652
11281
11351
11331
11332
11211
11312
11802
11281
11412
11281
11371
11180
11391
11211
11161
8185
11271
11371
11241
11252
11552
11411
12193
11311
11822
11411
11221
11421
12474
11602
11241
10680
11251
10640
10821
11371
10620
10970
11542
10770
10700
11591
11001
10569
11501
10720
11371
10570
10971
11832
10801
10860
11171
10570
10700
11291
10751
11752
11361
10771
10700
11271
10941
10740
11302
10770
10910
11411
10920
11371
10810
10710
11442
10580
6101
11421
10971
11271
10940
11341
10861
11541
10690
11251
10560
11121
10680
11321
10710
11251
6041
10770
11371
10700
11501
6062
10810
11621
10680
11651
10509
11462
11010
11080
10570
11121
10500
6302
11130
10870
11572
10760
11161
5400
10670
11391
6312
10660
11321
10630
11231
10630
11161
10720
11201
10489
11521
10760
11442
11031
11302
10660
11241
10630
11402
10800
6172
11341
10911
11271
10570
11100
6142
10530
11161
10860
11131
6021
10640
11462
10760
11692
10599
11471
10811
11611
10780
11331
10730
11081
10770
11842
10670
11321
10740
11632
10740
11722
6482
10820
11422
11031
6322
11411
10790
11682
6222
10850
11221
11041
11251
6482
10700
11331
10650
6231
11372
10670
11311
11170
11181
10850
11392
10840
11752
10549
11371
6132
10590
11181
6192
10700
11452
10760
6262
11211
10700
11301
10730
11542
10700
11251
6342
10550
11442
10880
11241
10619
11451
10670
11281
10750
11351
10890
10990
11301
10901
10700
11221
10821
10850
11441
10710
10790
11352
10589
10870
11352
10920
10740
11461
10620
11211
10750
17082
11611
10980
11532
11452
15269
11311
10750
10990
11321
10891
10640
11040
10820
10750
11211
10980
11121
11441
11121
10710
11381
11001
11041
11281
10831
10740
11431
10811
10540
11421
10780
6262
11751
10650
10529
10650
11321
10871
11241
10600
11220
10740
11562
10720
11271
10630
11221
10590
11602
10790
11241
10509
11492
10509
11401
10660
6091
10219
10951
10660
10710
6081
11271
10991
11682
10770
6131
11401
10539
11722
11923
11171
10740
6102
12093
10670
11331
6452
9478
9158
9678
10870
6151
10750
6382
10760
10811
10680
10960
10570
10700
10881
10760
10760
10730
10520
10830
11030
10529
10720
11041
10570
10660
10610
10630
10781
10690
10730
10529
10510
10650
10680
6112
10950
11241
10690
10530
10730
10851
10820
6221
10570
10960
11051
10740
6122
10569
10620
10579
10669
6162
10640
10901
11020
10640
10580
10620
11111
8606
10560
10890
10770
10630
10890
6102
10670
10730
10770
10680
10670
10520
10630
10870
10870
11041
11442
10730
10771
10871
10730
10901
6382
10760
10760
10590
10580
10429
11762
10870
10429
11281
10710
10871
10660
6282
11061
10800
10720
10660
10720
10910
10710
10741
10560
10690
10750
10830
10951
6201
17633
10920
10710
12133
10650
6051
10690
10600
10559
10750
10911
10620
10740
10910
10680
10690
10800
6532
11151
10449
10991
10910
6191
10620
10780
10720
10811
10670
10630
10510
10690
20388
10740
10399
10910
6132
10780
10640
10670
10800
10710
6282
15529
10810
10249
11070
10630
10941
10730
10930
11241
10931
11051
10349
10600
10389
11321
9077
10209
11672
11662
11893
11462
9538
10730
11662
11431
18605
9217
10740
11341
10881
11401
10419
10750
10720
10440
10660
8286
11111
8095
10640
11261
11352
11120
10530
9388
10570
11872
10940
11090
11752
8175
10771
9197
10841
10840
10910
11361
10870
10971
11312
10821
10510
11071
10660
10259
10920
10891
11151
11441
10790
10439
10640
8235
12463
8476
10750
11511
8286
10741
8446
10560
10860
8295
11332
7985
10840
11452
12263
8316
10359
9208
10730
11211
11201
11752
10460
5520
10540
10349
5630
10590
11482
11161
11101
11301
8866
11422
10920
8255
11221
8196
10659
11291
10940
5571
11171
10900
10420
11211
11492
10780
11211
10469
11571
11111
11732
10680
11292
11070
11171
11010
10600
11221
10530
11221
11551
11301
8055
11231
10369
11301
11662
11412
5500
12483
10459
11251
11472
11231
8145
11492
10580
11692
11161
8446
11181
8225
11632
11993
10339
11191
11251
11351
11582
11331
11101
11391
11121
11331
10961
10370
10559
11181
11321
11471
11081
11251
11371
11342
10480
11461
11422
11281
11521
11582
11251
11692
11322
11251
11121
11321
10420
11532
11451
11401
11622
11021
11252
10450
10299
11271
11331
10239
10479
11241
11502
11391
11181
11362
11412
10419
11191
10950
10579
10239
11011
10730
11492
12494
11452
10420
11582
11421
11361
11381
11542
11572
11191
11201
11471
11181
10270
11451
11401
11381
11611
11100
11471
10349
10510
10870
11882
11361
11432
11351
11311
11261
11282
11351
10549
10790
11261
10299
10250
11421
10460
10310
10290
11371
11261
10350
10600
10209
11431
10299
10399
10310
11371
11302
10439
10490
10940
10620
10269
10930
11311
10300
10920
10190
11071
10259
11381
10940
10449
10269
11221
10720
10359
11501
10340
11261
10760
10539
10449
11241
10910
10530
11241
10490
11201
11391
10319
11281
10560
10670
11141
11282
11061
10339
11401
10830
10289
10260
10910
11401
11642
11131
11541
11021
10309
11191
10920
10259
11081
11531
11612
11622
11692
11442
11371
11501
11511
11452
11251
11101
11281
5621
10910
11562
10420
11522
10941
10489
10580
10520
10329
10389
10510
11131
8165
11121
8115
11651
11341
10690
11271
9197
11442
11341
11201
10479
11371
6262
10980
11281
10660
10249
10289
10399
10129
10259
10410
10379
11602
11392
10550
11081
11171
11321
11221
11101
11612
11181
11211
10079
11361
11441
11632
11481
11441
11411
11491
11421
10469
11081
8075
11211
11221
10429
10479
10379
11030
11211
8196
11362
11301
10179
11462
11241
11201
11221
11291
11361
11572
11221
11532
11241
10800
11601
13005
10970
11221
11251
11702
11962
11401
11391
11211
11411
11331
11371
13706
11541
11361
11121
11291
11612
11321
10971
10800
11081
10400
11501
11241
10430
11191
11281
11431
11412
11301
15108
11191
10580
11181
11221
10279
10690
11111
11431
11421
11432
10881
11622
10590
11782
11111
11171
10460
11141
10540
11200
11190
11131
11361
11752
10088
10279
11091
11191
11311
11291
10560
11441
11381
10330
10440
11251
11632
11341
11371
10209
11201
11001
11281
11642
10309
11482
11291
12423
11501
11080
11391
11322
11582
11291
11592
11231
8065
11241
8145
11011
10350
11482
11322
10350
11151
11332
11171
10390
11151
11421
11442
11672
11511
10209
11572
11301
11311
11341
11291
11201
11241
13385
11451
11281
11111
8465
10459
11251
11492
8075
11381
11411
11060
11601
8075
11292
11271
11231
11422
11922
11302
11170
11231
20929
11441
17463
11692
11351
11121
11702
11352
11161
11702
11362
12103
11462
11382
10279
11401
11361
14036
11241
11541
10390
17192
11702
11772
11541
11351
11121
11742
11281
13244
10520
11221
11211
11261
11191
12112
11211
14498
11251
11431
11371
11762
11151
16200
11141
11181
11441
11682
11411
13566
11391
11332
13285
10539
11412
11211
13726
11281
11982
11311
11441
11511
11281
11271
11221
11040
11271
11431
11672
20849
11291
11542
11311
11301
10750
10480
11641
10540
11151
11381
11291
11301
11542
11221
11511
10530
11372
11492
11541
11291
11341
11302
11121
11271
11281
11401
11592
11332
11432
11271
10730
10610
11191
10680
11282
11131
11311
11371
11141
11331
11452
11401
11231
11120
11011
11221
11522
11402
11601
17252
11391
11421
11141
11421
11101
19987
11161
11241
11181
11391
11332
11512
11432
11211
11742
11291
11282
11412
10800
10810
11161
11251
11180
11071
11321
11171
11602
11471
11351
8806
11442
9868
10750
9107
9508
10720
11321
10530
11051
10810
12934
10920
11321
11081
11190
10600
10539
10890
10790
13034
10720
16440
10900
11021
10760
12063
10910
11251
10720
16071
10850
11381
10650
11631
10931
12634
10831
11211
10760
12604
10820
12464
13475
10480
13746
10781
12283
10830
14657
10600
11772
10750
15830
10750
11882
10559
12744
10650
11131
10610
16521
10670
11211
11120
11551
11241
10780
11481
10640
15689
10620
11131
10430
13024
10951
12874
11080
10951
11060
12483
10790
15479
10790
14917
10670
11301
10860
10930
10740
11361
10770
11332
11191
10570
14256
10460
16341
11331
10530
8446
11632
10770
14327
10700
8426
16391
10790
10780
10520
21400
11332
11041
12223
11261
11802
10680
11662
11091
10499
11512
8105
10831
10559
9417
10840
8126
11441
11020
11191
11231
10760
11261
11211
12243
11301
11011
10840
10700
10710
11442
10489
30748
10760
11532
10480
10539
10570
11000
10600
10620
10510
10730
11030
10820
11031
10810
11100
10730
10590
10690
10610
10690
10570
11502
10550
11312
10640
12363
10670
10560
10640
10790
10740
10800
10680
10600
10870
10861
10771
10670
10820
10770
10760
11071
10580
10539
10670
10510
10690
10690
10630
10830
10540
10670
10620
10560
11020
10810
10640
12073
10690
10770
10439
10450
10600
12113
10539
11141
10620
10670
11040
10700
10450
10569
10580
10660
10770
10760
10810
10510
10630
10570
20579
10640
10650
10400
10750
10270
10159
14327
11191
11712
11211
10560
11742
11181
11952
10279
15139
10460
10149
11381
11662
11361
11070
11561
11621
11241
11071
11251
20699
11432
11462
11361
11762
11321
10240
10370
11131
11361
11351
11171
10650
10750
10791
11482
11391
11070
11191
11241
11291
11321
11772
11321
11372
11531
10169
10821
11141
11542
11341
11332
11632
11331
11421
11210
10400
11161
11251
11682
11412
11361
11541
11281
11311
11491
11401
11151
11341
11482
10240
10289
11392
10339
10359
11021
11632
11211
11282
11090
11201
11251
11151
11221
11281
11551
11582
11241
11231
11151
11161
11101
11151
11702
10559
10640
11201
11241
11261
11341
11271
11040
11241
11331
11121
11291
10590
10640
11281
11521
11251
11111
11452
11511
11201
11481
11261
11722
11422
13795
14046
11241
11191
10780
10630
8356
11832
11331
8266
11392
11111
8146
11552
11371
12914
10569
10911
10670
10550
8165
10771
10920
8326
11652
10290
8155
11281
11301
16070
8135
10700
11241
8075
11401
11381
11391
11181
11541
11031
10680
8426
11332
11331
11332
11342
11211
11211
10821
8015
11441
11361
11331
11341
11662
11782
10620
10730
10660
11100
8066
11271
11151
11171
10559
10590
11031
8366
10690
10870
10750
11391
10870
10460
10890
11210
10610
11231
11221
8095
11211
11131
8135
10359
11332
8266
11391
11221
8166
11451
11442
10339
11432
11241
11271
8055
11661
8526
10750
11411
10519
11081
10700
11140
11031
10750
10669
11111
10811
11131
10710
10780
10920
10890
10740
13365
10489
11191
10650
10841
10519
16581
10690
10801
10750
11031
10420
11161
10660
10841
10850
10810
10720
11130
10720
11171
10620
12243
10540
11221
10650
11091
11942
13565
10580
11021
10630
10900
11131
11371
10479
11101
11602
11661
10560
11021
10670
10831
10901
12063
10710
11021
10921
12384
11080
11011
10740
15148
11130
11822
11151
13045
10159
11632
35005
10369
11131
11291
11581
6122
10880
10239
10289
11562
11181
10559
11331
10169
11151
8226
11111
7995
11351
8015
11381
10800
10239
11371
11361
11191
11231
11322
10179
10230
11111
11412
11341
11401
10349
10269
11281
11151
11171
11412
11812
11391
11622
11050
11902
11251
13044
11281
11842
10359
11922
11211
11852
10379
14387
11632
10349
11352
11973
11291
10479
10941
11191
14247
10519
11972
11191
16702
11631
11190
10670
15469
11331
11802
11441
14307
10439
11792
11501
11592
11271
16821
10420
10720
11021
11331
11171
13466
11331
11312
11872
11492
11281
13746
11301
11341
12053
11391
11221
10740
10600
10479
12092
11141
11322
11882
10680
11241
10550
11472
11732
11421
11662
11180
11221
11742
11341
11461
11211
10490
10770
10510
10870
6171
10750
11291
10509
11332
10580
11271
6142
10821
11191
11322
11541
10520
11211
10590
11472
7494
10690
11151
10670
8025
10499
10750
13084
10630
10710
10710
11070
11341
10630
10780
10649
10750
11191
11040
10620
11131
11201
10630
10931
10680
6291
10960
10519
10891
10960
10620
10900
11151
10930
10629
14898
10710
10950
10890
10930
6062
11241
10900
11100
10790
11502
10860
10740
10579
11211
6162
10580
10449
10961
10390
10780
11251
10670
11291
10510
11632
10660
11562
10890
11461
10880
9217
11181
9248
9237
11241
10700
9016
10149
10820
8956
10550
10189
10640
9248
11582
10610
9197
8105
8947
11111
10439
10730
8897
11392
9197
10620
10299
10740
11802
10710
9067
11371
10710
9027
11241
9067
10920
11361
10840
9017
10499
9207
10450
11231
10920
11311
11081
10710
11221
11351
11371
10299
11041
10640
11181
10639
10810
10370
10830
11091
11451
10700
10539
10369
10650
9328
10420
9397
10931
11161
11121
10990
11221
10740
10620
10519
10880
10610
10379
10800
10630
11241
10710
11061
11401
10620
10490
11331
10490
10580
10450
6102
10760
11241
10750
12093
10499
11351
11151
10580
10700
11672
10690
11372
10720
11471
10740
11231
10589
11281
6372
10790
11201
10760
11282
10750
11261
10500
11251
10931
11442
10660
11452
10660
11150
10559
11431
10600
11412
6082
11581
11201
11531
10560
11171
6081
11342
10610
11101
10900
11331
11111
10700
11552
10630
10771
11251
10880
10640
10269
11041
10770
11251
10499
10810
11391
10590
10670
11561
11161
10610
11241
10660
10840
10640
10771
10570
11261
10640
10840
10580
10981
10480
11171
10580
10710
10720
11181
16501
10570
10720
10860
10630
11111
10790
10650
10881
10670
10590
10911
10640
11131
10680
10800
10490
10620
11031
10860
10600
10720
10660
10750
10570
10670
11070
10720
10589
10510
10860
11171
10931
11482
10599
10760
10720
11612
10570
11011
10730
10690
11121
10630
10640
10660
10540
17172
10620
11101
10610
10700
10519
14336
10770
10720
10780
11372
10900
10680
10891
10830
10650
11492
12924
15259
10630
10680
11682
10570
10630
11973
10639
10510
13265
10479
10680
11762
10569
10640
11992
10690
10539
10700
10640
10791
11692
10710
10640
11020
11021
10540
11892
10610
10720
13555
10670
10821
11872
10650
10790
14007
10499
10750
11652
11071
10800
11952
10509
12443
10760
10891
15599
10951
11882
10520
11061
11581
10549
10630
11321
10670
11261
10710
10569
11321
10720
10670
11251
10911
13275
11080
10469
10280
10530
10730
11251
11151
10610
6092
10931
10479
10640
10890
10600
10650
10610
10670
10820
10660
10650
10870
10510
10560
10590
10470
10630
11151
11100
10670
10680
10640
11070
10630
10821
10459
10880
10500
10620
10620
10840
10630
10871
10970
10560
10770
10700
13225
11001
10730
10620
10930
10380
10920
10930
10539
10780
10870
10730
10569
10900
10720
11030
10800
10690
10600
10570
10569
10731
10780
10790
11101
11101
10780
11000
10740
10680
11161
11051
10530
10650
6261
10830
6272
10600
7284
10660
5651
10670
6241
10649
5680
10629
6261
10770
6152
10570
6151
10810
6332
10800
6282
10449
7484
10800
5791
10910
6402
10519
6302
10509
5851
10670
6321
10620
6562
10650
6392
15288
6302
11030
6181
10760
6272
10540
6322
10590
6352
12122
6231
11080
5600
10609
6171
10660
5631
10670
6352
10530
6222
10810
7104
10599
5720
10590
6342
11953
6261
10680
6222
10690
6412
10730
5671
10860
5620
10710
6292
10700
6292
10860
6452
10540
6251
10750
6342
11021
6372
10650
5701
5641
10931
6192
10761
10530
6322
10610
6302
12083
6211
10549
6231
11531
5620
6402
10520
6232
10499
5730
10761
6232
10740
6222
10660
5711
10509
6312
10610
6212
22763
5991
5711
11451
6131
10540
5831
6212
10640
6141
10690
6262
10700
6171
11051
5611
5550
10910
6281
10569
6162
10549
6522
10660
5630
6212
12103
8145
11111
6452
10820
6332
10911
6302
10900
5621
10850
10801
10590
10740
10679
10960
10610
10670
14197
11271
10710
5681
10800
6232
10880
6292
10770
5681
6162
19967
6261
10660
10590
6161
10760
10820
6262
10590
6322
11001
6442
10911
6312
10690
6342
10650
6252
10820
6312
10700
5711
6492
10680
6242
10670
6161
25327
6091
6332
10730
6151
10630
6302
10440
5781
6262
10700
6182
10710
5660
5631
10630
6201
10650
5741
6192
10630
6452
10620
6222
10941
5781
6272
12373
6282
10920
11021
10780
10650
10810
10580
11021
12353
10990
13034
10800
10891
10740
10720
10881
10540
10700
10489
10770
10890
10680
10670
10750
11241
10740
10941
12964
10590
10700
10811
10590
10670
10730
11031
11241
10710
10860
10640
10830
10850
10630
10550
10790
10770
10660
10650
10600
10730
10570
10880
10540
10781
10640
10630
10610
10580
10970
10861
10780
10960
10540
10810
10931
10840
10970
11442
13425
12603
10770
20047
10850
10680
11071
10680
10820
10640
10800
10881
10920
10790
10740
10790
10620
10640
10620
11131
10660
10850
10790
10931
10830
10690
10970
10680
10840
10860
12393
10800
11040
10580
10560
10890
10690
10620
10720
10579
10760
10650
10680
10600
11161
11191
10850
10880
10620
11021
10680
10830
10670
11041
10780
10620
11051
10921
10751
10780
10560
10720
10750
10650
10630
10860
10850
10630
10861
10670
10710
10589
10870
10650
10740
10910
10750
10840
10620
10660
10881
10499
10650
10880
10790
10840
10771
10800
10820
10540
10720
10680
10670
10620
10740
10690
10549
10750
10710
10660
10820
10660
10560
10620
12424
10609
10710
10730
10851
10811
10680
11070
10549
10721
10730
11031
10791
10730
10700
11041
10630
10880
10600
11061
10981
10800
10690
11301
10780
11141
11151
10790
10800
10890
10550
10820
10760
11201
11091
11061
10650
13726
10730
10720
10620
10750
10670
11090
10690
11782
10670
10951
10821
10860
10479
10930
10960
10871
10650
10610
10790
11231
10960
11692
10560
10540
10901
11010
10650
10830
10770
10509
10520
10550
11090
10791
10650
10690
10900
10670
10720
11251
10910
10760
10700
10740
10680
10920
11001
14186
10610
12053
10670
11922
10620
10560
10871
10850
10730
10580
10990
11471
10801
10750
10981
10770
11061
10760
11010
10690
10700
10981
10820
10800
10620
14688
10840
10900
10519
11001
10921
10680
10660
10881
10660
10790
10910
10770
10801
10629
10860
10780
10981
11121
10670
10710
10650
10710
11622
10620
10760
10620
11051
10710
11531
10991
11090
10700
11040
10850
11271
10990
12484
10630
10921
10890
10589
10720
12854
10790
10870
11150
10850
10960
11050
10710
10781
10639
10830
10600
10910
10550
10760
10629
10669
10690
10810
10750
10980
10941
10519
10790
10670
10690
11481
10670
11060
10620
10700
10820
10720
10790
10560
10569
10930
10520
10610
10549
11141
10560
10950
10800
10900
11261
10690
14978
10750
10590
11031
10810
10831
10990
11071
10760
10710
11551
10640
10830
11161
10730
10990
10740
10740
10740
10640
10540
10710
11060
10680
10830
10670
10780
10570
10700
10861
11582
10680
10640
11612
10920
10900
10810
11011
10570
10740
10970
10650
10569
10800
10479
10780
12734
11111
12503
10670
10500
10600
10840
10670
10700
10930
10991
10690
10600
10540
10861
10740
10871
11090
10770
10760
10660
10870
10589
10911
10670
11381
10690
12433
10559
10640
10650
10920
10690
10730
10810
10740
10609
11061
10630
11452
10549
10459
11071
11241
10930
10680
10670
11181
10580
10590
21720
12763
10660
10670
10850
10760
10700
10680
10750
13916
10620
10760
10801
10700
10590
10790
10911
10630
10750
11040
10831
10710
10810
10891
10720
10790
10650
11151
10520
10830
10560
13816
11171
10760
10630
10540
10710
10559
10700
11261
10669
10680
10690
10780
10951
12814
10730
10599
10730
11090
10470
10500
10530
10590
10330
10219
10970
10029
13515
9858
10009
9879
9638
9749
9878
9498
9518
9708
9458
9277
9277
9157
9297
9067
8867
8847
8757
8706
8576
13525
9658
8546
8386
8315
8235
8736
8055
8005
8345
7895
7945
7705
7604
7494
7444
7484
7494
7474
9338
7404
7304
7294
6963
7765
6943
6873
6702
6752
6633
7343
6512
6552
6181
6282
6001
6161
5971
5851
6011
5741
5640
5971
5470
8717
5520
5501
5269
5190
5130
5140
7705
5109
5170
4809
4669
4679
4548
4558
4559
4448
4338
4268
4298
4879
4248
4068
4458
3797
3887
3857
2164
3587
1863
3557
1873
3417
1783
3266
1814
2896
1663
1603
1573
2816
1422
1563
14316
1382
2484
1332
2655
1293
2195
1192
2084
1122
2073
