992
21831
10519
10289
10580
10500
11151
5700
10380
10620
11561
11502
10740
11031
11040
10780
11091
11231
10820
10871
10870
10970
11001
10730
10890
10861
10931
10860
10901
11010
11060
10770
10900
10850
10880
10981
10880
10830
10920
10810
10840
10800
10930
10910
10800
10951
10950
10800
10930
10901
11171
10871
11141
10890
10840
10710
10861
10930
10840
10861
10860
10870
10910
10751
10880
10781
10890
11342
10720
10790
11030
10810
10981
10890
11050
10720
10800
5751
11000
5771
10830
10850
10880
10860
10780
10931
11221
10730
10980
10851
10890
10870
10940
10831
10780
11883
10820
10940
10820
10730
10870
10770
10860
10830
10890
10781
12263
10810
10811
10810
10750
10731
10750
11000
5701
10780
9167
5831
9237
10941
5821
11572
10770
10841
10850
10710
12654
10910
10810
10700
10910
10910
10841
10770
10670
10911
10830
5700
10840
10871
10670
10560
10520
10830
5621
10710
10861
5701
10299
10370
11622
11261
11872
10830
10730
11100
10670
5701
10620
10881
11361
11261
11402
10610
5601
11622
10530
11472
10540
11451
5681
11291
11331
11482
11321
11261
11200
11311
11271
10379
10560
11582
11411
11322
11491
11372
11301
11372
11442
11401
11552
31338
8235
11522
10891
11171
10720
12524
11461
10610
11211
10931
10800
11561
10891
10911
11251
9307
10620
11612
10770
11571
11371
9257
10900
11351
10710
11331
11021
11341
10821
10710
11592
10690
11472
11492
10800
11201
11492
11181
9418
11401
9177
11401
9157
10780
11512
10951
11231
11531
10669
12494
11401
10961
10640
11612
10820
11331
10720
11010
11511
9218
10750
11422
9178
10890
11702
10760
11392
10770
10810
11431
10720
11211
11472
9408
10780
8236
9107
11652
10520
11241
10860
11511
11341
18394
10911
11732
10800
10920
11351
11341
10770
11401
11352
12544
11261
11391
10811
10770
10650
11712
11442
11471
10649
11461
11281
10600
11422
11371
10810
11482
11362
10911
11261
11411
10980
11461
11361
10720
10870
10770
10810
11471
11591
11541
11191
11321
11401
10731
11451
83456
10970
10339
13335
10851
11441
11412
10970
10590
10379
10760
11291
11371
10860
11401
11572
10870
11451
11382
11352
11512
10770
11451
11562
11561
10610
10720
10760
10590
10790
10851
10931
10850
10730
10850
10871
11031
10840
13205
10930
10770
10780
10820
10831
10820
10690
10740
10911
10750
10840
10780
6121
10649
11120
11332
11602
10640
10721
10630
10831
10870
6352
11391
11572
11492
11512
11461
10720
11050
10680
10820
12844
10640
10891
11111
10700
10670
11611
10981
10770
11391
10780
12122
10750
10720
6301
12443
10871
10750
11392
11312
10850
10950
10921
10740
11031
11040
11442
10740
11221
11362
10730
11361
10419
10389
10770
11201
11291
10860
11702
11482
11000
10469
11802
10870
11391
11702
11251
8286
11462
9218
11321
9228
10840
10810
10860
10640
10881
10930
10800
10891
10620
10931
10760
10860
10840
10991
10720
10880
10740
10710
22422
10600
11351
10910
11000
10720
11010
10670
11371
11321
10881
11471
11521
11301
11472
11421
11481
10880
11391
11562
10800
11362
11482
10860
10379
10439
10770
11682
11451
11662
10830
10951
10970
10930
11491
11261
10911
10560
10590
10840
11431
10770
11571
11582
11071
11301
11482
10880
10369
10429
10710
11441
11371
8226
8376
11611
8396
10730
5691
10790
6212
10710
5720
5781
10780
5821
10720
6271
10670
5741
10840
10811
5611
10740
10960
5780
10760
10639
5760
6312
10780
6301
10850
5801
5811
12032
5771
10489
5690
10750
6302
10781
5801
10780
5721
10971
6432
10890
6291
10860
5750
10600
6282
10840
5771
10870
5881
5821
5751
5801
13516
7734
10730
10700
5881
10970
5831
10791
5641
6291
12313
5761
10750
5751
12474
6312
10590
6202
5661
11121
5691
10650
5921
10840
5751
10810
10961
6202
11020
6392
10780
6402
10920
5570
10630
6211
10800
6162
10791
5811
10780
5791
10830
5650
5700
5751
10870
5851
12223
6432
10870
5651
10911
5951
5540
10850
6432
10680
6251
10790
5741
10760
5861
10951
10930
5791
10821
6352
10931
10831
10850
6152
12023
10840
11502
10670
10810
10680
12113
10610
10950
6221
10910
10690
10950
10820
10710
10970
10700
10880
10740
12454
10820
5540
10620
10820
10910
10800
10700
10800
10660
10800
10659
10940
10820
10760
10820
10870
10901
10880
10840
10499
10590
10680
12283
10740
10710
12183
10679
10890
12303
10830
10771
11021
10700
10961
10590
10770
10660
10921
10930
10680
10830
10811
10710
10790
10801
10659
10931
11020
10740
10660
12153
10780
10519
10649
10650
10600
10740
10870
10800
10790
10870
10590
10740
10770
10770
10730
10800
10710
10780
10470
10690
12023
10801
10760
10770
10669
10891
10870
10740
10840
10900
10510
10800
10700
11030
10720
10730
10810
10880
10781
12303
10740
10931
12453
10810
10851
10850
10931
10760
10960
10861
10820
10720
10990
10620
11041
10831
33733
10710
10840
11111
17583
10670
10770
10660
10990
10850
10980
10650
11101
10870
12623
10690
10830
10640
10971
11522
12083
10740
11000
10670
10740
10750
11922
10930
10980
10630
10760
10670
11091
11001
10680
10950
10871
11281
11582
10891
10811
10851
11041
10730
10630
10660
10781
10640
10880
10730
10900
10760
10881
10710
10831
11011
10751
10630
10840
10750
12554
10940
10800
11211
10980
10811
10610
10790
10770
10850
11081
10629
10840
10771
10770
10680
10901
10750
10870
10960
10831
10790
10870
10980
11001
10760
10840
10630
12353
10760
11491
10690
10770
10640
10881
12834
10970
10770
10700
10720
10960
10750
11151
10730
10970
10610
11311
11181
11472
10830
12703
10510
10820
10831
10830
10730
11111
12123
10950
10780
11241
10580
10760
10730
10741
10910
10810
10539
11251
10730
10851
10700
10780
10760
10951
10860
11191
10980
10741
10690
10740
10720
10630
10550
11492
10650
11522
10590
10800
10690
10920
10981
10890
11802
10850
10720
10820
11171
10730
11812
10751
10791
11031
11822
10961
10750
10630
10820
10800
11031
10830
10810
12904
10870
10921
12193
10640
11061
11171
10670
10670
11061
10650
10620
10951
10800
10850
10770
10720
11091
10750
10761
10831
11542
10860
11441
10810
10820
11983
10821
10760
10840
10941
10830
11021
10649
10820
10790
10720
10700
10730
10990
23063
11171
10861
10900
10770
10840
10700
10710
10941
10970
11181
10850
10841
10710
10630
11301
10800
11471
10900
10880
10891
11020
10630
10730
10820
10730
10510
11000
10981
10520
10560
10781
11021
10820
11191
11661
10790
10750
10569
10931
10770
11301
10650
10860
10690
11522
10780
10810
11211
10730
10700
11772
11090
11161
10881
10791
10810
10629
10881
10680
10941
10720
10880
10751
10921
10811
10650
10770
10750
6191
10650
10770
10831
10860
10690
10790
6181
10660
10991
11071
10931
5490
10569
10921
10761
10630
10831
10830
10830
6211
10940
10940
10650
6142
12403
11011
6131
10549
10900
10670
10690
10750
10720
10781
11061
10740
10550
10730
10660
10891
10740
10760
10750
10890
10560
10760
10650
10620
10980
10860
12243
10619
12323
11451
6201
13205
11261
5640
10400
6713
11442
6302
11472
6181
11421
5560
11351
10951
11512
12393
11421
10910
11271
12393
11331
10920
10620
11141
10690
10529
10360
10850
10529
11551
11130
10390
10299
10930
11452
11352
12053
10610
11101
11591
11301
10860
11331
11481
11001
11381
10309
10891
11371
10941
11502
10450
10960
10230
11452
10740
11441
10570
10680
11321
10891
11371
11422
11492
10359
11422
11381
11472
10449
10550
11441
11291
11271
11301
13034
11401
11271
11341
11251
11412
11321
11581
11742
11221
11311
11210
10590
10400
11672
10159
12152
11391
11311
11541
10900
10329
10319
11361
11090
11241
11532
10730
11462
11161
10690
11331
11431
11312
11432
11461
11461
11401
11492
11641
13235
10981
10319
11301
11331
11351
11721
11211
10609
11191
11652
11351
11651
10951
10309
11401
11431
11592
11331
11311
10500
11532
11371
11521
11361
11372
10941
11191
11221
11922
10309
11261
11201
10289
11411
11351
11522
11000
11441
10810
11461
11191
11301
11371
11421
11492
10600
10289
10038
10339
11342
11501
11241
11181
11321
11702
11391
11291
10450
11301
11461
11471
12945
11381
11522
10329
11201
11431
11281
11682
11582
11281
11281
11311
11471
11211
10800
10780
10439
10690
10861
11552
10811
10730
10800
11441
10800
11211
11481
11231
11622
11612
11231
11422
11412
11472
11491
10429
10450
11261
12093
11251
11432
10429
12994
10509
11381
11251
11431
11241
11361
11441
8156
13175
10690
10490
11402
11351
11542
11351
11311
10610
11261
11722
10419
11632
11632
11401
11402
11431
11602
11552
11482
11451
11401
10289
11241
11301
11662
11412
11311
11381
10810
10730
10339
11452
11702
10370
10500
10480
11231
11511
11622
11221
10590
11351
11531
11271
11622
11622
11301
10690
10550
10399
11391
11301
11251
11411
11452
11562
11321
11502
10500
10369
11251
11462
11331
11802
11221
11321
13515
10981
11421
10370
11271
11241
10360
11461
11331
11401
10650
10830
10469
11311
11161
11352
11581
10479
10860
11262
10680
11351
11441
10650
10450
11972
10811
11281
11452
10870
10720
11291
11100
10619
11361
10900
10359
11382
10930
11341
10810
11231
11341
10820
11431
10269
10880
11501
11291
11291
10870
10480
11512
10810
11261
11241
10880
11392
11361
10900
11371
11140
11622
11372
11131
11301
11381
11412
10970
11502
11602
10489
10519
11371
10800
11271
11281
11401
11551
11412
11311
11562
11512
10690
11471
11441
10750
11451
11432
10980
11251
11531
11050
11461
10430
11522
11141
10199
11292
10730
11221
11521
11923
10450
11391
11070
10410
11361
10851
10329
11471
11301
11452
11371
10890
11311
11452
11491
11251
10350
10510
11542
11412
11381
11191
11261
11561
10359
11301
10650
11532
10891
11130
10420
11351
10730
11422
11381
11472
11071
11452
11421
10881
11151
11341
11612
11331
11441
11441
13285
11371
11592
11541
11391
11291
10469
10340
11501
11481
11371
11361
11231
11311
11431
11371
11441
11241
11592
11642
11752
11942
10420
10489
11130
12052
11321
11702
11331
11882
11431
11301
12112
11602
11311
13405
10319
11892
11231
11392
11932
11472
11431
16972
11421
11241
12023
12794
11842
11361
11301
11301
12734
12053
11391
11542
11762
11431
11341
11842
11292
11862
11352
11481
11872
11612
11231
12063
11491
11522
11842
11221
11762
11231
11502
11822
11331
11442
12303
11371
11842
11311
11873
11301
11852
11261
11191
15269
11611
11401
11823
11572
11892
11342
11312
11892
11301
11321
11882
10339
10329
11541
13095
11191
11602
11431
11412
11372
11461
10399
11542
11191
10770
10610
11482
11251
11451
11501
11341
10229
11612
11291
11331
11632
11312
11231
11301
11351
11452
11431
11311
10419
11712
10629
11672
11301
10710
12042
11331
10760
11271
11402
10509
11261
10900
11351
11381
10900
11432
10620
10880
11261
10430
10780
11452
11412
11411
10780
11331
8216
10790
10840
9428
10751
11742
11772
10710
14086
10840
10750
11241
11762
10790
11722
11291
10760
11311
11983
10791
11331
10941
11842
12914
10780
10870
12974
11661
10650
11321
10670
10700
11381
11562
10530
11482
11160
11461
11461
11952
10309
11992
11301
11281
11622
11281
11331
11111
11502
10560
11492
8356
11471
11762
10480
10570
10510
10510
10419
10489
10460
11291
11671
10340
10569
10510
11311
11511
10289
10309
11111
11371
11262
11431
11421
10380
11522
11191
10429
10349
10259
11672
11572
11322
10460
11421
11532
11501
11231
11561
11291
11101
11452
11301
11392
10510
10460
10730
11401
10781
11321
10399
11482
11491
11412
11242
11442
11311
11261
12003
11672
12613
11451
11312
11682
10400
11271
10790
11251
10409
10931
10409
10580
10519
11742
11622
10600
11481
11402
11341
11221
11231
11621
11331
11732
10680
10419
11461
11402
10430
11371
11301
11491
11402
11241
11762
11461
11201
11421
11341
10620
11492
11601
11362
11541
11171
11281
11351
11562
11381
10449
10689
10239
10810
10560
11371
11271
11291
11582
12263
10189
13355
11221
11311
10520
11421
11311
11492
11521
11592
11421
11481
10440
11361
11592
10430
10530
10730
11912
11190
11301
10590
11271
11471
11391
11392
11481
11452
10399
11482
10530
11361
11431
11371
11401
11391
11462
11482
11191
11612
11451
11411
11361
11532
10390
11501
11531
10579
10559
11061
11482
10379
10610
10710
11201
11822
11362
11211
11461
11612
10580
12132
18785
10680
11531
12012
11582
11572
10589
10539
11431
11291
11512
11842
10309
10460
11792
10450
11822
11271
11401
11231
10851
11943
11972
11622
11822
11261
11522
10880
11191
11672
11141
11572
11602
11612
11401
10770
10710
10590
11221
11441
11752
10850
11020
10460
11752
11462
15189
11351
10570
11441
11872
10289
11652
10910
11151
11501
12122
11441
10530
11371
11702
11461
10910
10430
11301
11531
11792
11241
11752
11291
11341
11482
11051
14597
10279
14176
11461
10880
11812
12844
10970
11521
10800
21170
10660
10730
12994
10369
10560
12834
12072
12443
11692
11451
10841
11531
11892
11872
12874
11641
13064
11372
11141
11431
11712
11281
10690
13065
10910
10309
11342
11191
11291
11602
11281
10619
11422
11261
10690
11482
10640
10420
11392
11281
11361
11923
11391
11442
11261
10559
11431
10430
11261
11392
11271
10409
11451
11371
11462
11622
10329
10670
11501
20839
11391
10459
11592
11552
10329
11522
11341
11582
11472
10380
10390
11522
11481
11372
11601
10480
10640
11241
11331
11361
11471
11341
11882
11541
11331
10399
10620
11582
11441
11171
11512
10479
10660
8195
10159
10429
11612
11412
10359
10430
10240
11622
11371
10550
10499
10500
10390
11432
10710
11461
11361
10340
10259
11281
11392
10330
10550
11321
10840
11291
11221
10670
10880
11712
11231
10499
11231
10420
11341
11191
11472
11251
11491
11391
11672
11402
11562
11672
11401
11492
11351
11522
11341
11502
11211
10340
11281
11571
11401
10660
10520
11392
11311
10800
10590
10810
10620
10410
11381
11311
11953
11522
10419
11271
10389
10519
10219
11321
11351
11442
10620
11592
10510
11592
11441
11532
11542
10499
11341
11521
11211
10720
10389
11432
11472
10619
10350
10410
11572
10630
10730
11251
11512
11311
11110
10369
11361
11561
11612
11311
11391
11311
11291
11231
12012
11612
10419
11371
11261
11572
11321
10720
11371
11592
10490
11572
11281
11462
11492
11291
11221
10389
10290
11321
11531
11552
10480
10620
10660
11582
10560
10610
11111
11611
14908
11231
10359
8295
8246
11241
8856
11422
11451
11271
10860
10619
10649
11081
11261
16200
10540
11531
11973
11391
11602
8025
11792
8265
11792
11481
5721
10480
11502
11341
11251
8175
11742
12163
11181
11451
11181
11501
11271
11712
11462
11481
11281
10440
10269
11552
11481
11582
12944
11261
11491
11342
11021
11200
10509
11191
11351
11561
11231
12013
10610
8336
10450
11251
11311
8155
11031
10740
8255
11722
11201
8205
11552
12904
8196
11641
11442
8085
11071
11391
8085
11261
11342
8065
11301
11472
8025
11210
11362
8095
11421
11031
8155
11641
11201
8485
11611
11491
8245
11281
11391
11431
16702
10930
11662
11271
11311
11611
11342
11321
15148
11632
11862
11231
11341
19766
11392
11842
11491
11782
11672
12023
11391
11822
11271
11171
13796
11421
12424
12043
11201
11501
11712
10349
10450
12233
11361
11371
11842
10921
17553
12243
12854
12554
10901
12262
11702
11100
11832
11221
11451
11401
11101
11402
11622
11281
11842
11612
10440
11982
11371
11301
11261
13495
11571
11702
11411
10239
11842
11662
11281
11752
11501
11311
11381
11742
11381
11702
11231
10509
11191
12363
10560
16100
10710
11421
11542
11611
11361
11892
11381
11481
11221
11862
10260
11772
11742
12193
11351
11782
11521
11852
11432
11441
11231
11711
11842
12163
11421
13325
11241
11491
10550
11782
11301
11391
11852
11190
11311
11321
11732
11251
11531
10259
11721
11361
16651
11351
11902
11431
14357
32170
11161
10680
11311
10760
11141
10790
13035
10950
11141
10800
10940
10820
11211
12162
10990
10750
11461
10750
11120
10670
11161
10720
11111
10800
11151
10640
12693
10660
12784
9428
11241
12192
14827
10810
16230
10610
13966
10590
14036
10720
11080
10840
9218
10940
13856
10810
11020
10600
13385
10800
15549
10760
11241
10780
12162
10760
14256
10930
11031
10780
11031
10610
13265
10630
11121
10790
10700
10650
10730
10791
11011
11171
10720
10589
10430
10730
14367
11191
17222
11412
16300
10680
11020
10810
12523
10600
12032
11441
16661
10880
16010
10479
14768
10640
10840
10880
14968
11081
15930
10890
11040
10830
10520
11612
11611
10410
11592
11502
14738
11201
11882
11461
11292
11341
8215
11191
11472
8115
11401
11311
8206
11391
10700
11010
10369
10710
10700
11502
10740
10630
10440
10980
11171
11512
11381
11331
11321
11492
11211
11291
11261
11231
11471
10670
10770
10349
11080
11041
11251
10870
10961
10329
11282
11211
11381
11752
13255
11231
10249
11141
10579
11231
11221
11061
10750
10460
10279
11151
11131
11471
11412
11441
10149
11361
11251
11622
10580
10880
10289
11822
11591
11241
11321
11371
10249
11061
11361
11301
11622
11351
11482
11672
11251
10470
11252
11431
11281
11281
11412
11161
11371
11692
11993
11471
10370
10460
10119
10329
11311
11642
11181
11221
10509
10369
11241
11662
8125
11471
10410
10740
9458
10539
8195
11502
8045
11322
8426
10860
11662
11171
8005
10479
7984
11251
11061
11030
8185
10530
8105
11352
11271
11301
8236
10439
11261
8185
10179
11261
11792
11201
11993
11582
11392
11071
11342
11552
11792
11521
15198
11412
11492
11542
11621
11412
11822
11392
11822
11442
11561
11121
11312
11592
11562
11351
11922
11201
11221
11341
11732
11281
12063
10640
11151
10630
11171
11331
11802
11431
12814
11221
15179
11401
11452
11331
11681
11211
13606
11601
11261
13976
11141
11641
11291
11271
10420
10610
11081
11651
11311
11431
11651
11752
11231
10840
10369
11191
11322
13546
11682
11672
11301
11401
11211
11581
11361
16972
11381
11371
11932
11231
11261
11281
11602
11371
15159
10510
11101
11442
11161
11271
11251
11752
11922
12183
11361
11171
11602
11371
11962
12694
11261
11651
11402
11431
12934
11361
11712
11241
11913
11381
11512
11291
11462
13876
11341
11151
12393
11341
11211
11701
11221
11582
11472
11491
11151
10780
11341
11622
11231
11652
11231
11692
11231
11802
11221
11722
12754
11341
11161
11241
11822
11051
11272
12864
11501
11071
11792
11301
11050
11091
12032
11341
11462
11431
11923
11211
11432
11221
11642
11252
11491
11421
11942
11452
11621
11080
11511
11511
11261
11441
11482
11292
11281
11472
13776
11442
11431
11612
11381
11452
11191
11432
11331
11241
11181
11251
11441
11311
10279
10389
11201
11111
11401
11361
11602
11521
11402
11602
11321
11492
11271
11381
11411
11342
11381
13526
11291
11241
11181
10339
10319
11241
11621
11151
11261
11391
11190
11351
10991
11331
11331
16201
11341
11661
11241
11371
11671
11532
11331
11171
11481
11432
11491
11311
11682
11311
11381
11381
11512
11742
11301
11291
11421
11531
11352
11682
11231
11742
11241
10710
10690
11381
11151
11382
11261
11622
11251
11662
11391
11391
11241
11362
11110
11351
11161
11542
11201
15078
11471
11622
11281
11331
11431
11682
11321
11211
11311
11311
11501
11431
11461
11401
11311
11332
11271
11452
11211
11191
11972
11411
11231
11231
12894
11291
11331
11351
11041
11211
11532
11282
11602
11382
11231
11171
11331
11361
11071
11281
11372
11622
11321
11312
11351
11080
11601
10570
10630
12774
11491
11321
11311
10509
11641
11521
11291
11372
10529
11191
11832
11050
11201
11372
11642
11421
11322
11301
11492
11432
11271
11381
11251
11382
11392
11281
11382
11571
11271
10459
11251
11442
11191
11081
11231
11191
11381
10319
11261
10580
10259
10459
11181
11291
11421
11401
11211
11471
11111
11111
11271
11271
11141
11301
11451
7995
11231
11100
11141
11642
11131
11241
11251
11471
11341
11381
11672
11502
11091
11402
11211
8035
11411
11120
11381
11502
11352
11261
12002
7985
11171
11351
11993
11110
8185
11361
11321
11332
11081
11491
7905
11451
11341
11311
11371
8265
11241
8516
11221
11532
11311
11692
11281
8126
11271
11351
14337
11211
11561
11051
11391
11381
11612
11341
11421
11111
11421
11541
11271
6132
10519
11381
10971
12143
6091
10689
11322
10720
11492
8035
11281
11241
11321
11351
11421
11401
11321
11281
11161
11191
11291
12103
11311
11311
8095
11542
11462
8065
11301
8125
13875
10760
11512
11221
11281
11441
11301
11281
11201
11352
11191
11271
10369
11141
11261
11532
11672
11121
11211
11321
11441
11401
13475
11091
11141
11291
11251
11341
11351
11091
11341
11171
11041
11101
11211
10981
10490
11041
10360
11241
13075
11381
11261
11321
11261
11211
11181
10549
11511
11502
10981
11331
11211
11401
11532
11351
11201
11311
11371
11371
11261
11050
10790
10489
11501
11361
11382
11071
11291
11782
11362
11401
10239
11481
11522
12764
11251
11081
12995
10910
13004
10249
11050
11371
12884
11451
11271
12914
11251
10199
11311
11502
12975
11321
11361
11492
10340
10470
10339
12854
11622
12994
11492
11371
13005
11451
10269
11351
11392
13065
11231
11361
13295
10609
12213
12914
11381
11151
10229
11191
13055
11261
11411
11201
12974
11432
11181
10289
11812
11141
11311
10429
11121
10370
11291
11391
12884
11151
11171
11421
11412
12884
11141
11531
10139
10379
12223
11371
11361
11161
11161
11441
13676
10309
11111
11141
11561
11021
10750
11171
11201
11301
11382
10369
11261
11261
10309
11111
11311
11261
10290
11361
11451
11361
11001
11472
10249
10369
10550
11231
11431
11391
10810
11862
10249
14847
11221
12864
11842
10329
11321
11171
11131
11221
11522
11562
12012
11271
11191
10670
10169
10299
11351
11241
10440
11342
11110
11291
11732
11201
10660
11150
11141
10149
11281
11381
11151
12763
11552
11352
10489
11261
11351
11491
10429
10270
10520
11872
11101
10349
11381
11401
11181
10911
11782
11371
10900
11351
13075
11221
11191
10860
11151
12073
12934
11020
10219
10950
11161
11371
11482
11161
11521
10389
10419
10470
11181
11211
11782
11402
11431
11853
11652
10450
11281
11541
11261
11491
11401
11342
10360
10449
10229
11371
11201
11141
11041
11442
11311
10199
11090
11221
11451
11371
11101
11322
11111
10289
11451
11411
11702
11161
11411
11381
13395
10429
11842
11261
11532
11221
11351
11201
10339
10300
11001
11231
11461
10259
11251
11251
11201
11100
10369
11301
11251
11421
10509
11501
11311
11391
11311
11471
10730
10660
11111
10570
8025
10329
11231
11341
10520
11191
11251
11061
11081
5831
10890
10129
8215
11261
11141
10290
10530
11021
8135
11231
11251
11321
10620
11312
10359
8707
10420
10450
10389
8206
11221
11452
11161
11512
11291
8466
10981
10329
14637
10359
10099
10380
11341
11441
11491
11281
8346
10390
8065
11312
10530
11261
8155
11491
11181
11402
10680
11191
11230
11611
11341
11211
11371
11231
11111
10369
10559
10310
10199
11131
11812
11211
11352
11362
11321
10950
11071
10179
11180
11481
11361
11221
11452
11251
11201
11512
11241
11291
11191
11361
11482
11110
10309
11020
10549
11371
11271
11631
11181
10520
12734
11601
11040
10260
11712
11411
11161
14307
11291
11271
11251
11291
10640
11271
11361
11262
11150
11361
11271
11161
11341
11291
11561
11272
10399
11210
11271
10990
11381
11301
10519
11271
11391
10389
11191
11411
11802
11391
11311
11581
11301
10379
11321
11271
11421
11321
11571
13986
10600
10860
10330
11291
10239
11231
11231
10210
10439
10179
11391
11131
11221
11321
11241
11361
11581
11241
11241
10149
11722
11211
11321
11331
11692
11181
11361
12253
10149
11501
11271
11491
10540
10940
10359
11281
11221
11181
11261
11381
11311
11211
11421
10260
11011
12413
10569
11291
11120
11551
11120
11221
10169
11622
11601
11331
11261
11261
11151
11541
11131
11521
10389
11372
22773
11372
11432
11371
10379
10500
12023
11331
11631
11151
11481
11412
11241
10850
11191
11451
11241
11312
10249
10129
11241
10971
10620
11231
10610
11091
12884
11291
11391
13204
13035
11372
11131
10359
11351
10529
11372
11331
12954
11321
12934
12734
11100
11241
11401
11101
11552
12724
11401
10540
10239
11211
11572
11381
11382
12964
12864
11361
11501
13044
11361
10429
12864
11371
11251
12814
11271
12954
11422
11581
11221
13125
11391
11191
11863
11261
8316
11481
11171
11211
11201
9497
12684
11542
11561
10740
10880
11241
11852
11241
11772
10329
11671
11281
11692
11482
11903
10209
11642
11611
11201
11481
11732
11391
11652
11391
11992
11632
12804
11361
11541
11401
10389
11221
17583
10309
11722
11432
11913
12473
13314
11402
10339
11401
11782
11181
11141
8306
11231
11311
10370
11301
8115
11261
11251
8316
11331
8255
8125
11181
8175
9197
10169
9168
10650
11312
10449
8266
10649
8435
11282
11251
5591
9148
10240
7995
8085
11331
11181
11291
8416
11711
10610
11081
15268
11772
11532
11021
11741
12834
11251
11511
11482
11301
11281
12063
10159
12123
10830
11331
11662
11051
10299
11962
11191
13916
12113
11141
10800
11722
10199
11542
11331
11943
11291
12002
11271
10469
11341
11602
11361
11672
11161
11321
11020
10951
10169
11671
11592
13355
11071
11652
10249
11241
10770
11622
10680
11682
11281
10350
11201
12102
11281
11832
11141
10329
11211
11562
11221
11622
11171
11782
11181
11652
10189
11441
11271
11782
13835
11792
10961
10239
11301
11702
11261
16211
10770
11311
12784
11421
10199
11862
11331
11592
11221
14878
10630
10129
11521
10410
11211
10349
11331
11351
11331
11331
11291
11070
11302
11201
11241
10499
10229
10350
11281
11421
10329
11161
11301
11341
11231
11261
11531
11361
11311
11221
11100
11151
11041
10761
11452
11131
10490
11161
11191
11702
11462
11201
10580
11381
11381
10429
11391
11261
11311
11391
10370
10950
11201
11251
11482
11472
11091
11562
11311
11151
11291
8326
11752
11191
11271
10309
11211
11502
11682
11562
11221
11301
11602
10269
11501
11572
11322
6262
10680
10229
11281
11171
11241
8305
11170
8335
11351
11141
11301
8526
11402
7975
11281
10359
11491
8215
11271
8205
11261
8186
11261
11481
10840
10419
8095
10310
8576
12213
11302
11271
11361
11231
11411
11342
10810
11301
11422
11351
5581
10599
11301
11421
8276
10290
8145
11181
10480
11241
11301
8165
11291
11211
11481
11281
11331
11381
11351
11682
11211
11201
11632
11061
11291
11641
11291
5601
10560
5530
10309
10740
9278
11201
8476
11481
11332
13425
10479
10429
8196
10349
8125
11342
11321
10430
10540
10219
8676
11271
11261
10390
10229
11431
11992
11311
13736
11441
11200
10400
12262
10359
11842
11291
11843
10630
11602
11472
11271
11241
11842
11512
13375
11231
11732
11401
11762
10410
11682
11352
12874
11501
11872
10519
10680
11201
15119
10800
13294
10379
10449
11601
11681
11291
14317
11181
11792
13665
11472
11161
15569
11261
10429
11021
14166
10259
11832
11572
11943
11141
11361
10550
11351
10569
10219
11161
11471
11271
11160
11131
11652
11121
11281
11401
11551
10920
10760
12975
11281
11492
11251
13135
11341
11131
11181
11271
12604
11371
11171
13125
11431
13315
11211
11411
13004
11492
11281
13195
10700
10831
11291
10820
10700
12844
10980
11511
12774
11411
11902
11101
10930
12323
13345
12734
12794
10791
11241
11492
10570
11392
12874
12703
11141
12634
10851
12974
10800
12634
12905
10981
10991
13064
10710
12783
10339
10770
13565
10259
10459
11281
11271
11051
11451
13014
11171
11441
11151
11060
11271
13275
11191
10330
11742
10871
11431
10460
10329
11291
11000
11662
11842
11211
11141
11381
10901
11562
13055
13345
11611
13355
10620
10269
11301
10830
11371
10269
8576
10930
10259
10580
11672
11221
11833
10961
12303
11291
11742
10860
12022
11331
11101
11272
10399
13896
11361
11261
16210
11191
11382
14046
11422
11302
11190
11131
11642
11351
12333
11892
11552
12614
11592
10549
15549
11381
11161
10920
11191
8125
6141
11501
11291
11221
11201
11502
11371
11401
11291
11451
6202
11401
11461
11271
6523
11201
11121
11221
11071
11141
11421
12052
11251
11331
11291
9077
11371
8646
11201
11551
12824
11371
11481
10710
11361
11622
12172
11281
11071
26038
11231
11341
14618
11381
11551
11401
11592
11772
11091
10790
11181
12063
11171
11842
11191
11481
11582
11111
13475
11722
13595
11291
12523
11462
11521
15449
10490
11572
10159
11291
11251
11521
14837
11081
10589
12603
11241
11412
11832
11672
11642
11571
11130
8285
11201
10820
10279
10931
11181
11301
10800
10630
11411
11521
11271
10510
11321
11422
11201
11371
11372
11442
14808
11121
10310
11782
11481
11682
11181
13155
12844
13264
12814
11311
10409
13124
11381
12884
13906
10790
12905
10730
12874
10650
11271
13145
10730
11231
10940
11301
10359
10620
11521
12914
10790
11101
12944
10741
10409
13024
10068
13295
10770
11361
11221
10780
13114
10330
10850
13485
11282
10831
10419
13134
10800
11301
12764
10680
10209
13125
10660
11171
10770
10540
11441
12553
10359
11191
10740
11782
11262
10770
14938
10470
10660
11441
11131
11211
11221
10630
11642
8275
10720
11261
8536
11131
8005
11392
10920
11422
8055
10970
11201
8195
10990
11201
8065
11161
11221
10650
8196
8085
10700
8145
10750
15108
10540
10980
12704
11672
10780
11161
10770
11211
11722
11381
10860
11322
11361
14337
11301
11362
11221
11762
11341
13164
11281
11421
10549
12814
11211
12834
11351
11602
11100
15119
10740
13055
11341
11271
12684
11732
11171
11742
11471
11321
11722
11411
11231
11792
8255
11852
11171
11782
8316
11332
11161
11341
11472
11271
11261
11321
11311
11221
11882
11291
11090
11140
11231
10529
11201
10490
11392
11311
13425
10540
11412
10841
10980
13195
15318
10700
10950
11060
14898
11471
11351
11211
11601
11331
11912
11281
11241
11191
11532
11181
13415
11371
11091
11171
11822
11322
15489
11351
11301
11482
11592
11080
10460
10670
11251
10710
11201
13035
10820
12874
15840
15159
11722
11251
10710
17202
11121
11422
11401
11091
11702
10459
11121
11181
11251
11361
11201
11301
11341
11281
11271
11462
11241
11632
11351
11231
11281
11872
11311
11702
11712
11261
11241
11342
11762
11090
11482
10861
12984
12934
10730
13415
11071
12774
11341
11080
11251
11181
11311
11050
11411
11652
11682
19266
11441
11631
11311
11581
11561
10710
11271
13084
16170
10640
12643
11451
11612
11201
11592
11982
11822
11191
12944
11421
16911
11221
11632
11251
11401
11412
11201
11241
11251
11331
11532
11422
11271
12283
11130
11251
11552
11151
16531
10730
12633
11491
11231
11482
11602
11431
11061
11481
11181
11872
10560
11412
11231
11321
11341
11332
11301
11281
10931
10961
13305
11541
11632
11190
11311
11281
11251
11321
11301
11111
11161
11251
11282
11351
11081
11451
11461
11391
11171
10419
11291
11631
11061
11472
11351
11251
11281
11331
11331
11401
11150
11331
11301
11251
11321
11191
11331
11372
11071
11261
8265
11362
11251
11181
11351
10169
11201
10400
10370
11712
11332
11662
11411
11281
11602
16731
11361
11271
11481
11301
10410
11371
11472
11170
11291
11361
11412
11702
10760
10329
10550
11251
10350
10299
11371
11672
11231
11331
10230
11331
11342
12894
10239
11121
10400
11211
11491
11301
10420
11351
11371
11512
11361
11191
10209
11631
11191
10190
11281
11241
11381
10730
10880
10940
10470
10871
10850
10690
10860
11331
10700
10740
10300
10800
10600
11181
11601
11201
11381
10810
10629
10520
11411
11311
11572
11752
11271
11431
11211
10460
11191
11621
11111
11140
11041
10219
11060
11211
11792
11963
11211
10520
11131
11221
12554
11201
11341
11521
11221
11612
10340
11191
12162
11341
11060
11311
11341
11451
11441
10630
11171
11291
11492
11041
10559
11221
10851
11241
11711
11261
10770
10579
10850
12473
10390
13586
10811
13535
11372
12644
10489
10590
10660
10880
11251
11291
11241
10810
11451
13145
11010
11321
11392
11150
11362
11221
11261
12693
11602
10961
10540
12984
10580
10459
12984
10750
12082
11181
10951
12874
11511
11011
11271
11281
11111
11431
11421
12974
10910
11080
10830
11551
11201
11231
11631
12974
11491
10931
11171
11522
11010
11562
11502
11241
11181
11110
10890
12673
11572
11101
10650
11171
11341
10599
11111
11491
10390
11331
11201
10650
11361
11441
11311
11341
11181
11382
11602
11321
10249
11561
11141
11322
11331
11231
11432
11241
11251
10299
11231
10990
11241
11151
11512
10339
11742
11461
11191
11231
10950
11191
11401
11411
10579
11211
11301
11071
11381
12013
11291
11461
11371
10329
11792
11492
11452
11262
11382
11572
11642
11141
11141
10400
10690
10660
10449
11402
11110
11200
11321
11281
11241
10690
11251
10480
11141
11621
11651
11271
10429
10339
11502
10439
11311
11181
11231
11351
11091
11352
11462
11201
11281
11271
11181
21541
11111
11181
11551
11130
11582
11261
11221
12042
11241
11401
11412
11071
11561
11301
10960
11341
11131
11051
10349
11381
11731
11211
11271
11281
11271
11422
11221
11160
10630
11151
11341
11071
11211
11151
11401
15138
11311
11221
11111
10660
10489
11011
5560
10510
11352
10229
11031
11792
5591
10660
11542
6883
10319
11160
10800
6202
10630
11341
5571
10450
11341
11170
11282
11322
10550
5690
11261
11211
11312
11522
10720
10880
10470
10930
10509
5691
10560
5620
11371
11111
5620
11482
11121
5600
11181
11321
11131
11351
10720
10499
5841
11060
12614
10650
6172
10840
10650
31509
11321
6252
10750
11372
11231
10690
10910
10650
6231
6162
10600
10910
10920
10910
10891
10630
10830
10881
10991
11171
10600
10761
10610
6101
10670
10609
6102
10980
11161
10550
10660
10770
6181
11291
11151
11131
11381
10650
10670
6132
10690
10600
10640
6131
10830
10690
6252
6132
10730
10740
6192
6111
11292
10710
6232
11391
11362
10440
21269
5971
10880
10610
11000
10440
10570
10710
10921
10840
6312
11241
11271
10650
10649
10760
11041
10179
11191
10299
11301
10580
11071
10700
11401
11301
10259
10369
10239
11251
11371
10159
11411
11431
11151
11261
11311
11361
11171
11441
10499
12293
10760
10910
10921
11241
11512
10249
11111
11231
10439
11301
11281
10700
11321
11742
10890
11842
11141
11602
11372
11992
11502
13185
10239
11622
11031
11342
11332
11601
11692
14097
11281
11462
10820
11211
10710
11882
11441
11501
11872
11271
11221
11241
11622
11110
15869
10269
10670
11411
13676
11441
11822
10289
11772
11241
21130
10700
10579
11421
11220
12223
11351
11632
11181
11692
10389
11782
11081
10299
11352
11712
11281
13675
11411
13876
11852
11181
11572
11150
11832
11181
10249
11211
11541
11312
11852
11211
11331
11181
11441
10279
11872
11401
11662
11272
10459
11431
11522
11141
11862
11291
11151
10249
10950
10420
11883
11281
11792
10260
12042
11602
10530
11120
11812
11231
10810
11181
11301
11191
11481
11241
10680
10279
11181
10921
11121
10419
11612
11272
10469
11161
11081
11321
11983
11131
10379
11221
11552
11241
11822
11352
10239
11342
11842
11822
13035
10600
10900
10279
11491
10680
10620
10730
10790
11321
14637
5600
10800
10159
11322
11342
10630
10590
10540
10990
5991
11161
11342
11382
5871
11271
10820
11331
11682
11341
10921
10860
10850
10730
10600
10730
10961
10700
10731
10821
12684
10690
10740
10469
10910
10720
11181
10600
10730
10650
11481
10710
10630
10760
11191
10560
10870
10670
10740
10620
11221
10941
10900
10780
10710
12844
11411
5691
11271
11311
5671
11441
11311
5631
11742
5430
13315
11201
11381
5480
11101
11241
11452
11291
10660
10850
10510
10750
5641
11451
11672
11421
11271
5551
11462
6432
11291
11121
11451
11241
10639
13355
10750
6201
10640
10640
6222
11281
11131
6052
11180
11432
11332
6241
10720
10730
11411
6271
11712
6121
11200
11110
11461
11371
11000
10790
10740
10510
10851
10620
6112
10450
10911
10851
10650
11281
5871
10489
11160
5932
11211
11120
5781
11631
11461
11502
11322
10881
10579
10449
10620
10871
10730
10469
10820
11241
10510
12253
10700
10740
10710
10620
10750
10720
12082
10610
10490
10770
10820
10650
10639
10740
10630
10540
10610
10740
5811
10680
6261
10580
6302
10650
5640
10640
6442
10589
5651
10700
6161
6172
10410
5620
5530
10189
10770
5650
6172
10419
5861
11251
11351
5731
11471
11441
5891
10379
10259
11481
5811
11111
8146
11341
8205
11050
6392
10650
6291
10720
6152
10510
6402
10780
6292
10650
5731
10840
5881
6302
10570
6362
10720
6202
10820
5741
6081
10920
5911
10569
6192
10780
6583
10700
6121
10580
10660
6142
10609
5771
7214
10600
6592
11291
5972
10920
6262
10720
5771
10580
6142
6642
10540
10620
10740
10680
10850
10710
10910
10960
10730
11382
10620
10730
10771
10510
10841
10790
10780
11522
10580
14056
10830
10620
10650
10750
10841
10660
10881
10690
10600
10610
11171
10519
10600
10990
10690
10780
10690
10720
10900
10580
10811
10830
10720
33182
10810
11031
10429
11882
11351
10760
11311
10610
10640
10820
10560
10760
10820
10600
16350
11441
10710
15289
10790
16201
10539
13656
10500
15619
10640
12373
10490
12803
15549
12143
11382
13625
10590
11882
10790
14788
10550
14948
10579
14377
10640
16301
10570
11091
10700
12965
10880
10991
11442
10840
11261
15329
10810
11352
10660
15238
10870
12604
16801
13164
10630
10950
10639
13576
10700
13175
10770
16251
10480
11311
10881
10610
10891
10670
11351
10720
10780
10650
10710
10610
10700
10670
10800
10720
10690
10940
10670
10610
10639
11131
10971
11050
10680
10800
10650
10830
10761
10670
10489
10590
5761
11511
10369
10119
11451
10359
11381
11682
10399
13004
11491
11191
11672
11231
11361
10389
11301
11572
11081
11091
11561
11331
11311
11361
11381
11321
11451
11141
11581
11421
11211
11231
11682
11291
11271
11321
11351
11382
11511
11191
11111
11151
11190
11090
11412
11211
11211
10239
11221
11351
11080
11421
11201
11271
11432
11521
10530
10500
10199
11301
10309
11261
10409
10500
18214
10309
10339
10339
10309
11361
10299
10119
10410
11231
11161
11201
11381
11291
11311
11642
11661
11241
11221
10330
10971
11191
11702
8085
11361
12032
8145
11882
10229
12884
11181
10559
11391
11601
11431
8096
11792
10349
10690
10390
10710
11171
11922
10650
10960
10359
7995
11231
10921
11291
11321
8025
11140
11160
10750
11451
9017
11531
11492
11271
11351
11301
11291
11512
11561
11581
11211
11141
11492
10270
11501
11622
11422
6111
10720
6141
10300
7985
11502
10270
10781
11301
10831
11291
11371
11892
11422
11481
11221
11150
11361
11702
10380
11832
11141
11170
11431
17041
11331
11001
11211
11342
10319
10981
10830
11311
11151
16802
11391
11611
10951
10199
11281
11642
11302
14868
10890
10780
10660
11932
11231
15640
10620
10309
11372
11442
10229
12052
11301
11722
11181
12834
11411
10229
11361
11742
11571
11642
11251
10229
11632
11972
11211
11682
11431
11672
10890
11081
10920
10390
11581
11872
10610
13505
11301
11181
11652
11401
11361
11562
11241
11411
11191
11401
11331
11531
11361
10790
11241
11422
11051
11382
11301
11521
11712
11572
11271
11211
11392
11392
11462
10169
11371
10570
11421
11412
11281
11331
11451
11442
11211
11361
10489
11311
8286
11241
8155
11422
10900
11301
10760
11993
10409
11351
11502
11311
11342
11391
11451
11341
8195
11532
8115
11301
11421
11211
10249
11511
8436
11130
7975
11572
8105
11571
10780
10881
10089
8196
11311
10450
10360
11632
11111
12042
11211
11602
11551
11772
11301
11933
11531
10429
11492
11531
11401
11863
11281
11111
10620
5701
11161
11392
10690
11732
5460
11561
10690
11672
10690
11241
10600
11341
5951
12162
10660
11822
11090
14367
10580
11772
10710
12383
10490
13455
10800
11762
10650
5590
10890
11722
11211
13695
10590
12484
10901
10950
10620
11090
10529
10840
5911
10780
10740
10580
5680
10730
10720
5680
11031
10569
5751
6141
10620
10820
5630
11041
5751
11521
11211
11121
11261
11011
10720
11091
10599
10750
10519
11040
5761
10871
10579
11041
11431
10629
10669
10791
11010
10750
5770
10519
11141
11481
5660
10629
5590
10550
5631
5630
11080
10380
11291
10209
11472
11301
11361
6292
11251
11301
10970
11482
11291
11391
11311
11392
5811
11501
11411
11121
11772
5480
11181
11371
10680
11372
11261
11491
10109
11272
11331
11161
11581
11501
11171
11381
10369
11321
11742
11221
11502
11251
11422
11312
11752
11161
11492
10660
12965
10350
11171
11401
10369
10821
11412
11461
11572
10509
11191
11151
11542
6222
11251
11231
11131
11401
11231
11381
11331
11772
11241
11371
11672
11161
11352
11581
11592
11331
11121
11411
11421
11312
11993
11462
16932
11471
5581
10710
11221
5600
10690
10400
10971
11401
11071
8265
11341
8345
14577
10430
11652
11401
8225
11291
10310
11371
23735
11461
11471
11221
11131
11261
11301
11041
8306
11261
11321
11422
11661
11281
11542
11361
11120
11662
11251
8076
11562
11342
11391
11482
11531
8276
11392
8275
11391
11512
11361
8266
11401
8235
11121
11362
20759
8255
11111
8015
11311
8105
11381
11341
11161
11362
15769
11622
11682
11161
11792
11392
11852
11261
12022
11572
11913
11231
11361
11171
11662
10369
11571
11972
11412
11502
11782
11411
11632
11351
11792
11491
11231
11381
11141
11782
11321
11582
11331
11762
8416
11943
10390
11001
8165
10369
11912
8115
11511
11582
8206
10329
8175
11391
8566
11291
5591
5480
10790
8085
11241
8015
11141
8105
8095
11281
8206
11521
11381
5570
10079
9288
11411
11261
11041
11241
11201
13555
8386
11171
8225
11261
8185
11261
8146
11372
8175
11492
8095
11141
8185
11521
8095
11342
8135
11561
8065
11261
8066
11171
8396
11291
8045
11772
8265
8115
11281
8095
11421
8055
11521
8055
11311
8015
11211
8105
11231
7955
11381
8106
11311
8316
11181
8106
11411
8066
11742
8206
11170
8216
7995
8246
8166
8346
10269
8115
8015
11241
7985
11211
11371
11361
11231
11341
11091
11171
11090
11211
11411
11141
11472
11501
11131
11201
11231
11591
8265
10960
11191
11291
11271
11331
11171
11271
11531
11241
11201
8105
12844
11382
5460
11331
7984
11211
5591
11231
8095
5601
11362
8165
11231
5510
11231
8616
5761
23003
8325
11120
13295
8135
12143
11261
11292
11191
11411
11321
11591
11511
11281
11341
11211
11251
11322
11441
11352
11341
11251
11141
8085
11361
11602
11201
11131
11722
11371
11071
11331
11291
11512
11231
11261
11632
11302
11632
11382
11341
11622
11291
11311
11231
12333
11502
8186
11301
8215
11201
11432
10309
11391
10429
8346
11592
8125
11352
11201
11100
11181
11511
11542
11381
11351
10980
11401
11151
12803
10890
11361
11011
11050
11531
10700
10950
11282
10710
10679
11241
10830
11261
11231
11501
10269
11171
10499
10309
11411
10951
10720
11061
11361
10911
11131
11471
11161
11221
11501
11441
11161
11130
11462
11411
11712
11662
11261
11502
11832
11641
11261
11331
11612
11121
11902
11361
11391
11231
11341
11541
11331
11482
11321
11171
11041
12143
11111
10419
10179
11511
11241
11110
11130
11221
11201
11231
11311
11401
11271
11421
11341
11311
10940
11091
11311
11291
11301
11191
11331
11190
11241
11411
11442
11171
11281
11271
11482
11411
11241
10359
13004
11311
11221
11392
11221
10630
11532
11461
11501
11361
11381
10509
10319
11431
11402
11351
11241
11331
12293
11030
11652
11292
11542
11271
8216
11371
11151
11582
11281
11442
11322
11051
11462
11281
10500
11211
11762
11281
11352
11431
11231
11321
11341
11111
10620
11381
11481
11862
11421
11141
11452
11472
11201
11301
11261
11221
8005
11241
8236
8205
11271
13345
11372
10740
10640
11111
10970
10469
11181
11121
10760
11462
10629
10801
11402
10800
10760
21410
11501
11080
12193
11361
11061
10660
11161
11111
10961
11692
11371
10660
11241
10810
10650
11261
11191
11171
11411
11702
10620
13365
11301
11581
11151
11081
11592
12112
11571
11332
11691
13485
11281
11081
10230
12193
11301
12053
11211
11491
11181
11512
7965
11662
11462
11602
11151
11591
11241
11672
11331
11441
12072
10219
10310
11682
11702
12694
8386
11762
8146
11923
11411
11190
11592
11161
11381
11721
10540
11431
10240
11051
11362
8145
11151
11412
11070
8306
11451
8115
11271
11321
11381
11191
8015
11252
11292
11501
11271
11432
14858
11241
11231
11542
11351
5631
11070
11251
11382
11572
11281
11312
11451
11121
10380
10319
11181
12013
11431
11632
18374
11111
11662
12092
11231
11271
10690
11351
10901
10740
11912
11832
11321
10861
10700
11551
11731
11301
11151
11071
10911
11812
11992
11081
11711
10439
11301
82024
11451
11201
10539
11201
11541
10470
11301
11351
10409
11211
10320
11311
11352
11311
10370
11361
10249
11291
11372
11321
11221
11331
11140
11562
11211
10480
12604
11351
11261
11391
11461
11492
11381
11441
11461
11371
11402
10730
10199
11231
11140
11271
11332
11120
11321
11261
11221
11542
11311
11171
11131
11411
11301
11331
10740
11331
11221
11121
11482
11532
10299
11481
11161
11291
11171
11882
11421
11301
11252
11371
11251
11221
11332
11361
11271
11161
11201
11101
10309
11070
11311
11231
10539
10509
10690
11261
11171
11361
11601
11311
11301
11261
11271
11301
10881
11421
11311
10870
11752
12784
10750
10650
10520
10650
11331
10920
10460
10770
10760
11411
10941
10911
11341
21019
10830
10380
10771
10660
10480
14146
10830
10901
10399
12032
10841
11061
12384
10349
10910
10610
10380
10971
10790
11331
10990
10851
11231
10560
11291
10630
11401
10640
11311
10860
11571
11281
10961
11392
10720
11181
10600
10990
11441
11171
10790
11090
10320
11591
10710
11502
11031
11111
11241
11431
11141
10509
11372
11331
10680
10971
11201
10730
10920
11612
10740
10870
11080
11762
10850
11452
10981
10950
11121
11011
11462
10399
11261
10620
10480
11321
10459
11501
11221
10620
11100
11141
12153
10289
10920
11441
11291
5621
11351
10820
11261
10961
11502
11121
11351
10960
11271
10630
11471
10610
11261
10630
11171
10630
11291
10931
11341
10600
11321
10599
11361
10831
5810
11001
10710
5711
5640
10980
11221
11161
11271
10950
5680
10680
11281
11141
11141
11371
11080
11211
5661
11291
11351
11341
11301
5580
11531
5601
10920
11051
5631
11732
11141
10971
10890
10961
11081
11682
11101
11111
11211
11161
11161
11070
5670
11141
11291
10550
11211
11501
10910
5660
11652
11542
11121
11362
11491
11131
11362
11080
11151
11472
11211
10930
5530
11261
5580
10790
11251
10990
10360
10971
11311
10930
10540
11171
5711
12343
11111
11141
10279
6101
12212
11642
11171
11221
11120
11611
10961
11231
11592
11110
11131
5601
11462
11081
11301
11041
11011
11011
11342
5540
11732
10469
11061
10480
11111
11372
11221
11241
10881
11221
11381
11392
11301
11301
11341
6862
11291
11010
11422
11071
11322
11361
11111
5540
10760
11061
6171
11301
11071
5551
11211
11141
10539
11331
11291
11011
5581
11461
10950
10429
11161
11442
10700
5720
11421
11281
10490
11110
11592
11120
11271
5521
11582
11251
11221
11441
11271
11481
11352
10740
9178
11351
9137
11011
10360
11231
10870
10089
10580
11211
11672
11081
10790
12122
10590
11131
11802
11231
11101
10650
11221
21961
10600
10339
11181
10570
11331
11141
10730
11782
11281
11061
10309
11231
10650
11722
11111
10640
10289
10980
10730
11211
11631
10399
10620
10620
11401
11221
10640
10379
10760
11572
11041
10800
11141
10940
10760
10440
11081
11031
10299
11101
11071
11832
11111
10891
11291
11161
10770
11020
10550
12212
11462
11021
11000
11281
11101
10710
10259
11362
10740
11381
11642
10530
11271
11101
10620
10319
11151
10660
10500
11191
11341
11170
10710
11492
10940
11461
20869
11662
11101
11461
10650
10690
11722
11582
10660
11120
10931
11371
10239
11201
10580
10159
10870
10670
11421
11121
10630
10841
11140
10971
10680
10289
5530
11161
10370
10670
10550
10289
7944
11361
11302
8005
11171
8186
11401
10400
11211
11342
11061
10329
11171
10580
11201
10340
11361
11341
11782
11512
11251
10871
11422
11181
11602
11632
10540
11221
10460
11291
11602
10930
10250
11091
11571
12353
10119
13485
11101
10269
11342
10129
11412
11332
11762
16841
11241
10269
10399
11201
11301
11411
10400
11141
11341
10269
10068
11271
11231
11241
11471
11431
10470
11331
10510
11542
10239
10310
11201
10830
11241
11140
11431
11331
11321
12142
10530
11331
11331
11322
13074
11411
11081
11051
10510
10410
10910
11281
11241
11041
11471
11631
10970
11231
13025
11341
23153
10921
10390
11351
11071
11291
11181
10860
11110
10259
12804
11552
11641
12744
11371
11412
10730
8235
11281
11081
10290
10319
11301
11292
11071
11361
11641
10399
11091
11391
10469
10559
11351
10429
10850
11722
11200
11351
11312
10269
10911
11371
11191
19646
11181
11561
11161
11402
11591
11081
10319
10319
10800
10951
9127
10549
11652
6091
11671
11452
11681
11361
11301
11181
11111
11101
12002
11020
5511
6061
10930
10670
11311
11081
9478
11321
9328
10690
11421
10570
10820
11211
10299
11281
10510
11080
7965
11181
10920
11451
10941
11071
8215
11141
8125
11121
10660
11181
8286
11372
8406
11111
6091
10780
11372
6081
11211
11321
8266
11381
8295
11421
11051
11572
10901
10349
10320
11391
11271
8045
11011
8165
11401
11040
10599
10610
10741
6072
12914
6141
10750
11151
11251
11341
8115
11241
10670
11461
8186
11361
8306
11432
11342
11221
8155
10790
8385
8316
11472
11020
10941
10359
11301
8506
11451
11251
11291
10049
8175
11151
7945
11211
10860
8155
11462
11100
11311
11492
11080
8335
11171
12814
11171
11231
10860
8075
11411
11601
11110
25478
10971
8195
11211
11011
10169
10821
10349
11261
11070
11622
11401
10991
5761
11422
10560
6011
10529
10720
11501
8235
10440
8045
11160
10660
11180
10740
8206
11461
10840
8035
11411
11040
11251
10630
8085
11231
13696
11241
10549
11362
8105
13846
8196
11211
10761
11111
11522
11151
8205
11441
8135
11221
11160
11161
11181
8105
11231
8146
11111
11221
11462
11411
9267
11141
11792
11622
11562
10409
8326
11100
8075
11351
11051
11472
11391
8536
11281
11381
11361
11111
7995
11551
11271
11462
11451
11131
11302
11261
11562
11151
11201
10390
10118
10309
11311
11261
11362
5460
10199
11611
11231
10229
8155
11121
11271
8275
11171
10340
11321
8356
11361
8005
11151
10439
11251
12874
11341
11491
11441
10640
11561
11221
11271
10299
11241
10350
11442
11181
10319
11261
10560
11361
10209
11221
11241
11502
10209
11211
11692
11181
11181
11392
10299
11311
11402
11071
11361
11411
11311
11541
11442
11321
11221
11311
11201
11572
11271
11752
10309
11251
10189
11341
11402
11160
10449
11352
10490
10320
11702
11722
11312
10209
11211
10970
11312
11491
13555
11362
11271
11611
11542
11271
10439
11101
11261
8215
10189
8015
10299
10299
11431
8166
11161
8115
11331
7995
10350
11000
11021
10369
10991
11271
11241
11521
11341
11632
11742
11382
11552
11872
11301
11241
10590
11401
11592
11702
11682
11372
11352
11291
11501
10500
11702
11542
11121
11131
11642
11411
11131
11311
11521
11351
11201
11031
10720
11351
11241
11571
11191
11150
11491
11692
11492
11531
11141
11361
10470
10199
10389
10269
11211
11111
11161
10249
8125
10470
11332
11331
11281
11372
6342
10890
10620
10790
10209
6171
14878
11782
10900
11421
11151
11291
11471
11141
11562
11251
6342
10850
10549
11161
11161
11171
8226
32571
8075
11852
11091
10730
11121
10310
8015
8255
11481
10780
10850
10299
8386
11371
11431
11391
8396
11301
8235
10420
11161
11902
11150
8526
11341
11261
10900
11051
10320
12002
11151
11171
11491
11722
10299
11872
11351
11181
11972
11392
11090
11411
11512
10970
11281
11001
11381
11902
11201
11662
11481
10780
11081
10920
10961
16551
11150
10690
11131
11621
10610
11842
11090
10690
11231
11662
10850
13726
10740
10540
11672
13325
11651
11361
10600
11030
11511
11351
11932
10720
10800
12093
10249
11441
10760
12353
10851
12062
10710
11792
11501
10880
11372
11171
10590
11191
11571
10650
11482
11411
10780
12904
9318
10690
8095
11421
10740
10680
11010
10630
6101
10620
10489
10800
10840
9247
11241
10499
8175
11402
10670
11472
8606
10690
8135
11341
10650
11090
10700
8205
11041
10529
11321
11631
10680
6503
31229
10610
10740
8506
10490
9508
10760
12484
10730
12543
10760
10930
10700
10920
10710
11281
10530
10660
11191
15439
10559
10800
10920
12884
10780
11612
10109
15839
10800
13024
13034
11662
11702
16411
11211
13876
11522
11502
11060
11601
11151
11712
11401
11211
12063
10540
11111
10891
11562
11221
11572
11491
17122
10790
11241
10920
12404
10469
10911
11381
16631
10840
11401
11311
11462
11050
17693
10499
11391
6192
10700
11351
10780
11171
8446
15649
11020
11752
10630
11391
12714
11451
10910
11262
11492
10971
11100
12143
10900
11160
11031
11211
11402
14887
10680
11381
10751
11231
10840
10850
10540
11331
11322
13124
11552
14547
10680
11161
10730
15318
10600
11051
10680
10900
11110
13976
10700
11201
11571
10560
11150
11251
12834
11121
11101
10610
11160
10810
13135
11001
11511
11211
14016
10499
11752
10950
12915
11101
13284
10700
11331
11041
11431
11061
11813
10770
11231
11471
11141
11030
11091
11441
14006
11060
15619
12784
11241
11121
12283
10790
10780
14778
11251
11602
11271
10640
11622
11661
10951
12844
8085
11902
11331
11411
9147
10600
9418
11121
10850
10650
9248
10941
9097
10860
10530
10570
10790
10469
9107
9238
9057
9107
9618
9348
9297
9778
9328
9258
9407
9178
9167
9518
9187
9137
9278
9267
9077
9187
9147
9227
9879
8917
9157
9557
9047
9187
9748
9127
6121
27962
9057
9157
9348
9327
10650
10750
10710
9598
10690
10791
6372
10659
6192
10810
11402
10850
10730
9348
10780
6222
10700
10490
10870
10290
10269
11201
10409
10840
12594
13074
6202
11442
6372
10690
10530
11592
9377
10580
6542
9057
11361
10660
11301
8536
10549
11392
11210
11812
11331
11742
11171
10771
10730
13765
10319
12112
10570
13085
13666
10800
12994
11261
11551
10490
13094
10740
12093
11221
11762
10730
13285
11261
11571
11051
11401
10770
13435
11231
13676
11511
11050
10360
11602
11301
18885
11221
10980
11491
11611
10830
13195
11091
11361
11141
13566
10530
10801
10159
11652
11251
11651
13105
11091
13686
13805
11221
11541
11552
12123
10690
11471
11442
14557
11241
11281
11101
14568
11191
12323
11201
11141
11171
11512
11061
11722
11311
11120
11712
11211
11632
11000
12834
11201
11191
11231
11662
11041
11913
10409
11050
14908
10710
12994
13305
11021
13274
12543
10820
11492
10680
12003
11311
12333
10740
11361
11632
11291
11341
11602
12123
11261
11732
11441
13095
10269
10841
11031
11982
11442
11882
11061
11201
12744
11461
13415
13586
13185
13485
10750
12904
13666
12754
13315
15769
11642
11692
11120
11682
11492
16912
10600
11641
11642
11492
11662
11121
11582
10950
11681
11661
10750
12293
11291
12223
11261
17353
11190
10860
11321
11632
11151
12593
11492
11712
11081
14938
10820
10590
11502
11361
10670
11482
11722
11421
11882
11161
12463
11411
10440
11291
12183
10901
11823
11141
10931
10640
12142
10590
10550
11271
11692
10269
14627
10560
10610
10069
10860
10670
17392
11621
11912
11100
12293
11171
10750
11110
12373
11171
13334
11311
11040
11922
11502
10630
11431
11762
12383
12794
11581
11722
11531
11722
11041
14557
11191
10990
11372
11792
11011
11892
11170
11391
11612
10860
12082
11151
11110
10439
10870
11081
11803
11331
10930
11151
11802
11101
14006
10629
11722
11371
11933
11641
11602
11221
11221
11812
11231
10490
11301
12573
11211
11311
11081
10680
10600
11281
18885
11170
14387
11070
11702
10700
13725
10610
11070
11742
12053
10590
10880
10639
10520
11131
11180
10570
10820
11372
10240
11101
11341
10380
10680
10399
10710
10841
11382
10740
11281
11471
11151
10981
10209
11011
10740
12022
10850
10910
10820
10870
11080
13044
11231
10760
11461
12984
10740
10821
10279
11472
10781
11231
11080
10860
10530
10980
10580
10550
10880
10470
10680
10910
11241
11522
10941
10580
10289
11141
11231
11701
11281
11692
11191
11221
11321
11060
11452
11441
11241
11451
11712
11061
11341
11261
11392
11231
10660
10580
11601
12113
11281
10901
10359
10610
11361
10870
10550
11221
11561
11131
10900
12473
10349
11041
10870
10741
11301
11140
11221
11141
11341
10430
11121
11522
11562
10790
11071
11101
11531
11541
11381
10801
11141
10981
11341
21810
11501
11221
11422
11392
11552
11291
10870
11130
10569
10239
10339
10550
10440
10650
10640
13104
10710
13195
13144
13064
11842
11291
11491
11211
11271
11331
12193
11141
12323
11291
11341
11031
11231
10890
10460
11592
11121
15429
10640
10810
10309
10920
10710
10560
11692
11712
10410
12543
10339
10339
9317
16722
13155
11742
13054
11972
12955
12092
11271
11221
11071
14838
11552
11081
11712
11301
11181
11742
11472
11902
10880
16300
11041
12262
11271
21450
11311
11752
10760
11792
10840
11582
11372
10840
16190
11402
11161
11702
11672
11211
11101
10280
11010
11692
11261
11060
11151
11381
10900
11181
11371
10881
11602
11201
11111
11402
10660
8656
11342
9438
10580
11712
11041
11361
11322
11091
11231
11211
11180
10780
11491
11411
11351
11261
11050
11301
11151
11180
10850
10520
8375
10249
11752
8827
11702
11312
9107
11401
11412
11071
8746
10820
10960
10740
8997
11351
11191
9107
11581
11160
8757
10720
10580
8576
11752
11221
8727
11512
11331
8716
10500
10179
8356
11090
11251
11191
8296
11201
11411
11271
8316
11351
11140
8345
11442
11431
8245
12293
11020
17132
10660
10159
8316
10290
10169
8325
10610
10639
11201
10830
8616
10851
6161
11401
8807
11662
7995
8406
11141
8055
8305
11341
8075
9207
11632
11291
11281
8396
10740
11211
8817
11151
11571
8606
11372
11401
11150
8687
9257
10770
8596
11401
13275
8946
11442
11271
8376
11501
11421
9157
8065
11602
8305
8396
11442
11462
11231
11873
11412
5651
11211
13175
11321
13094
11492
11903
11612
11191
11571
11362
11632
11251
11331
11201
11271
11551
11121
8045
11201
8005
11402
11672
11511
10780
8276
11151
11031
11712
11622
10780
6151
10680
11091
11351
10791
7985
11181
10791
11782
10620
11261
11462
10650
11531
11141
9148
11101
11111
10600
11111
10820
14187
11431
10940
11231
11291
11161
10680
11422
11121
10870
11331
11422
10880
11481
11090
10610
11622
11431
10380
11071
11611
11471
11241
10570
10519
10690
13345
11562
11752
11381
11241
11922
11231
11331
10320
11953
11271
11461
11441
10720
11241
10830
11442
11271
11221
11671
11311
11281
10971
11241
11201
10970
10570
10129
11411
8406
11201
8196
10920
11371
11181
10439
10810
10790
11331
9228
13205
9217
11482
11402
11030
11201
11101
11301
10840
11291
11461
8215
10860
11361
10951
11401
10800
5570
10219
6041
10549
10250
11040
11341
10971
11602
11341
11010
11592
11962
11161
11221
8435
11521
11541
11442
11321
10229
5481
11351
10480
10970
11211
11201
10800
21209
11001
11631
10680
8336
11561
8235
10530
15058
11100
11411
10269
5631
11001
10269
11131
11191
11442
10881
11462
16250
10730
11501
10991
10810
11572
12633
13375
18304
11852
12013
11471
10770
12754
11271
14778
11331
11671
11041
13606
10740
11591
11281
11832
11401
10950
11872
11141
11372
12003
11251
11081
11221
11842
10931
12143
11141
11712
11190
11622
10810
13185
11301
11762
11451
14517
10269
10940
10620
10659
13064
11311
11191
11321
11572
11482
10750
11361
11321
10650
11402
11281
11622
11191
11341
11161
10871
10920
10299
10490
21510
10310
10710
10289
13004
10961
10811
11000
12383
11461
10881
11251
12032
13565
11651
11752
11572
12183
11601
11371
11171
11461
11642
11010
11582
11592
8526
11411
11210
11000
11462
11321
10159
10319
11231
11552
11382
11301
11401
10379
10520
11211
11131
10259
11060
11090
11692
11382
11191
11381
11282
10349
11261
11402
11211
10329
11431
11321
11271
11361
11150
11221
11371
11843
11191
11191
11161
10629
11571
11171
11081
11762
26129
11632
11491
10490
10670
10519
11211
11471
11351
11432
11331
33914
11402
11502
11361
10399
11161
11210
11121
11582
11551
11311
11642
11000
11562
10479
10710
11382
10760
10860
11030
11371
10199
10329
11321
11231
11391
10790
10870
10289
10530
11552
11812
11151
11461
11571
11251
11381
11512
11472
10370
10549
10310
11402
11231
11411
10430
11501
11472
11231
11782
11582
11161
8226
11261
11512
10460
10961
10449
11381
10359
10269
11241
11552
11311
11382
11291
11261
11111
11582
11722
10530
11451
11291
11512
10179
11281
11602
11642
11391
10410
10339
11261
11502
11351
10560
11762
11312
11502
10500
10309
10700
11632
11481
10520
11462
11311
11171
11572
11271
11362
11692
11602
10289
10710
11190
11902
11371
11331
10350
11501
11332
11401
11561
11281
11201
11211
11181
11512
12103
11161
10910
10509
12062
11631
10680
10911
17202
11091
11401
11953
10319
14617
8125
11311
18695
13815
11652
11021
11261
6091
18334
10339
15059
8395
12814
11521
6182
14237
10339
6352
10189
12023
11161
8606
11271
8146
11922
11361
11762
11492
8155
13405
11251
11792
11291
11401
11562
11371
11491
11191
11342
11282
11371
11551
11302
11591
11371
11342
11301
11281
11271
12032
11251
15429
11161
11511
25087
11682
11802
11532
11351
11321
11681
11321
11562
11632
11351
11331
11292
11502
11611
11141
11201
11592
11672
11301
11171
12263
12193
11501
11772
11361
11291
11331
11432
11231
11371
11431
11482
11432
11331
11431
11381
11341
11371
11201
11452
11000
10650
11371
12003
11150
11661
11110
11101
11190
11201
11491
11402
11211
11151
11862
11311
11351
11301
11281
11372
11452
11853
11301
11392
11632
11862
11432
26400
11312
11342
11281
11411
11391
11081
11442
11512
11381
11461
11872
11331
11382
11692
11211
11472
8336
11411
12854
11441
11231
10630
12343
10800
14297
10941
14487
10900
15870
10820
11021
10971
14958
10940
13115
10790
16301
10690
11651
10610
13095
11131
11101
10640
11322
10911
12964
10720
11351
11221
11982
10760
16551
10680
10650
10950
10610
10961
12223
10971
10851
10650
11201
11061
12233
10740
11030
10790
11071
10610
10700
10459
10620
10740
11581
11061
11281
10780
10590
10940
10670
11120
10700
10600
10640
10960
10961
10720
10600
10900
10690
10640
10871
11201
10670
10570
11462
10760
10750
30807
10901
10880
10920
11121
10600
10659
10610
10550
10830
10610
10630
10549
10680
10930
10760
10580
11602
11522
11271
11441
11361
11391
11201
11301
11371
11071
11171
11581
11702
11461
11772
11282
11100
11371
11261
11121
11221
11211
11522
11381
11462
11662
11472
11131
11291
11582
11793
11221
11301
11372
11271
11441
11562
11832
11322
11231
11351
11532
10950
11140
11171
10901
10850
10950
10800
10659
10640
10500
10590
10509
10219
10369
10329
10189
9939
10339
10429
9919
9708
9989
9578
9608
9468
9939
9297
9228
9117
9157
9298
11271
8916
12824
9437
8876
8546
8406
8636
8466
8296
8355
8225
8085
7915
7895
8045
7815
7845
5540
7634
7464
7434
7414
7423
7464
7063
7053
6943
6773
7084
6872
6713
6582
6371
6462
6542
6212
6112
6011
5991
6232
6052
5800
5741
5981
4538
5330
5511
5610
7835
5290
2665
4869
4960
4669
4769
4708
5019
4749
3306
4539
4528
4298
4418
4158
4408
3006
4067
2755
3917
3877
2795
3757
2575
3446
3547
3387
3246
2374
2325
2194
3145
2164
2855
2925
1934
1833
1743
2495
1764
2474
1773
2385
1613
1002
1442
