56756
157965
146063
167292
131766
120204
120435
130313
112570
163846
99947
132177
113382
219390
89287
86060
105578
128350
128179
103885
102682
94317
130995
74359
109825
126286
150581
98584
147565
75822
112020
74549
90659
135203
123100
103644
147936
96420
80670
131296
89427
126366
61806
102922
99196
117049
136635
121998
102742
113632
81663
308356
130594
212257
117610
106719
131055
69380
103714
101240
104526
97031
150601
127008
109254
93004
112941
122980
107671
94507
93064
97592
107631
157234
93235
142747
99445
113542
97312
77124
124292
99325
102361
135033
115736
113382
97051
130413
113703
115896
113652
93505
78747
89959
63268
104024
104395
128239
127509
88515
128360
104576
106038
58499
119343
105778
109284
68007
119854
134250
108002
85580
125514
74199
94977
112020
40706
76362
88596
127248
93915
152936
35737
130735
110987
81332
97592
114655
141253
161061
107742
81282
90439
112160
118281
78577
89718
108613
104856
113512
149179
119574
90840
85500
118371
157674
74649
101680
160210
97211
89828
125564
86732
143859
91090
75862
138098
98684
121437
125214
114183
106880
74199
71754
100678
141755
153587
198972
118642
128751
68578
139311
92002
120354
75772
83225
83005
97753
114925
109004
113602
131877
80110
114825
118381
137968
117229
153908
110727
132277
124703
147396
96290
114044
174977
69350
109104
124883
37019
105928
118982
125274
132167
130684
119112
136645
131034
103243
121017
111639
113552
144069
118491
98333
117981
170038
144019
120696
111799
119614
128530
116107
137246
155611
131365
117469
90649
116789
91671
129392
106489
149960
115987
102311
127007
119113
105027
108833
90780
152565
115276
97523
122699
123211
164277
131606
113713
127708
73979
118201
162603
139671
109435
110817
99135
96581
83826
114815
130574
139080
168384
138659
123461
139390
116067
120255
96080
60804
100397
98144
99696
117579
121376
99426
90530
130564
97943
106038
99315
81653
120465
114093
119894
151733
146403
103985
104345
114725
109966
113221
120285
122709
149429
80801
154799
84528
125124
111098
114424
98734
113021
125805
92583
111619
123070
110466
100898
105467
86111
114555
117950
97051
124052
83617
102311
119624
132227
133419
124082
98153
135574
312093
78547
100317
71874
94777
110326
168735
146444
86592
74208
123941
156212
116337
104275
132338
144800
105677
124403
107671
130103
73658
81672
119413
101540
108062
148157
131386
99666
107921
123961
114785
109995
125294
98514
110557
128420
61726
85470
91771
102392
80751
104085
112009
107491
112200
107501
96110
111388
97513
116147
94206
107431
101530
109033
121397
133019
117700
90739
121217
116418
115236
100327
106750
131275
134541
113673
155360
118641
113783
79569
116377
98654
97011
67486
172192
83245
71744
106759
96861
107682
130514
109245
123952
87133
97202
92182
102582
102942
101379
75491
163927
117820
130604
124532
111619
110106
120545
142316
121377
108032
167383
109525
141705
72956
134471
103484
114774
113242
125725
118751
115376
118251
73056
128170
104505
74399
112620
88124
95939
117410
104486
101570
92603
104345
124222
124402
122268
103093
106218
105116
115766
139691
115395
100258
95598
120214
108242
88977
134502
103293
95539
190717
107260
144851
104035
114293
99536
123661
113132
100557
102973
133850
86922
104576
114594
130173
114274
90269
148928
78507
94837
115686
126136
139530
113552
115015
124082
124703
147736
135613
107120
135564
89677
110356
109474
101249
101009
33854
123090
137357
127929
132096
104375
113062
120055
121166
115245
122268
117539
105557
125775
112660
91972
103463
92784
110045
127378
101279
112100
82965
152565
71264
118711
73808
100318
91231
79549
179004
88115
112530
67136
111929
110326
79048
117159
119444
94216
101320
114173
64982
104676
110707
56566
133579
81372
56025
85460
139020
119604
126577
124483
89116
115806
65633
114444
78317
122489
112460
105807
68869
111548
79629
119803
71023
110707
123090
43742
20217
73848
77976
100097
89478
78637
131826
112901
80941
109114
56827
110286
67947
92773
105547
91952
96370
80401
111098
81843
116187
73768
100758
102071
80851
99186
110356
127068
83967
95589
122880
81122
80340
59000
120696
121757
101620
76743
112801
72786
112841
74680
120866
71042
105678
67226
89758
74630
69250
59912
104034
77275
98614
96490
101179
104245
74790
64511
78927
110176
82754
107861
85119
94536
89197
102031
117339
146634
123350
84829
130524
71944
103193
122248
143689
83285
107531
125254
113352
81152
102742
120816
91170
130694
124643
81753
81272
81703
136215
149990
109204
132388
104305
85640
104375
99085
116537
97983
100037
108412
104566
120656
95979
102151
95608
116057
109013
109384
134601
119403
99346
103022
103563
123451
85129
99125
105827
80170
116497
97793
95018
105767
78837
120385
85209
98585
105427
108192
77164
113202
101099
87273
77775
126566
125725
113652
100398
182291
114975
109334
119794
109575
156803
38923
102021
71043
97963
105787
126596
107762
114844
110797
114123
108302
158887
85741
143839
111679
82103
133450
112270
93224
80941
114865
118983
123811
92102
124092
145982
94897
88315
108393
109675
118541
32451
79358
92142
74599
61234
109505
105257
112280
120946
113192
103092
153817
131566
84558
94657
143608
103864
101239
138720
76112
130023
119303
113192
100829
110226
84848
141575
104465
107801
91511
74670
111979
70692
95659
94096
92493
103774
123962
103493
98364
99496
130123
92182
117560
86381
124804
83216
38632
133509
112130
115886
102201
127498
128460
79568
114053
72916
161131
104976
61705
99666
115826
136846
102572
92092
113863
108022
97272
116117
89357
110336
102702
87564
119854
119443
101901
79479
112741
122059
71333
94456
116157
96250
110276
79198
89949
112019
92883
126516
78396
96991
120355
94777
95719
102221
97152
125575
117510
111759
127058
102582
109545
111849
111849
104425
145783
134261
127608
123120
140512
92353
90419
104796
104265
131386
105898
106008
124873
82525
114634
96079
119624
86412
106228
87443
108582
116278
118551
125615
103824
145491
117069
123961
101038
156623
87484
127168
115706
132718
125805
114023
73487
111949
128881
123411
124633
123921
95299
145972
131616
119323
134120
95408
96400
87383
106359
120966
69539
105347
59602
139450
94887
118672
73487
157865
92062
81122
91191
101791
108633
94857
107331
89577
91040
106479
113483
105758
91391
118201
141274
125524
97001
113552
135122
131445
105076
105547
107932
87804
86762
97823
124843
94486
130865
115425
92643
141064
94116
129913
108142
93274
114054
96891
139751
94186
81503
124012
117940
140884
69630
167002
56996
110616
116268
99856
126707
114595
107390
96511
86932
101280
143098
105056
138449
124793
110997
104215
108252
117991
70121
102852
85440
122008
133289
110586
102171
132528
100247
117049
126687
114093
105547
94136
125835
75080
78026
107571
86622
82324
117219
114955
106509
74369
89989
85279
153126
94307
118331
114674
110427
117339
94236
101039
90019
95228
101670
110476
89498
117509
158717
191478
135192
89587
134632
149269
116388
125564
108723
117730
118171
130213
117810
110637
110136
113793
88415
120235
120956
92753
110586
116448
106540
108914
116107
114784
121587
100959
105247
124082
95198
112971
111288
107360
81492
115185
134131
91531
101730
100618
95880
85170
92683
106199
67837
77926
67767
77034
82534
92012
110386
105467
32671
86762
81222
115416
98595
116678
120716
87293
72295
75591
121537
123832
118532
70252
115787
118492
74540
128530
117169
119904
108814
151313
106059
121788
98844
131776
95108
68117
75361
128110
73608
108062
101810
116588
99967
118832
108843
75001
115496
147966
99786
123511
88595
119824
93154
121988
178453
91351
117169
80380
107111
86421
106629
85119
105647
98253
117319
126166
121657
119754
111638
110186
152485
78777
118341
95338
132067
97272
111699
132738
101980
112901
110436
118882
104045
121878
131906
123220
123330
114143
116938
106839
133440
147325
120425
107181
84718
121858
99185
123551
108582
125234
113742
106209
108453
131466
100348
111779
82094
106540
118301
97022
107390
128800
86441
209762
174757
110727
109104
109344
120255
129422
100678
107360
127839
115576
112681
137226
89838
122319
79239
118181
83155
168595
112931
127278
81102
123921
131977
121206
109544
137226
139671
106109
77885
45816
137216
87814
102272
109294
109996
117229
119473
78276
130314
114804
100137
117509
90389
110266
120175
110918
108743
75040
105958
119704
79469
110717
121677
80721
114714
83426
115135
112199
82715
123691
134612
116858
127609
124803
140171
110366
98604
115226
80901
139961
118161
106358
131576
132578
93184
132017
108062
117289
82004
106659
124262
109925
110867
98784
99536
181459
134341
114684
105518
105387
126386
112300
81262
99746
73557
123721
106499
103002
117891
82364
123300
120355
117950
110908
117760
99296
95839
108021
144921
102702
131075
113172
82414
114524
124282
123220
47429
100698
112871
126206
105757
127177
102281
127608
139941
113652
89808
109835
122258
119614
110656
98564
161582
135273
164808
108412
160190
101169
107872
125925
114264
106739
139231
99286
100398
104305
150882
84257
108874
110246
98114
95689
109475
106679
124112
105296
137777
123721
117139
119303
143859
113953
122348
119444
146293
171821
120565
155700
112710
118121
172051
107712
153998
110296
123531
109205
90439
105077
116918
120425
117370
111378
92242
135573
130373
128290
102281
121507
103032
104375
112149
130364
112380
85009
107020
119403
107781
120295
97252
116868
143979
105798
122880
130094
96981
119003
77635
133760
100337
132477
106639
104455
141274
115185
125565
76854
101950
128250
123100
141866
145211
103504
106730
114994
105026
123330
102742
111329
40697
122108
141324
113723
124663
126747
121006
96340
120956
98835
122729
117670
107060
127007
137737
96019
103073
125796
119544
105357
129993
74389
128650
100518
115817
136825
117790
111559
83266
122419
104195
108653
124252
92413
140352
154769
94126
109374
140612
97272
102973
118161
122489
125915
82594
152385
117930
104376
102662
101249
88826
190536
158827
116988
81773
111609
138108
122689
91101
133710
103814
91201
100869
101250
101379
82744
120906
79729
117861
41427
107771
131435
124002
122449
90189
108734
117950
134231
88716
128701
107811
115606
117680
85199
105728
129752
128931
120805
119002
93154
109585
115927
106449
127859
131356
124784
153186
110867
116087
109554
117379
80911
124753
73537
99526
129021
99766
98845
131155
112861
110266
103994
108492
126947
115346
109896
118161
139541
114424
76313
137276
136916
103163
107691
146103
136375
109245
114374
147075
94226
93785
106339
126496
127368
121127
127358
122239
112520
111799
78546
107060
103533
90419
87774
112069
104124
111058
114093
92803
138428
119533
110076
126126
122579
141364
116808
128580
139541
134782
149699
128089
132598
118762
132618
80300
133880
125284
120856
126827
103043
136435
122078
77785
116458
104576
104264
140572
150832
139792
128641
87474
119573
119463
107982
121767
145211
130574
125314
127979
113382
132547
152725
89518
133630
107952
138940
121056
106199
108573
105217
133279
141905
127308
110997
154429
77926
119623
107651
103173
129552
133549
115065
122539
107010
120014
121657
117239
125525
124783
120936
124883
120546
139560
126827
108493
141554
121157
124383
134682
139491
147747
133780
111148
112730
134211
149569
112370
134081
155450
105998
112189
123050
155641
113873
177321
148838
142817
166782
133559
130143
127168
102882
122188
94587
139951
155350
155340
147004
104235
119423
113492
107431
158437
181119
101590
129051
127749
81713
108202
120625
163345
106079
107090
84989
121778
91501
123431
120075
120275
156833
120715
121307
147696
108854
94757
151814
143598
121587
104626
92593
109235
134091
105777
116528
126185
85900
138889
102431
91250
112580
88415
134020
97271
82765
110787
109835
116157
112009
110587
143488
194324
122308
95048
127408
99476
107531
148047
114785
124633
113211
122769
87043
75641
84528
135353
105778
110296
100498
93735
105146
135714
104015
136315
111228
39844
104385
119624
123120
145592
113262
75091
126707
89828
86542
111849
122078
154168
110788
138328
133500
141023
129101
136194
163486
131246
113512
116267
81131
136916
90048
174566
105457
100918
82494
130794
72315
148297
105387
35887
155660
164457
137016
147686
125614
121357
117660
131576
110767
101089
161902
162795
107751
103513
127428
99045
77124
124643
106499
136756
101409
105958
126146
113753
123601
131787
115075
66344
110086
132889
108483
104034
89958
114844
135153
120435
138629
119473
126957
112611
83967
155531
139841
113291
113973
113432
113422
110677
147375
133660
124513
114654
123961
76703
113402
169436
123812
131726
102532
114283
79318
107120
99246
129272
87814
103734
111388
135534
178503
101619
133920
111368
174727
128961
123460
122809
124452
71653
112450
142476
99787
163676
111408
109184
62607
84168
97442
86792
89698
159819
95168
129492
137968
146224
82073
110136
96991
111899
122439
90770
109304
181129
175768
100288
114654
99636
98524
110747
120806
114664
111338
121858
114995
100268
149870
112129
132187
89988
114053
130114
126036
103924
110246
101830
149048
99145
119604
80039
104906
144439
83616
108021
97923
90619
121798
130084
122599
76182
112791
125134
144810
103484
105317
117900
108162
135884
154509
77815
76122
133169
127889
175619
159909
124253
106309
128430
119614
112400
134352
153647
133580
130884
119824
110216
84938
115326
108543
137788
94367
147045
97472
127198
144991
94357
41758
121898
124372
112410
127428
125575
132959
99196
101811
111769
125825
122198
90168
144991
91711
112159
104395
118511
155921
121638
140623
117049
94947
144029
102722
143688
131726
107020
114133
138809
129672
62397
117410
115115
73047
106629
98374
127749
184846
141474
132107
142506
161331
104416
126186
142426
127288
134953
125294
125655
169086
120425
202939
138479
121557
129001
113612
112460
131075
74590
113191
154719
173705
121216
81783
87614
164017
142877
111418
117961
123992
109495
150291
140002
144840
191718
113251
101741
122178
138138
123150
137487
144981
141916
90739
124312
108844
90890
110347
89106
156553
67796
137707
104515
120575
124553
95499
82384
129612
128801
131285
132839
115816
123611
98705
148077
91501
150631
128991
155881
113532
115967
95188
123551
129772
146003
127017
111469
123791
117530
125183
106970
94487
107050
132788
140874
116468
133019
98804
122208
145031
130143
109335
80040
158095
88274
126757
118110
123131
131797
96561
116057
107430
113131
128470
79509
116397
133990
123160
86872
104996
115105
135463
117239
110246
102582
118301
126997
117460
104155
97432
33874
68708
132347
138690
121417
127258
83486
115746
149439
113583
121737
109805
105096
103935
130614
105737
142005
136765
125214
40395
105848
113011
82875
115897
108794
110646
66775
96580
134822
49823
106088
166431
122278
106800
104275
111779
92212
147446
96070
116678
119854
89637
103323
113872
85640
88786
110977
118131
119543
106358
114955
88525
97092
135403
114894
105016
112169
119814
82645
102953
124843
111649
119052
138689
124483
133870
98173
97292
143458
127949
122539
96811
117259
122499
115726
152034
115666
106309
113422
99857
145903
114413
114804
129842
138558
108473
74920
134782
123100
80541
146494
119233
129241
113572
58439
124794
63098
123691
122839
132378
114434
118351
130654
77965
154369
116537
140162
103363
103182
103985
98384
93234
125836
100498
83315
113282
74339
120165
118131
104605
124032
68018
116638
105267
125375
81863
129993
124943
80511
113052
114364
101340
95569
115045
88615
97021
122058
113342
120175
125535
92814
77495
79108
129031
118141
118922
91752
118571
120184
99215
119223
106108
145362
135934
87764
126958
114845
130193
101008
95369
97683
100017
85741
155110
78356
106950
93676
104386
138098
133390
92953
102993
119553
174135
113593
118041
92944
116638
170369
98694
120465
98104
113462
167853
108052
126426
157424
108863
139741
89838
123231
90699
121016
109285
114444
112059
98344
88586
104846
155821
95338
74799
94997
123932
119032
127118
121427
121788
108583
120044
127078
87283
116207
99917
118752
97322
104846
112630
122660
124583
112049
109184
135333
71333
74970
72546
97712
122349
156302
135293
149680
93875
88856
121066
110797
99656
166741
156322
102051
81212
111589
96901
133981
92763
97151
84237
109174
109815
97191
160740
100417
119183
113181
106710
123962
96600
101229
124843
117099
105698
143468
94066
143809
90870
103824
133780
34685
131937
148348
145893
130393
117309
134120
134902
121548
143248
108663
116949
143749
123761
117790
161151
121517
103623
115376
170769
113172
114514
126857
92743
134612
126096
109495
121628
72376
113412
97772
126667
193722
90990
135884
40987
94517
112180
152455
96390
127879
98204
117980
147316
128139
102502
106650
142737
130554
113963
124493
107390
123210
117780
112139
178534
136415
137116
42450
106590
113933
98194
120695
115957
124011
105437
102271
120385
96310
94466
153237
91772
144941
130715
102211
134862
104987
100998
92052
135323
102982
146845
85970
89387
103814
112140
116067
138329
134451
104095
80670
85961
133520
82525
102341
132738
105668
158115
129993
122418
126156
146454
100708
94536
95248
128911
115446
141084
85400
113372
188642
116087
133880
86963
112030
99776
127599
111147
107922
116618
119483
99876
128530
146654
113772
103895
104505
102933
123371
103023
137547
142005
107100
103914
110637
137868
121367
111538
110256
153486
118962
74830
101620
106719
84758
109535
108533
97382
68148
102291
118502
130815
131025
93835
74630
108793
76483
95218
96360
70011
128831
102241
124753
97271
127047
108693
108322
135393
71394
122639
129502
98294
99386
122319
119523
116598
103554
115005
81483
102722
118812
59491
125484
93004
72125
139460
110536
143318
139912
151072
117410
94436
119523
110507
72796
104065
143318
110617
92874
101810
112600
37670
162554
117821
111889
99086
108212
114074
104806
104746
110928
130494
128951
122118
94377
90048
104215
81592
90209
71153
102692
92082
124603
92743
184495
128200
131626
132768
123732
143007
112700
102612
111929
148197
169827
135243
130594
123371
61595
123250
124212
108593
131516
101429
93525
144620
163054
110647
152125
101469
119743
121166
122519
78557
107020
102722
80300
128089
124192
122339
150502
89487
128330
131426
80851
84939
112720
114194
72486
118271
99095
108703
112610
76313
115336
97602
115236
112931
107130
99035
108222
77164
103173
113282
157805
115486
94397
135763
75751
99787
120856
114795
110667
164628
110146
118271
121577
114294
119884
113302
104976
130744
39714
82614
123200
150141
125895
116167
127578
136015
98634
150170
115847
119153
105187
116678
132788
115186
117559
73998
113652
124803
128931
108693
118592
95098
182331
94767
100548
102912
98143
120395
110116
149149
99145
130624
87974
92543
122358
100288
125274
142446
126867
98434
95799
111298
80170
134521
85049
111759
102421
152535
167944
89667
132828
122488
62136
123120
91451
157985
94165
117379
83817
104826
128741
109895
84999
114654
132748
65533
142436
131286
85499
91150
146133
110166
135103
141785
122229
91331
121547
174597
108022
126386
126777
117018
141785
164357
125946
101670
89518
118652
121437
98754
136405
224189
83166
97472
151954
113762
114774
111809
127157
106940
113252
116298
133148
108082
122409
106970
157454
46958
139250
153837
106238
125855
130634
78346
113642
135423
94697
111549
127137
122018
121868
116568
130674
130333
151393
107481
45655
141494
101350
138719
137126
89537
112079
115867
112039
133249
99767
130244
111098
111629
121046
106428
109886
120926
103854
165159
78948
124824
138790
96470
74029
85439
102932
81443
112209
108573
127739
126927
94316
110447
73227
124883
110837
113262
122389
175808
97302
107180
144239
135493
122789
143668
121057
153888
117830
107601
121978
70051
87684
110617
131506
111749
117630
106439
128250
105467
83746
152866
102181
113562
110897
112380
132568
134942
104605
114043
42790
163025
129873
94266
110858
106839
139821
104535
148928
161642
94296
107040
95869
77705
159689
138489
119403
133309
105938
110406
186188
92212
111769
102692
121147
82223
133830
104586
150671
94306
123010
137196
96550
127588
116358
31770
118622
130905
82975
120305
125013
110216
136926
78576
152014
70762
136415
93425
138659
162764
126046
112701
113522
94817
184014
114815
91711
138589
111939
137667
103323
87744
110026
105828
106298
159178
108953
118712
103092
128070
127859
137237
86472
115586
81102
144029
130664
154929
150973
103664
41207
80410
114223
114544
139842
134661
121276
123029
123100
120245
129121
139671
86271
109255
77595
153657
108282
100528
192419
131867
99997
103053
164447
189254
106519
120576
87564
142847
123941
125484
108493
136505
123791
119062
109264
65151
144279
99345
104285
113311
155390
95518
103694
109855
86312
183603
100027
144310
114825
132798
133289
99977
80741
109114
128420
111629
125364
124092
131976
67817
126026
130273
117530
133981
114474
128320
136145
141324
133630
157214
141484
109034
67536
110567
93585
117770
130354
135363
119002
113923
133209
123220
102512
145612
129171
116147
124964
145532
136124
83656
119894
91651
83315
82074
109063
152495
127969
103584
72796
122358
113052
115596
123631
110727
118892
102672
85961
145703
111558
133569
125796
102982
112140
124983
108663
115927
105277
86852
108332
117380
175618
104255
140633
107931
101279
97792
168926
133479
143629
111588
163275
117669
170248
128470
187801
123792
97142
139431
77264
112471
142476
140563
82675
148467
128941
113752
136895
110296
105096
70382
129843
114664
156533
79709
148467
130364
119313
145853
132979
108673
88486
125905
133840
130674
117910
66985
71835
123331
170658
137266
136665
111378
125304
94707
131686
131185
118401
116758
160961
117629
155651
95809
126616
93495
141123
108573
130935
116308
140232
132167
78065
107602
95358
123060
138609
112671
101018
113092
120075
117259
112700
164657
78516
101079
130684
105517
117780
93785
209592
118231
133510
102511
153948
109475
169086
93414
86962
125635
118762
114444
109335
104565
125875
114343
125123
103814
117420
112961
124122
132658
127348
83546
134341
103895
111237
204121
97833
73067
97863
85600
116016
91000
117911
117349
130544
99787
114343
47659
130444
127788
127529
126827
137888
134391
165970
141224
92634
102481
87353
111728
113492
112450
120655
84828
121847
106509
120445
100809
137307
120555
147215
98714
136435
83596
121728
103393
119604
112220
119824
119043
111218
45215
119173
127899
116698
112741
121677
89277
120736
103774
137106
100669
150872
122559
113362
105297
98354
119443
124984
118912
126937
109564
111598
125825
109335
120495
114444
112951
128961
131195
131546
120455
114704
125544
117920
116858
150632
134341
108163
130434
114494
139240
129082
111759
128871
113382
125614
100799
123811
124253
141795
116077
81933
109725
85450
103774
67907
137187
110377
127739
143668
122519
102441
105678
82584
115837
110787
177342
132327
147736
109474
116357
124472
67817
146323
103584
133519
109224
113312
111799
129502
131956
68227
91771
122188
86061
128259
94627
75381
110336
130363
129532
139581
141715
120365
124122
113272
143498
109935
107260
127779
75962
143799
72165
137377
100798
132808
99146
139702
118902
65763
114203
109494
101059
60212
131886
125735
107311
181188
98534
107060
127629
151854
139671
127027
88065
94337
108753
166221
102372
108362
106720
74199
114544
129592
93164
85811
121207
111548
191658
113151
133730
98254
102432
39443
112921
140743
141334
106840
107251
103102
140612
113763
90960
142176
201877
118912
125805
108823
124422
82855
150130
171902
99926
119564
99947
116859
104806
93575
110416
109144
118100
116798
77274
131927
118651
104405
179004
88755
131025
82284
107581
117430
113892
110557
184245
99155
151002
127458
112179
107341
136595
145893
188622
112220
154619
117479
115085
129703
118762
104656
107842
101710
109314
129041
111819
122459
128721
109054
125535
134522
122119
82294
117370
80971
111609
162213
98624
109886
118582
161882
113041
125444
105497
124272
117009
107732
123110
103995
101910
103694
120836
121858
93364
160429
108272
113361
116288
123470
155220
89277
122940
101600
109475
134512
113642
106850
122729
126767
127458
117128
73057
118111
98674
127689
134441
90509
94927
148307
109054
129983
110907
109405
135162
131736
84649
128230
112230
126497
84668
116588
91852
110156
150651
111939
148067
84868
116718
139110
139401
97883
93625
116107
111578
88585
107652
85971
115335
110156
147375
148989
130003
110577
147596
128010
142496
77946
121257
97192
133540
150261
150551
110697
111458
115947
116117
114664
127648
102101
96770
111368
127809
99426
140603
124583
88525
121898
90890
86612
101961
83286
122999
114033
114313
123180
90980
142205
36469
123901
114664
130333
114874
81472
124312
153658
105648
89177
77134
129652
91882
87884
128530
116398
101630
147395
113151
123039
116147
110587
101660
102641
113272
170849
106199
114825
61465
114404
129503
158787
95879
77285
110777
121206
119814
113823
146594
74319
144921
141324
135774
109214
113802
122879
97422
217577
87223
91841
104295
111829
207357
115476
133149
122849
70842
110096
115446
132237
108663
79919
104676
122509
145983
93264
107010
125364
153356
127658
109916
140663
132798
117500
108824
104044
100728
142236
124172
116438
117289
120134
101259
107892
79940
34294
124212
137237
153757
113291
140793
139370
82764
131515
123210
102963
125955
122088
93695
109454
111508
119233
107721
141364
118181
141264
117559
106629
108573
187160
147676
131967
119303
107070
120675
164257
103633
108543
124273
93635
121437
86271
122709
128841
98544
89077
111068
119904
122849
73067
113742
120785
77926
106519
136395
128771
155100
106630
99707
79749
106128
158847
110847
78256
109845
94697
116958
107852
69229
112119
131536
104515
100638
121387
105157
101910
127839
121207
130023
113733
126396
129632
153126
112110
106779
90980
147235
99466
113202
133390
134130
93605
115586
128280
85900
108873
125424
121457
131295
107751
88125
119023
151272
111408
98294
139300
105457
167463
129282
143659
80450
163596
107771
126346
93013
92704
110496
98725
128931
146654
131556
116498
133229
129071
114043
108072
91371
123611
124633
100247
136665
109875
126647
126787
99075
114013
111879
178674
135444
67216
108393
176921
155370
112060
107831
81703
108934
116899
110967
101369
109655
135924
117940
115456
88155
129282
134621
123792
95839
106438
83807
125444
117459
102943
123991
111268
115055
123611
140883
93755
115666
96681
99255
91421
100067
119653
120856
111828
150591
90690
127479
119784
116387
53590
103223
140032
90880
121317
40095
107381
152746
138238
120215
146444
96621
123181
117309
120986
124763
78577
130503
129963
117399
85029
134491
127829
122258
77454
133249
115706
118622
138398
131857
154028
102953
138348
67686
131295
124733
121297
120705
166632
113823
144330
136375
112190
110938
122730
110947
128029
104515
137326
95478
97412
137447
102772
98133
134191
94857
157835
89197
147466
100337
119183
127588
86622
117490
123371
83706
103744
93514
93746
162002
131967
109665
122930
111027
128610
124292
136045
96730
126627
89618
137337
127057
75691
113802
122339
114755
145242
125494
120886
112491
120785
85129
112881
113622
111168
112691
80250
106599
94336
146984
140282
133750
100668
140933
116978
164508
97653
124933
90339
116498
182701
116999
137397
116658
122299
117700
113873
114564
92042
123531
111188
199042
109554
118332
86642
91782
129221
107902
101310
153246
127498
118372
132067
97502
134692
114804
101048
130884
93205
96570
107260
124613
151453
100177
172903
140743
121317
118462
82434
81121
68368
109745
88515
135733
110938
122800
116738
133099
72285
131946
99396
132388
121267
91070
116177
121386
110586
120546
104776
134862
118382
122559
114684
127488
92483
86422
122118
123561
92282
147666
115115
124853
115957
114154
134051
115035
97442
81142
136805
111618
137687
115606
117530
109394
114744
126787
118291
116037
134581
111488
92694
163465
75230
116548
158286
112710
119113
112220
116668
147255
123671
127748
86822
91671
110056
123461
116237
124843
125184
112921
149039
108563
141935
116788
79298
113011
178584
114353
78777
106680
112660
138529
94126
106919
95368
125895
154960
75461
122929
113994
127669
151273
110357
116258
66835
167704
117629
92603
146053
105728
159237
118542
120616
106469
116878
120234
121066
122759
93234
125996
117089
128580
108112
74419
101139
125615
116798
106198
124983
88195
75902
85921
128049
125044
108984
106529
84007
84328
103393
111538
103855
91150
156151
78016
81552
106208
135032
110446
128289
43451
95328
175849
84508
113092
107160
114373
127087
130253
87354
169537
142366
106138
96982
99796
67046
103353
132488
115646
125084
123872
93195
95589
99546
102822
141985
97062
102701
139891
116197
169387
143889
128069
124853
105798
129202
125595
88786
128661
161021
121306
89717
82524
87955
73828
86852
127478
68488
121687
78116
133279
135734
151764
125244
87594
76693
154458
100879
129522
106198
79038
132317
98193
91761
115135
99406
118592
116728
83416
139771
109395
153457
93765
79759
105057
150311
81202
129722
100338
121316
126486
86992
118451
112530
113943
131756
92673
134762
117219
118241
119042
137537
115015
127148
109044
153917
126457
96541
109585
109685
112170
149950
105858
117700
159278
105236
107040
87103
126076
87794
96240
128600
75641
125575
69039
97793
107231
165509
162263
169356
99697
141755
129793
132007
85270
74530
116628
116889
111468
148107
164818
136305
123902
113241
111528
119734
113552
132678
87603
129582
110025
118151
138228
124904
142827
123090
137417
127488
117109
107521
107170
107520
31930
140212
90369
126085
121577
82785
83536
149790
115245
117870
150501
93345
137597
115797
133429
109805
184054
121167
73257
113172
117900
120044
112951
52458
130043
130294
134762
104986
113623
124552
93785
106149
109886
150080
77235
113091
155832
103103
99586
130684
90980
143919
170078
65493
136986
126757
135223
69009
79298
101941
86151
111128
134221
150101
114784
118361
141986
103624
105777
121487
122439
93846
164066
98745
107040
146533
124583
105417
106329
105727
130875
65813
144450
103894
113051
120686
128059
80981
106549
121066
118251
100528
99366
106719
122920
89818
75612
108353
106108
103333
100387
121307
122048
132147
122709
94977
114864
148437
128520
135302
124543
135854
144219
40085
100408
118461
125564
130254
121337
123681
116698
97502
110366
120996
113432
129592
122309
110256
104846
145883
76333
93255
102081
68558
102682
173715
123010
107170
76783
133780
126937
140603
114544
115446
98955
123681
184284
142316
108072
120104
107651
67136
131897
115787
119553
70952
109084
105407
118111
128340
92834
126386
138068
124202
99105
105286
120686
133660
133640
95769
103293
154408
100037
98013
64571
42379
130084
170739
107290
122038
119233
34044
121247
134351
116618
156793
129061
131516
118892
117259
116718
112841
110186
79318
144409
120986
74840
146914
98144
131265
123070
35146
94627
96891
100918
122860
100388
115356
130173
118592
110947
147626
113001
99796
64932
105277
102702
131445
91841
140142
107160
102702
134311
105668
138068
109735
120645
128610
97352
105858
111639
135132
97292
121096
122589
119564
108613
118842
95349
122629
133489
126386
116368
102411
110246
134402
141775
122119
129051
140924
159498
136255
102251
89568
146334
127308
126256
125495
93084
100868
135322
84588
97722
145933
91350
104095
122248
105026
110126
125024
69039
92222
117049
122509
135904
123110
102471
95398
145702
121968
126988
100949
110937
136675
113522
117670
107020
133941
126526
111008
113011
107531
143128
106770
85811
72065
118842
132889
84508
129913
83125
82654
106148
125986
114624
102101
110877
83797
160640
121647
119994
103303
73748
114684
155911
111348
124783
130143
152626
130324
128811
111448
85450
114795
109715
158596
135984
72395
79258
112340
92823
82434
110597
147946
88155
86562
109926
80530
135483
130353
86692
78607
100237
99957
100468
123521
91551
101048
114343
123100
48520
83706
112310
114555
132939
112480
112790
106769
97362
91041
84719
121698
117559
102021
112811
127187
165900
109725
122008
105026
129262
190276
130293
119744
132728
140703
117780
108062
86492
114403
73578
108262
129382
126757
156232
130023
118130
64000
167583
125324
137136
106198
139711
117941
102061
107902
128821
96540
125424
113573
108613
154589
114905
162123
108894
120405
157184
108983
159528
143148
137287
124021
134332
135413
112400
114154
126427
110426
106839
121647
123271
117330
111739
135052
141745
98815
166160
105908
101650
133319
103523
116828
116728
86382
74920
153106
144170
116899
90428
121277
110506
115275
107261
115856
114865
120465
127788
111338
126186
89196
38953
85790
107210
128951
127227
66344
79057
129813
135242
129452
104736
115877
194413
115676
86421
108483
67005
141795
87593
90970
112239
116017
115285
112691
119403
157004
77775
120355
92382
119874
122369
108523
75952
72736
133440
116628
128440
130313
98414
110417
152866
153587
155410
125715
112861
109294
115596
85399
144210
110366
120455
115075
133118
106419
107130
131546
112531
142576
117841
79458
131867
98084
90309
112350
126486
162173
112770
135062
144851
112861
119955
104195
138138
127498
183653
83366
110627
134101
114634
101770
110406
107040
92573
119794
105717
73718
151924
120025
123110
134471
120716
138659
112129
133079
96952
130694
96000
181880
102722
199663
93024
123761
97602
118261
114544
134311
124352
144059
125344
81452
132517
115747
89969
119052
120194
136875
105608
173905
116788
147415
100338
113422
118562
93605
159348
107461
81843
134211
123751
102862
99095
125945
116067
153086
107411
122670
110917
107912
104155
148046
93034
145061
130614
100719
94948
147887
154799
118461
82565
145082
74619
100387
152254
103193
105938
108644
123571
127589
139221
134371
115275
92032
118862
124703
125945
102612
146324
126306
123802
76262
129753
85960
106308
117199
122979
115906
138328
110767
100878
120204
109564
116638
133961
135494
122850
103955
101159
72706
112450
116287
111698
160831
138168
122709
118392
113091
134170
107100
136244
95549
91401
106468
104045
65963
103384
76543
120265
70341
124532
108463
152325
105397
118281
125855
102431
89748
84488
99426
95178
157675
121056
79990
100428
132908
120626
82925
69670
119914
108703
68759
122118
104104
124332
126306
76373
102802
127198
78737
116057
107852
125374
152625
123832
135754
42048
136135
111188
148508
160760
119513
112840
107000
124172
132888
81793
122238
100307
125295
143268
127618
125314
134962
117280
115496
102061
109655
134191
120415
107921
86191
137367
111599
106028
103553
110457
148768
153657
129071
119413
111799
98604
109424
109154
112560
107932
113602
120005
131836
120926
112170
169797
147396
157304
118080
105958
128270
98274
137487
134040
155671
103123
102040
106840
143989
86091
114814
85089
80250
100959
133970
121116
143528
137838
98424
99606
103223
108593
70231
100177
105467
102782
123711
148909
136394
94396
127398
89337
71664
129913
114514
106259
88005
108633
124543
85600
129532
136395
118892
130173
114514
111729
135413
124413
130684
147606
63709
105927
138148
107942
117239
82364
147014
129122
91641
87193
95298
108092
122308
104475
121627
126977
170228
116858
67897
120585
150071
113903
87042
108582
129031
91841
121187
112350
152686
102842
124323
115135
59612
107781
106569
134311
108172
109976
118742
100308
114714
110377
109264
110426
123601
131386
105387
134842
104125
103443
113302
104224
106969
112801
109524
75821
130734
83236
99146
72395
79037
122749
106419
113342
88175
102571
95268
119102
124854
109785
97482
136636
74089
96671
81833
99596
106559
94727
96460
69600
123912
96811
114133
103574
104355
123601
123331
115406
93434
92212
132928
87864
117940
130984
109445
135262
92583
73607
123391
145091
97663
130083
99445
149830
104045
128861
135553
126246
122378
114254
111268
141895
122620
119553
139761
154188
102541
45605
111107
97102
121417
100538
109745
132187
98694
103433
109124
144320
108182
122699
109775
136465
118051
132658
82464
92433
115416
83887
123791
86432
110416
91190
61274
105026
134081
156552
107160
78186
101389
110847
127388
132458
60493
105167
96541
112029
98945
105097
73458
84167
139200
64821
133299
133470
112770
70011
73367
39003
91762
123111
114594
118752
112300
152996
79979
83335
117229
93965
135824
102892
129172
113161
124393
114605
106980
52949
84528
70071
111318
108483
76002
132067
127368
66825
124833
117931
92814
135363
99816
117880
69621
113362
159539
98324
85069
74850
133610
498421
112450
107591
128591
111528
116107
117920
152686
108403
76563
103303
84027
113321
59251
155911
114414
100758
36498
124193
91000
111549
111799
105347
87624
96851
96360
76794
60002
144460
122669
104225
102191
92212
89016
113102
111559
120986
116708
100107
106239
85449
61685
137477
85891
103854
103954
88475
114334
91852
121728
103183
81141
61675
147866
96721
85550
118983
112410
144911
124142
77956
92874
111278
111538
108192
116568
112380
121728
97552
82164
126847
116057
92643
105126
79048
108723
89918
130213
102942
122319
126907
103554
119243
124953
121106
110677
92914
144831
137698
121267
168124
130084
162253
112290
105096
88635
121968
169897
78536
84668
109465
115967
99035
101210
109284
117870
160190
106309
47538
98354
111709
119363
95419
121818
133559
107130
122810
121757
148848
138739
81482
128650
96060
106469
103524
113482
110276
110908
126757
131706
83706
120666
140273
117330
107882
180608
148778
92162
187370
163015
88195
132167
129051
139340
112380
112440
100297
112260
89106
146985
106900
108002
113082
99927
101910
123631
110046
186709
113712
130945
120215
113422
100168
118862
138629
128931
137758
156102
109675
130033
127358
129793
127829
90710
119062
185878
89888
116558
94326
84819
113432
93535
100968
145442
87925
119643
126727
126206
102932
128069
109023
138469
141515
127418
116087
107862
117851
130143
60673
119684
104796
124954
120045
115847
87003
142306
108573
119854
126506
107080
95989
101610
96781
118251
104666
117970
148678
129241
80160
124612
92322
164016
97052
119624
76103
112781
112440
156733
122780
112871
160150
107400
91531
150101
126777
122429
105036
107301
104906
119423
111889
125825
118822
90960
151483
126686
103965
107741
110947
118111
104546
131506
95359
110005
167183
92744
103684
56776
78106
43611
120235
122960
106549
114714
121246
63097
120064
88245
120134
86732
151944
118141
117830
64200
112200
101890
120605
110576
75271
100287
105657
121867
134621
131496
92353
129271
84828
142386
157915
92833
98234
124523
105087
99206
105928
120264
92172
118642
114284
118401
127949
105577
102111
125735
84538
124783
109695
84909
76193
112740
107060
124393
96841
109114
112941
77575
119704
146023
78106
103594
99786
100538
120555
132037
78557
144871
110707
98414
106630
115286
101780
104445
154970
98885
109515
98484
114214
128039
75862
122289
76784
109274
98063
125735
101089
160210
104385
111519
94496
149059
130695
97532
131566
131175
97453
110346
122439
116127
50254
110587
123000
121558
115786
128711
60103
96580
77184
124613
104245
103182
112050
136866
124953
110827
84398
141314
88766
108633
108272
97583
124583
79659
84167
120715
72465
113582
101750
78056
61675
107070
101510
131205
79589
110166
102712
98804
114063
101199
98925
107832
92713
140082
119544
92223
137356
93425
108663
101640
106419
103353
118492
115155
151934
85369
90510
77545
100268
104145
82404
93304
81392
74439
99085
86041
85870
103764
118221
77876
101860
75240
96360
75912
64450
79077
76062
88916
46046
90148
148057
116097
99707
83636
95028
63198
117069
125365
71063
113422
152165
82324
62286
99315
102131
108913
112540
102732
113011
89958
113652
50745
131897
61545
105347
84709
95258
96249
131917
87003
107341
84498
99606
64801
78347
102471
100107
90429
70802
86071
70421
50765
127528
67717
71774
82384
113953
69230
103614
76513
112751
95328
80891
154559
87634
72856
148908
76694
85480
88956
113241
73277
105537
69861
55674
93294
86532
108462
119854
92744
91781
121286
130574
101079
99847
153396
118812
124202
112260
106659
88796
69790
118983
111007
126226
67797
94446
95308
155901
90690
75271
116117
108934
105708
153757
124874
99516
98544
93445
102091
137447
121156
116357
110356
88094
69269
90900
88635
148077
101830
127098
99105
165789
120846
106409
88455
107401
83636
98744
113502
65532
104565
79800
133028
122759
112660
119814
111559
112230
135012
117911
107421
116227
110606
138669
118772
114174
96401
96210
140232
113792
106990
119934
112130
99946
103524
109345
109895
114965
104656
40916
109124
114494
128720
98895
114794
97562
117860
87514
113862
83396
93876
116337
108242
122038
102030
102652
90028
38312
111809
142095
105026
124122
68038
105347
141624
123851
90429
123160
107100
108403
98103
105697
120275
115425
98103
98323
99776
82454
111688
171871
99035
134251
114795
176500
107180
105327
109595
83977
121437
90970
106239
76613
90609
116778
129652
98504
99416
91942
124142
115646
97272
119564
105106
117770
112951
132167
101369
128340
143027
78066
120064
159277
121147
110276
157985
127859
92192
107080
160730
72164
104786
94857
93033
129111
138149
86862
128951
132989
127859
111759
125114
108633
150642
131406
119013
186539
106509
111879
101800
61986
110747
85560
110998
129982
127077
128891
140292
118702
35556
104846
128691
202258
121928
127068
102391
108012
108954
101119
123861
121096
161331
163696
86642
113993
110026
100498
98845
124863
78537
127358
132878
107260
37550
112560
125795
138218
83947
89077
129412
110307
113382
117630
131826
105828
117029
154869
191508
101740
104666
108442
82494
133589
126787
119653
127358
100868
143248
102301
88575
74209
131105
147666
117700
104235
127027
113633
95989
87634
120415
111759
97462
110507
99826
120826
117269
84898
90910
117590
98073
123000
84037
144741
124032
116608
109474
105067
106339
143408
103744
80731
109475
114394
155861
110716
131977
115736
112861
74819
77224
80460
107060
109004
153326
84718
84297
125424
69970
113432
92904
82565
118301
119313
130734
105477
114304
121567
152144
118732
136144
135393
122108
103954
89427
66855
125705
87324
108673
106489
145852
142306
68057
112791
101470
108433
118481
128971
118972
126917
118301
131857
121397
108302
114133
119082
77885
103804
118721
102692
137897
117751
98985
134741
99406
141995
114754
168345
125645
79408
92313
165039
111038
114104
111338
148668
66283
151443
120294
91982
155901
152395
110427
127338
99135
101780
126977
132147
106760
92263
103614
92694
110476
102111
123681
100197
100167
127157
110938
131636
95689
95418
93034
113893
134321
113342
121197
108242
129813
71324
111910
80110
109174
118882
120766
149339
95969
133550
114534
113412
115716
113231
137357
102772
77284
82744
120124
131265
114584
122138
90749
110266
81222
106850
119594
115475
98223
130494
105367
162063
132577
102842
86351
106348
131897
154138
99436
122479
86322
96421
52848
61716
108503
128400
69690
99536
88004
104415
103584
110176
132427
96911
108844
78176
130343
109024
119504
123070
113632
138508
124633
102382
131706
124322
78166
90569
105478
106560
142917
176741
74730
132828
77625
103564
108002
84818
128560
120936
96410
114604
75381
128931
107270
145111
137066
72816
79950
145672
113903
151012
90910
156693
106579
86001
93735
114403
118121
121026
89117
87092
115906
103753
155340
87624
117700
121036
72476
112581
69079
103303
91651
118952
97322
117339
126236
113883
91000
96771
102311
109425
100668
137226
144039
55313
88455
78777
68017
87864
110486
118371
57497
106409
73337
105848
117189
68929
130715
105067
109735
121587
50264
57618
81112
109264
78116
141494
123862
99126
106228
84678
117239
108363
107982
85259
81011
74599
88045
103223
68969
117429
103083
138308
87975
68688
122769
88846
115606
77876
124292
75602
113262
64501
107251
107601
112871
121807
109664
120355
108412
110046
75320
135052
134842
118211
114494
78136
105036
99636
92974
135142
140713
105487
110156
96510
124422
134792
74730
101079
131355
112229
103984
137316
99967
102722
138900
134050
146083
95038
103363
163946
82744
103864
86672
101880
120465
127458
116207
120445
121417
167994
90139
103844
84709
115356
116017
111609
75721
108673
98264
84498
101680
172001
133680
126767
88245
104625
123331
133620
107991
110617
134201
106700
150481
109245
119273
82885
110857
138309
108223
118692
75781
110967
100247
69911
126366
119113
108853
129942
108273
79599
112451
81252
120335
102001
68318
128581
105477
117360
79058
141284
135193
117781
108583
105377
129262
171461
115416
122419
108072
141264
102903
107541
99656
121817
164637
117149
137457
197569
126967
100017
102702
144259
139480
109064
129441
99977
120034
122749
116278
148657
115776
74639
167483
97913
106109
144049
110607
95158
107170
103794
97632
96460
138699
117530
120505
115876
111819
162083
95979
133219
122569
113432
115856
87804
137156
111428
120425
126857
134842
120956
141885
115926
127038
114534
138558
101850
137707
144941
167342
124253
123892
118261
103544
134671
132898
129001
112881
135653
121357
111128
102672
127579
108923
93745
84497
132418
127568
105217
126657
137838
114274
121347
87854
98675
93435
129613
74369
80300
108703
68578
113072
106349
124703
87433
87633
114714
114884
92593
108463
86041
98734
103975
82945
117770
97793
92383
113993
113873
95809
132869
95709
128650
142627
136755
87593
118291
106790
125044
99686
104365
107210
113382
110988
114274
70342
124343
88415
153016
101029
80270
89487
81653
112169
112820
73758
63058
64952
93996
124793
120265
99185
94978
138779
90789
149840
100888
116208
98494
106309
97392
117239
109625
173254
92523
102492
111779
118301
87533
109254
70371
83166
108232
101329
106590
92052
98704
92883
106599
40185
124974
128280
71404
126026
107030
99726
115065
111929
119664
124693
152875
95899
120324
117349
124202
109395
106288
64100
92172
127609
168775
100117
117008
107181
61595
134161
134491
121467
99336
152856
135454
40245
96350
83526
126406
92292
128700
140482
92413
122870
80821
118181
78897
119793
95389
84578
93334
93705
100888
118662
85059
115125
111779
121487
131195
158517
130123
106579
147265
116939
119433
116407
110677
169307
117870
115816
121347
128901
101429
88766
119443
125054
129091
128309
47629
44293
134681
112460
113062
126496
106299
129051
139751
133780
95419
126346
102502
119974
125275
104906
106098
111749
94517
122539
117109
118692
112250
137056
113752
107301
109344
111569
118932
98464
109865
104135
110857
106610
113172
113402
113091
111579
133299
83536
124433
117670
160139
121948
113532
120235
125444
142376
113162
131846
97142
109374
107932
103814
106850
126757
73047
102311
113853
112711
130574
115977
107411
114393
87653
107851
92994
109174
75491
81833
107882
161812
117630
87032
159377
100828
123271
112851
122789
119283
103713
90629
109925
130313
92022
117740
37350
119544
131956
105176
99065
113242
123912
116257
111138
69359
113532
92403
114294
117960
125044
97813
126606
116187
113792
109455
91691
101620
96099
73918
106288
153818
121998
86442
121157
102872
110216
99937
142326
112741
118341
122960
100307
100649
102782
133540
120675
130204
94686
89397
143528
108173
131425
113542
133791
95218
126787
114624
104194
168806
147967
101319
108081
126847
99706
121577
113222
79980
125244
126357
110346
130794
110106
122068
124021
110045
97532
88285
109946
125254
39343
106249
138789
121287
128681
81352
116699
123230
155421
129021
106730
136045
146784
166331
171261
142497
149269
86762
136315
95709
115145
118471
151192
95819
153076
144540
116909
130263
131826
93896
116358
109395
107801
137888
117690
133119
102752
102682
110807
135954
111718
126797
199222
127048
112320
124994
163656
115275
103464
120696
153817
131737
132849
106529
150532
90509
96640
84398
139521
100899
108924
112640
68398
112700
97882
106850
105577
76252
123811
129673
112360
105236
110446
88716
126507
97041
82033
104265
127047
106860
110126
139170
114204
119193
126035
133630
127809
98945
110386
45626
134952
126226
106780
143147
153086
117019
93514
158256
103533
142546
131396
115746
84799
104836
108222
104786
117600
112671
135924
97533
134181
83165
138669
135353
167563
133019
112500
77294
105557
130273
91982
139060
125394
124382
98353
134492
157785
107821
97422
72355
124643
88936
108593
101279
103734
95739
112881
119052
114715
120044
135754
108633
118091
130343
128430
94847
52067
141084
124172
113623
103423
103063
103964
154990
111728
108433
119834
89377
158356
112791
126787
105618
124933
128771
122930
90980
117520
112961
102642
128420
141154
103754
94808
133981
168074
136124
123190
132848
134040
77936
125956
100007
157424
156062
119162
136545
87463
108573
130253
95558
112079
85550
100397
117980
123120
124442
118822
111980
126756
127638
121056
115426
113071
122970
131145
97362
110146
133439
127959
103493
118442
114494
113272
125214
107772
113181
144430
143769
96721
88125
73187
118502
121558
132308
89678
116628
111839
97021
106679
106699
146974
134341
80390
121888
135403
131095
102141
118261
124162
142045
113712
119273
89086
95648
130473
101390
125675
85730
121076
103944
102171
81452
123510
145843
116287
112651
87404
147185
114815
170518
100428
100868
150060
105677
93946
86271
114924
107070
101950
134671
129952
108293
151944
104005
200665
132167
99667
99656
81642
124512
109445
100648
114845
149168
91732
112440
114574
151032
107100
120786
98163
81632
83986
110736
122159
78777
76463
77254
98093
128330
86912
133229
105998
94156
114905
118592
82835
91631
104836
111188
103604
117119
75751
59732
137607
120325
77995
110166
110076
91211
91521
108362
89326
60603
100408
94296
101229
122238
130604
94506
74299
79037
98865
108342
90669
103393
112911
89958
79398
92122
99977
82945
107571
107672
115746
93374
124593
115516
97342
105818
97192
111849
93685
114233
110406
101390
156262
102872
92492
94186
90620
128370
160830
107931
95598
91231
124743
119072
103293
88335
100909
80751
110437
81613
106248
123070
70632
90769
111368
94827
147236
60383
72265
99947
57738
103133
97181
69931
107181
119574
66835
118952
93765
81763
121587
74679
110868
95669
81191
104495
93866
120936
118541
109014
94747
91431
68267
109946
107561
115236
103484
110607
90408
90439
85549
67476
77655
93645
60483
38863
73297
118251
109945
93284
122248
82555
86973
115586
104806
146273
114323
139280
106950
75851
108824
125555
147416
105327
48281
114904
65963
136986
58650
79699
95037
151453
105367
79739
67787
134742
74248
57839
96851
89938
99937
86341
80260
81051
117309
98495
83306
122890
136786
101961
79449
122719
133589
106840
111118
78106
100959
107371
120245
138689
96680
109715
114444
84358
80490
55834
90839
83626
74730
127558
96140
95258
50855
121197
137467
62467
120556
84418
103663
53240
76383
95959
77715
94667
109846
96039
126256
78066
71934
120185
90469
110657
62727
73117
111769
87734
95759
61926
108613
97282
75300
99115
73076
102031
101339
101831
137998
122569
88886
89257
97683
102581
76463
80080
116066
131485
87694
58589
84037
94737
67967
58369
98935
81091
78096
101951
60693
71123
122839
120455
71183
89497
94587
105457
115255
115997
88445
51607
83266
102973
94346
80030
78747
99446
65984
107330
127018
88636
83546
108884
90129
95528
58960
111910
109675
36458
95689
99686
111789
60944
105518
99746
105156
73818
144981
93275
120716
99987
115596
120936
81142
92002
85440
123711
76122
101329
92032
88425
92453
54222
96641
91702
75521
151113
55143
98675
101400
101570
119573
85349
98194
143227
97762
93625
91882
72836
86181
78226
90449
102021
71634
73027
95398
108423
121797
126256
107861
98444
109965
104115
96240
101630
82354
96811
107090
90750
110927
109695
41397
80110
65102
63118
88926
96520
109796
54893
132217
124303
95819
90439
83967
93275
105277
102903
107120
105728
115506
78567
100798
91180
74970
81402
82324
111448
73107
64480
65773
96751
36568
77014
157624
94997
83156
119473
109755
82524
136185
73107
66054
121086
137477
123531
86582
93916
97111
92303
120655
87353
120015
95579
97141
95859
129973
89337
79629
55985
96200
80520
73417
111458
132548
91471
105998
81172
87965
63458
105487
91331
131616
81262
93144
52088
100528
145873
71844
97121
93314
117039
86491
74399
97462
122860
94046
121036
97251
97592
105066
81312
101129
95097
105337
97722
90298
106038
93525
98664
95809
91411
106730
98324
77575
76403
69590
89287
93495
114344
61826
64832
110056
90730
92323
88586
74800
118872
108984
122929
106790
77494
113783
90550
93535
102541
111789
109034
76252
112420
100097
113733
88635
106890
124112
90609
99506
144029
78196
97122
65111
112901
90700
94917
104646
123942
120294
113281
58329
100207
93956
104435
109354
111558
126586
81933
117219
87834
110837
86101
144239
66224
111679
99296
75912
97372
92553
75221
82835
90610
99997
78237
131085
91140
105157
100958
103413
96681
102512
133520
89747
116308
75181
59862
88836
116317
99025
85801
75471
102342
64089
86902
102692
76223
72175
92432
106358
112891
94536
79719
102342
135894
81803
84568
100007
70391
80561
103123
110537
83506
99175
77665
90810
104505
103173
109645
100337
92753
102161
116668
92814
112941
58389
83647
91551
76823
73257
95648
58710
77465
113633
80671
91681
56926
85640
56355
73076
69740
106258
70171
64220
111318
103763
66465
115306
88015
91682
98113
99325
80822
117970
101320
108613
89457
111528
90299
116928
111529
125915
116738
84147
88285
103433
53099
65192
82273
81883
91692
110277
90780
129662
100979
92653
72185
73918
112600
70862
114073
96790
75972
96180
98905
99646
88856
90009
100679
71223
40756
70061
97673
59532
96029
58169
91360
134101
122379
96210
88035
35897
144139
72155
77765
99235
85179
99887
81833
83877
87213
63408
65232
94546
52929
78426
104825
94567
73528
131246
62216
53069
85450
95449
94497
75501
71063
108312
101359
87263
109705
92994
119183
64180
106970
96089
86452
73518
78928
86562
96781
101209
116689
83627
124372
55414
97712
110637
136254
58710
80350
84178
108623
89407
95198
75701
96089
92583
93084
92383
96541
76833
104956
80460
90218
83296
71203
108873
71895
107992
101690
92363
79349
96952
93424
81652
100999
85790
75201
88486
99546
122679
77715
75622
56826
82665
111208
91431
98484
74930
100217
88255
92482
100097
90680
81953
106399
94727
98103
59762
63258
100728
81983
81803
93635
93966
32521
59851
73728
42910
96911
72195
66614
101009
110406
98705
79308
109655
88385
81903
79008
90789
62096
104956
75441
98845
136084
76433
101109
47047
77875
108483
88585
150992
80350
92443
84568
75702
131876
145592
55133
130644
96000
91100
94106
111538
130213
75340
92703
96720
93624
83386
80861
93986
112600
77585
60884
95559
108743
108032
98384
78407
94917
89387
114684
62887
106198
125394
105076
92623
93104
101690
127297
106349
71513
89187
83747
81011
129942
76172
62416
102943
102962
98694
100107
97272
105537
81342
118121
86512
90490
82364
76322
80500
97091
78958
91331
68278
95810
79468
80159
83266
87693
33443
76292
110516
95047
87624
114293
95419
147726
124132
63088
102391
78356
119463
78627
157525
92422
113061
53139
112059
91170
94837
127719
67627
96370
101610
128040
88325
89046
103774
96460
93735
68649
149439
105397
101439
97883
69099
70532
86552
91220
111569
74770
68909
103213
89267
74239
79489
114023
56024
109876
115435
35486
106228
114715
126496
102642
111589
111318
79269
140873
97973
123781
113602
92673
81122
116177
99296
118411
137748
76283
86021
41077
87172
126146
88816
103984
160420
161091
89677
116287
91210
89598
107460
86411
95789
103804
118271
115405
104405
85519
97392
104655
99075
100688
93885
147846
84558
92393
99336
88465
126586
95919
103213
125374
100517
82545
76483
95679
102772
102351
113301
73968
81232
97342
108983
109395
60664
96831
109294
108393
125815
89447
99035
150752
100899
101049
51817
79699
100027
124813
112561
92273
71514
60202
100087
65332
102843
121147
97763
120916
96641
74610
87053
95799
83135
108733
94045
85981
138429
105608
94556
82053
146183
89557
98243
93735
123611
73127
79539
112651
76333
121588
109394
122379
62677
108362
93114
118822
111338
88465
100638
72094
111008
127518
105868
129532
97542
118121
78076
66664
79409
113612
120656
104315
100247
87323
96050
96781
90069
86802
91831
127418
89036
109504
117740
64741
114995
90288
111929
93795
151743
92833
55884
123821
105036
120385
100838
93745
119162
82625
83867
70642
90449
100017
106249
142446
76242
104736
118351
109735
113542
67857
109324
119012
118121
136294
107120
115075
102622
99746
117349
101920
128029
92072
160580
91882
86802
81643
110136
89818
61295
95007
97692
100588
72195
85640
92953
151954
112090
107962
91160
81021
76423
84919
103223
71864
88986
72466
144100
104585
100699
101650
87323
82895
81112
65493
152295
96199
124963
114083
65021
73728
125304
76874
81272
87674
87774
68107
104144
110346
96340
97862
91020
50744
124723
109254
75231
53350
90940
99255
83676
76794
107511
95689
96090
56235
109264
57788
71463
65563
128961
100949
64701
80932
118361
83967
81102
102431
86902
84508
96962
88816
102151
90158
130704
98574
102271
56395
91992
85760
93475
86011
78276
113122
109094
122379
78296
79358
88987
112500
85640
108022
70071
56085
73537
75862
108212
64340
90550
105176
72305
93044
78206
91781
89918
92593
108843
97352
41568
110155
98494
96410
67356
99757
88325
101139
90028
85690
111208
105036
94256
91250
113081
107651
84057
104675
65012
60272
80070
92323
83597
67917
79529
91261
123410
42930
67456
93385
103473
101260
94346
98764
87533
88355
82324
61956
97171
76293
89256
125504
85770
78167
86552
91531
94747
98925
110286
105537
108443
112530
99696
117069
117369
129091
90058
107010
61324
75831
89217
125575
93986
88385
106339
86391
107742
80781
92864
95328
93044
113933
92373
110637
78446
94176
118592
75571
119634
112611
65823
92092
96681
112350
100418
108683
89948
129402
99877
74499
114554
93625
90378
71574
107661
80019
88545
79840
125685
68378
78827
85380
98935
84669
86883
48741
87644
108263
90940
107701
89598
82264
94737
69169
106700
58078
78387
102090
89537
95438
75270
84969
76944
93815
33443
108012
96400
55744
70752
87123
110867
117670
111368
99375
89247
72946
59110
99586
92292
44754
87423
65964
93565
62687
79599
103383
81983
63058
96310
114103
58980
88155
75751
70622
72005
62677
107080
85119
101068
49833
68609
99025
70322
89538
98514
105407
111929
87314
62897
76743
70462
79498
145843
73577
93043
79048
92803
79479
113723
83666
86862
98844
69240
94807
92583
99716
64911
90609
99476
65252
111117
112190
112250
81472
99055
85580
101088
99617
119293
113402
105427
92904
64741
103484
92012
105717
105948
123411
106780
118532
39483
124843
101269
128770
106629
82304
45545
78326
102381
121707
108703
85660
149429
98975
96621
78596
52899
88015
88686
91812
83807
103023
134932
80320
116468
60594
96159
99266
96090
68318
78567
120606
95599
93846
105908
69009
120165
149148
122118
50144
76924
96651
99235
89968
70452
97442
126175
104986
72916
109454
100428
86070
80641
93815
112560
67817
116889
89989
80571
53300
111198
109675
150802
82885
79889
77044
77224
78577
122168
106148
94136
70522
79639
129021
108472
97212
75771
74990
106539
84007
81943
94797
82785
117279
124803
107110
106569
80600
128810
60643
88736
78166
108583
90740
94036
116477
127098
78146
99386
93505
97241
142286
85450
52608
71353
78908
82283
130264
129853
116548
109765
84969
83917
75020
89778
92793
96440
77745
110757
111318
96460
105237
60833
80009
108814
77495
123050
96249
111448
78407
106590
76283
106368
106369
92533
123110
109144
107551
88876
107541
90178
108242
80911
108352
80230
82715
87033
90369
87814
102942
76533
61805
59131
102722
83115
101300
110607
108894
98534
110667
81392
111568
83346
127098
97422
101600
69631
86341
83897
77315
79238
90759
78908
87424
96170
106489
79950
114134
106629
89837
109505
77355
89408
119193
110867
98053
131005
93816
95318
81562
89848
88215
113182
93384
91651
100618
32912
87744
83877
71203
86912
101430
119203
75532
98404
79919
101159
54211
102672
75912
91201
120886
98845
76122
74429
108183
57568
96200
107982
63940
76783
113672
94536
108663
121888
96861
95539
119122
78046
83536
74750
95529
78817
86562
100388
82875
90198
89748
115135
94887
107581
82364
98443
96401
79439
89737
56436
79629
77565
93625
96451
82144
67256
118992
81923
98935
73297
114023
89658
82404
104876
111398
61645
116298
119633
115145
89467
82024
93144
82294
74058
79759
102291
100006
90779
122619
94877
111879
111599
83326
134491
81803
70652
71704
93094
68297
106149
88435
73237
91311
108262
114694
86622
77575
72245
91260
56736
87624
63789
100628
167092
88365
138028
76954
94998
89357
94376
85930
93314
88606
97742
108413
72956
101449
95879
76433
76062
99155
112009
119063
88405
119173
112941
90509
124282
125044
82173
96000
107581
81883
95539
93745
84839
100638
76393
81372
79047
100388
77124
81482
75702
122739
97242
56575
81613
92032
57547
101319
98043
62617
80561
94176
135574
82304
103132
93335
78777
99786
96741
100498
112701
89868
104035
100097
84397
105437
89788
78536
36909
101009
105076
92853
60533
97483
94036
101951
113412
162324
73137
94437
71674
85199
112420
145212
82635
101610
81943
106800
89948
87954
87854
57598
105227
76463
105357
81552
102411
106679
65342
79117
100067
128660
38903
105778
113663
80050
122849
83416
96851
99506
143148
61204
111609
78116
122509
76012
118732
107200
94687
100508
121748
45024
118191
89908
118041
99306
91080
84518
88515
90128
98774
93966
113062
107110
132457
49473
102241
100498
110196
96330
94837
81933
91150
109094
64291
54422
97402
111579
82714
132538
117460
74189
97131
107431
85530
95098
82815
86612
78146
75201
80811
94887
102291
116047
94056
62487
108072
78106
94967
104045
109174
147866
112861
94126
105006
106148
88896
55694
109244
80821
118201
116708
86532
134892
62927
126277
68538
100949
96620
103664
66183
96410
108633
89647
102151
70973
91591
75742
77795
98404
81502
112130
84939
87133
107260
69530
54823
87263
80650
106218
82955
94587
78958
85800
97071
115255
81743
90018
95188
81983
60112
79649
104154
88666
30456
91942
131596
92714
89698
106188
94427
106639
120756
80169
93184
125925
106559
86071
71814
65663
118251
79719
107681
46216
88475
155701
85199
95859
76854
112971
92463
91681
93504
88715
109394
103463
88997
76313
125424
97372
90319
73006
83837
109605
93755
72135
70722
68117
78757
76563
94116
71364
106860
115576
76823
86051
45545
74289
95979
98244
98454
70462
94467
75391
91701
79729
127598
86552
86501
138238
85289
79148
74148
123361
82624
69920
84698
80971
108663
89006
69761
76313
117149
91491
53841
112490
75351
76994
86843
77304
99807
98825
113632
100558
78828
106069
77876
104214
126928
94757
107882
128209
80140
62788
89647
116878
134100
81402
80912
95399
118020
94917
95238
93595
79298
78587
87994
69650
96671
91702
113893
87654
90289
88806
77445
113352
119964
69250
103914
92563
92363
99697
61275
76112
106910
125895
90068
70522
102061
95819
99446
119914
82494
76724
81152
96050
81062
117079
76223
95108
77775
93224
79038
102913
88676
102752
91000
83787
99135
97973
100498
127689
117360
73247
81562
58209
84107
76733
82234
72015
101539
81953
112861
108102
116468
84458
107481
56666
96521
89387
101429
79649
74118
132918
75872
87634
93424
79509
77646
98043
69450
85079
165520
79638
101870
95709
89738
81131
101490
141083
79288
77615
106810
93816
77214
74860
93284
103433
106378
81071
86001
92943
83736
63959
115656
110907
101940
67576
88525
91982
107871
98694
79148
88275
103644
74379
80621
80992
77205
94637
62988
48260
101329
66104
102281
100257
117179
98173
65944
81733
101400
89648
108042
84698
101570
83185
88886
59140
100478
78266
74920
64561
63058
95449
95809
83376
100247
124542
69931
105978
103724
100287
106198
76603
95789
63899
101831
66103
78637
97052
110497
82194
92252
85229
83566
80250
78136
108313
117389
116248
116748
94226
74520
89688
102382
120966
111178
94026
133380
103905
74088
91141
98565
119593
82996
85059
95999
96721
62968
90710
107421
97522
89617
76332
94647
132558
87975
78677
108473
55544
81442
92954
91311
65623
79879
115576
127588
112760
85079
84137
41988
118602
102672
77364
77685
113592
93645
75451
76413
96060
91581
98954
86882
94607
90109
87073
78296
99697
87334
94627
75060
98223
104796
76383
82544
88034
101399
92423
103925
130063
96661
100688
103453
83276
102030
102612
89748
83737
87964
68418
92012
82014
90950
102661
106659
95609
95108
89949
112922
121607
88396
116448
90139
108352
76293
67626
81022
98825
105928
98264
111959
80731
109033
98714
124453
73527
96791
94907
102392
70372
87182
97322
67757
99066
93945
112510
90159
77515
61575
73728
54682
84749
80120
103424
60794
77946
81483
83255
54722
80190
106259
57207
72215
79518
87093
73577
91151
131807
63298
75912
112731
97652
56796
81001
76073
98624
125675
95859
64390
74409
80190
83686
111618
98033
107741
82334
111718
101670
76503
78757
80741
61796
76764
89137
85841
91902
76122
69099
100518
94416
81092
71764
98554
91341
90920
88445
92473
131085
68699
79458
113271
76753
78727
91912
94327
96300
115456
79148
95528
114203
65542
94848
96200
92182
106098
90059
87002
60573
81241
85760
94036
55173
125414
99636
53590
98173
82875
84858
81693
80380
104576
101881
70111
105327
101369
87683
84749
99967
83606
108152
118952
77916
107010
121758
103183
93264
90820
66614
114013
103824
82455
83145
96651
104536
89567
134531
90219
121076
89767
73367
106108
93836
94496
79959
97933
73207
96089
110166
81853
117329
135643
86391
85289
89387
75931
81332
134923
67046
83556
98874
109975
68728
115135
86341
87423
76473
99105
107451
100217
107942
86331
113352
109014
101920
83816
123580
84408
90098
128240
90159
85039
35797
102261
114194
78086
100728
163907
99837
71774
72055
86792
68037
65392
91961
105587
94707
85370
76664
67055
130764
78928
82635
64531
77645
113071
87984
113632
86552
91662
69640
121567
95158
65512
141013
114905
102171
94717
111197
74690
83186
79799
91221
88716
80200
103593
88655
98885
62928
117830
81984
92182
104425
118041
75632
96821
83366
93996
125574
97022
65112
77084
117249
39013
74610
80671
91201
79829
70101
100268
86482
56265
96340
83537
75851
107812
69250
81442
82034
91772
72847
111298
81842
102371
96771
117410
84928
94416
110176
99245
84889
49363
85230
125805
101690
112451
98454
84678
115435
99686
69790
71553
94086
76363
104215
120755
80490
86472
125354
54451
80400
96791
112220
80320
103113
76834
77976
80420
101559
102412
98564
71022
88847
104525
111489
86041
104445
75831
121567
87834
107180
79769
75982
83677
79229
79028
101630
74980
120675
66174
105858
111238
115767
77125
78546
66384
95538
108543
106409
78877
80690
80510
93465
83967
87624
89647
95368
107972
96540
71594
77194
72315
87393
102050
88545
102852
75311
97993
38943
52548
33693
56625
34685
42810
39433
34073
34184
41156
44323
35386
35847
34214
37931
34304
36749
40256
43612
36418
36298
35407
45595
32882
37320
43622
37470
29626
34485
34475
37320
40937
37059
33002
53379
36558
31970
38161
47108
40776
35887
43401
49352
36859
41207
36428
38592
44353
35847
26960
40095
39053
31279
39754
32331
33934
46687
32921
39995
36538
34404
34334
40245
37139
38853
32411
36408
50384
34604
38241
33242
33593
28534
44052
34474
39203
42039
44984
39504
37179
35326
56425
38352
38171
34575
38832
36478
33302
41327
58580
42951
39834
41428
44313
36789
34805
49533
38071
34684
37140
43732
42740
40355
32451
61084
50063
34504
37490
34956
37741
38372
37000
45064
30878
31368
42248
35557
39534
37711
34365
37901
35847
42178
40125
41929
42389
38903
42239
37430
40897
36018
45024
45685
42970
33012
44784
36548
39674
56636
37531
37801
44113
34795
37370
38172
46417
30677
28483
29144
38372
34664
38151
34274
39995
49393
34644
38592
41989
33643
35126
46507
36648
35777
47820
36889
32451
40575
52107
52368
27902
44383
61726
43060
39303
26930
37801
34765
34886
32351
35075
37961
36217
36068
39674
36739
35807
40837
42940
40907
51997
59080
41648
38992
38352
29936
46827
46627
37671
36067
39413
28483
39303
51606
37781
47979
37319
43462
30587
30597
40255
39975
37780
43481
44824
41928
27832
36498
35867
36468
42279
34805
40896
28454
38612
34624
44453
85510
28192
30918
50404
64851
33012
34464
47699
35637
36679
31830
39945
25708
40796
24025
60133
29355
25157
60093
