85570
162905
156222
184234
132517
123200
151062
117940
164678
172713
98014
121297
104365
217046
101770
62827
111669
134051
94647
97181
83606
85049
98774
79258
113983
125705
180327
96190
176761
71914
125725
80460
74669
114915
150822
83496
162343
97362
95508
146394
74430
138909
82133
102060
93455
112390
128961
137817
107831
111929
87443
318646
112370
162553
100147
102943
147566
84568
89127
113803
133359
124363
129322
150531
125424
84147
115746
138418
113762
104695
107741
90179
112110
138960
102722
130674
101320
161011
90790
94106
142597
106939
113692
130223
117680
131276
113212
148527
129522
147676
121487
101740
89447
100227
79578
105367
102933
138509
135643
96410
119543
119233
94176
77334
114013
107331
113702
81282
112520
142967
115776
88245
128220
90559
127849
100969
45174
86713
95087
140403
128190
158557
50204
112140
123541
121146
111258
114734
125886
121647
123781
98985
103273
119252
129201
92694
109164
130484
110827
118522
152234
125695
97121
110125
192500
174596
74259
150882
119914
94186
83446
135713
100809
88646
94927
82494
112961
141074
112240
116938
108844
112249
86642
84899
109315
126356
159208
189864
91621
112381
88745
130544
96160
120164
87473
81873
83706
92653
111589
108643
118431
140452
76794
110697
119102
116397
126036
115235
107251
119614
133860
103583
130534
118621
168665
90659
115937
111799
37430
100938
130454
148577
104956
130724
103484
147787
134301
118872
160851
94166
107772
144440
117700
98093
126737
162143
156392
136706
116778
114173
141645
114584
136846
190276
125524
114604
98294
127087
86682
146804
110527
141133
141675
115836
132177
140422
112611
121156
82043
141695
124523
123781
129613
119704
187942
124653
134892
129362
87083
121376
170809
159308
131586
109625
86091
119744
78507
120586
129793
134522
180598
123340
133350
117489
131907
119814
107410
89717
113392
87484
79097
117359
126466
108873
90319
131776
96109
86893
120495
81583
109515
116488
119624
124774
129291
94757
110647
109064
106659
121297
125504
143939
136284
98283
154458
82043
130293
118481
118922
77515
105537
122769
94437
113753
135915
94096
94667
112650
94256
116518
117500
130975
114393
81011
86452
105157
110827
131015
113602
92242
140333
118512
79940
87553
69990
94577
127809
168224
178133
104125
78186
106449
138189
123561
117800
88335
140553
112390
103954
117780
116568
75441
84959
105958
126076
102141
121357
144701
92463
130303
128089
121637
128460
131275
104535
144610
116327
81272
88857
88235
94226
86712
135904
123852
117159
116077
104886
121186
120886
110857
123310
98253
139020
106489
103033
123862
95779
106238
85660
113262
124542
123231
133680
108232
122429
145071
101950
159518
109565
115906
97623
105357
102862
96340
81232
164698
103654
82013
116337
115375
118021
138278
115435
139230
93285
94907
114855
112400
104566
118361
79859
164608
106619
135153
132618
127709
92102
145722
132698
111558
96230
157034
110396
125665
73678
135904
120876
118832
118842
120506
121387
118461
135934
72045
128881
94226
80010
139901
86542
114644
113122
134701
96831
115676
110978
128790
125765
143718
109595
109615
114955
125765
144390
126537
71634
93885
87664
124032
58339
96911
75821
102712
198722
118341
170699
105657
129743
102672
147165
112921
102411
109735
135223
86051
106389
82044
133600
113463
90940
130914
81492
90379
129713
127418
138088
82955
103483
128050
132047
140753
121928
96250
134301
89297
114504
119554
98704
74449
38843
111779
132086
121227
149750
113051
112701
120164
90930
133129
121978
120014
59662
133369
122429
60724
87303
128620
126146
151533
92834
128670
124142
125535
114233
118461
115176
112380
109725
107481
172452
126937
122849
70522
96200
125054
75741
104225
129873
96390
91231
123060
92583
150952
129573
72856
132608
125735
79138
98494
178233
122459
184014
118301
134912
133539
79839
122288
89787
112490
161442
112530
84167
108262
132668
136335
64892
111678
198491
46648
32671
96510
91872
123531
93284
113271
111108
124974
118030
128811
76883
119083
103894
133088
112881
90699
111439
111498
119273
113943
90610
110366
107741
112651
114114
92953
148057
87143
112239
98755
99356
110266
80300
81332
124242
160240
104516
110686
123991
104525
118602
94597
102302
84398
102582
87243
89187
117249
109815
79558
107501
111849
99876
123060
128981
102973
56596
88255
100367
107561
122128
104576
115175
125024
121828
107491
153837
161111
97993
122950
119393
101810
109384
101810
119152
87474
114664
111358
108423
88565
93404
121046
93575
127068
118020
115657
79980
98434
143238
156282
107842
136715
106259
92593
114174
107090
125776
139811
100107
124282
114424
127478
96320
116417
102712
124542
128030
116047
146354
122599
124102
118411
112690
132558
98584
106098
106118
89568
127909
104726
107471
111187
86882
140503
102461
110596
120435
119063
85490
112230
109214
93134
83155
124943
116137
117710
114905
190335
143859
114154
124743
112711
166591
42479
112551
77805
107320
105658
155621
129973
135193
123010
128330
101620
175879
77325
154168
124112
63399
139290
114174
65062
100508
123641
126566
146954
100758
122269
170198
96941
86692
93976
121327
121687
34154
91431
111489
74359
67266
115847
126246
121237
141234
119122
121156
166280
162414
107321
107321
139590
129542
118722
139019
96280
156443
116908
154999
111458
115386
106700
155421
116608
85550
95820
82885
118381
79819
79017
90219
99055
101369
129311
135944
106829
108643
105036
100448
142286
84478
139771
88546
46607
141945
163446
121156
99125
165459
138810
94176
114815
79218
185727
110166
64100
107821
121076
150120
105427
99046
126196
122629
103694
128220
93334
135914
106800
90990
142396
123912
117399
86702
125083
128050
83215
96470
125365
118061
117870
86332
97583
107420
100889
136074
88616
100758
127869
108913
114514
109986
111940
131997
129492
126858
128440
115206
104966
122699
103172
114464
163195
145472
125825
114133
155540
102562
114784
111759
117319
133059
116077
120716
138499
90630
124453
107671
121647
102522
118131
90539
113672
127729
127608
133760
115326
148036
119503
140322
115135
165179
94777
147135
169817
126426
128119
105357
78126
144971
130364
125595
149620
138088
101690
158676
140923
132738
157043
104806
97512
90479
110146
110036
78387
122749
66093
144891
94286
102090
83837
170699
95008
76683
98274
79489
120255
99837
110927
85359
99295
104465
116528
107330
101961
122810
128731
142146
119032
119994
148317
151193
117520
105568
111208
105908
90138
114645
134301
98764
135944
122038
102171
151864
102382
134972
111108
100037
125094
113762
142647
86541
87002
130294
122329
158967
79549
170138
71403
109875
99296
108724
138288
129693
122399
103123
89247
111950
125064
109445
153466
103714
124363
110366
119263
131035
76603
107992
87073
119994
130714
114795
119273
157535
117609
123832
127298
126136
113542
100007
136726
81453
85670
126096
90269
92873
120636
130935
120896
77164
106299
85370
158527
92272
120526
124102
121407
123110
99105
109875
89367
101590
110216
118892
96010
119804
145522
160210
114043
78206
139240
127608
125054
132117
107331
127418
127979
141695
107711
122138
113122
122008
91771
133700
130394
101149
110617
114234
108192
117851
123681
132047
131906
126476
103434
138939
129893
114364
117179
139500
73067
129752
148488
107361
106859
113251
98324
127509
109765
121327
76863
84388
71664
93454
125725
96351
130695
120415
31409
112510
87894
117810
101399
131766
136666
95639
74690
114555
122680
127789
120606
110977
120385
110106
115266
133870
119273
131316
107892
153597
122679
132036
110987
169818
99887
78437
82715
134091
86622
117018
128420
114605
106018
134611
111709
79970
122218
123160
114133
102712
83106
109956
152776
129262
181509
106199
130023
116227
102342
114024
105177
101420
108833
125514
118141
114343
120966
122469
121667
107260
149670
84899
110938
95979
116988
88034
103854
114003
99817
75942
110677
111799
113102
120355
125555
121457
123651
103904
118612
113973
136535
130123
112841
110707
73287
124032
112610
108994
104545
124262
107150
102511
116889
121326
100578
110747
76173
116117
114203
97533
113803
131877
90479
201396
164858
112130
100948
112780
118993
121367
100447
114164
109805
121027
115856
131556
83977
117239
80961
130184
75621
163616
118541
135653
86602
118782
127628
124993
115806
136045
138128
109735
79348
45686
122418
79949
107141
110276
112501
122349
119133
78757
128750
114965
105728
128450
83386
103654
119223
102051
109033
79870
102431
128480
77104
107571
110106
94827
111879
78657
117039
108663
82405
115125
142487
100628
124092
120415
147285
108292
95969
113402
90168
108252
86392
114865
114013
131716
99095
90479
113221
93876
88385
108302
128580
89347
105888
100358
100959
152866
128931
136906
94717
117450
116668
116388
82594
105036
79088
114204
104997
102662
114754
83226
131085
110036
145181
111168
110517
117650
95398
110166
139211
97502
126046
115977
83536
155631
123170
111398
41728
103123
110898
144981
107822
124573
102822
123100
123901
110075
84679
118732
124553
123481
118792
108843
177802
128651
164688
122279
167843
103944
112360
113241
99836
77705
118081
89958
94948
98444
148748
79479
96561
107191
97301
85901
102351
108653
108192
98214
136645
116327
115095
121697
162534
114534
117029
108954
158266
156843
118682
161381
103664
126476
163084
109194
142837
113702
121928
100337
80441
104546
105346
115677
128350
102141
87464
132899
125404
123120
92893
122809
103974
108553
105798
119434
105708
88095
106189
121807
112450
111749
117569
117570
141414
130304
130714
121507
98795
114795
81041
127609
102231
126005
116718
104415
131737
114424
134942
75832
81843
104495
114674
145282
124773
108272
104645
88876
102031
101550
89989
127819
36317
113913
154218
88225
110025
147005
143207
98904
122138
84448
121317
121317
113592
100998
143288
100709
99416
121377
125535
85640
122569
80431
114694
104926
102201
122930
118572
118080
89527
125315
83366
105878
108282
101931
148979
159639
104485
92463
141334
99255
97292
123391
122429
116538
82735
147145
118372
117259
110837
106129
83046
187700
146674
110757
79689
116558
137748
125364
95098
124412
114264
98985
108463
110576
103263
91802
124543
75250
117760
37500
117370
133329
134912
109274
81633
121608
124492
124893
88385
125104
100107
112911
131145
83516
127258
137667
123500
116407
124893
91601
109524
109886
99716
133950
122489
120485
157955
104966
120726
102161
116648
87915
120585
86682
95098
121126
105116
104295
128780
139752
115636
124653
107060
147666
108953
96730
110216
137386
114394
118171
146644
137156
112480
109134
154939
142907
112089
119082
160821
98684
91571
102932
103284
111939
118682
140343
117870
116036
113753
89527
151864
85299
83426
98474
114363
104275
119233
96039
91080
129001
118421
107381
114905
135934
143869
97272
132177
121417
110576
154189
138459
131055
118381
133780
77124
132207
79930
120816
117500
101800
118051
122208
68578
82664
90408
111548
108673
138138
132448
123320
80420
114725
98594
101720
116568
121547
119383
122639
113974
120796
92703
129121
103223
85229
100067
160460
84759
109124
85650
70652
103634
120796
97683
109004
150521
82625
86071
110887
74049
108092
96440
90780
105638
72576
115466
122399
111067
80600
118702
86612
118942
115045
147816
108022
101210
88085
114845
124212
121197
152154
166361
107351
106609
102812
128851
138910
108373
118191
143949
89588
89878
130584
129893
107000
169387
149610
143368
170599
121577
141144
126226
93414
120295
111548
134281
138228
127318
149479
113031
124443
108733
121006
169798
175097
107060
134381
119904
81011
109104
112160
159969
98384
109174
87714
126437
86121
118963
120225
106028
149620
122719
135473
150702
115165
97643
159128
135033
124823
106960
104826
104525
118411
128150
115105
118060
82976
137487
124312
73637
131185
98434
137657
95579
88726
115486
117890
109705
114904
107230
130774
214160
120876
113251
137167
107090
127949
146714
124122
118571
121668
119884
99997
76372
88997
148007
109815
100818
103073
96821
105357
121908
117059
124162
109985
40606
106039
113412
128961
116548
106349
81281
139070
89868
89076
113683
125684
148828
103373
133029
130474
138919
130133
151874
156482
123320
114494
120845
75431
144830
93354
178283
106158
102080
98144
131987
72856
160109
125705
45275
137517
173605
139511
130283
109835
117129
128670
144110
126777
100298
156893
162374
115857
104596
127999
102973
72436
131456
108353
134742
100588
118912
151433
126076
118291
136916
119313
70291
116577
111007
105988
101038
73317
110797
134431
113162
113302
125294
125174
114174
83786
125234
135273
128641
120616
102011
104906
109715
128140
137627
107170
109315
123181
73437
128039
156532
117529
117119
102802
115967
75030
119083
99456
120195
94717
109565
111428
123721
163857
96550
135813
99035
142707
136536
132037
116758
128060
79608
128390
135062
113802
160881
108664
126005
67917
89898
93134
91711
91682
131476
97622
128981
131686
156283
80139
108092
93635
111989
119463
91160
125725
182812
167713
113872
125144
90218
95127
112370
122068
111128
114664
119202
115686
72645
144110
80390
162884
89497
106579
122950
156924
112510
107530
92192
130023
100738
124413
65151
103203
128620
85499
108984
91101
85931
133389
110596
128380
75592
106549
126176
143999
81883
109524
123280
106189
141805
144009
58039
72084
126616
129122
158736
148227
77465
105538
80571
78667
119904
120986
130293
126587
117890
112691
112841
90339
98714
107360
140863
80751
152695
102812
121016
140462
101349
42329
135633
130654
73978
130243
107581
82654
98965
113412
94626
113842
100107
99326
122769
95408
98785
89036
105247
158045
115836
93555
109054
93866
143408
101470
139761
137998
111719
113032
139471
136976
66304
116928
126276
56946
105557
114514
110146
188983
138058
147266
143258
177091
105236
113342
127368
140052
136906
143258
113442
174927
120685
217637
120064
139040
130443
140032
114654
137197
75802
120966
155882
168836
118542
92523
87393
165660
139521
116317
109295
130454
117029
146313
139711
149659
162914
106479
104746
113813
130354
125395
127117
158326
166371
88665
140142
131826
83105
138469
100669
126727
81001
111048
110947
114213
164438
96932
105377
128280
102873
126236
103563
117310
157494
95288
144210
97382
159668
128400
144720
119553
94206
87664
110336
103895
146824
143719
81533
120755
154729
105447
118401
95939
112570
107300
127619
122679
145692
82685
114945
150411
118812
105367
80931
154999
94136
101088
129963
108112
121207
98635
129061
95358
109534
120025
84688
129121
99286
127900
105657
106028
113582
135874
120405
115586
112080
115446
121206
109265
107481
105698
37169
64911
133610
145432
128299
118391
85490
115886
139571
107591
125474
122198
103093
106970
121176
114754
142115
157024
128810
44613
101841
110938
89287
117289
139911
116888
75050
113532
146634
42680
97853
162894
126407
104315
97623
127288
95469
161031
116838
102071
114083
91110
102161
113482
90449
95448
112009
124734
114614
113152
109284
86722
106970
144390
119763
101019
110677
143438
88616
102772
122590
112280
118441
128289
120816
140232
94947
94517
141455
123210
144550
96600
143428
128881
118291
149981
111248
108502
113843
93766
162854
130584
110647
129372
125524
106199
80070
121166
132568
86292
153367
115226
116428
112420
67496
114043
64651
137226
119093
125945
113071
113172
137687
85269
157074
121707
137858
96480
108372
113172
107281
99055
128570
100588
84618
104245
78657
118982
117570
102692
122279
68809
103784
98013
124773
104395
139130
129181
80380
109315
124523
100518
101790
119955
95659
103614
126837
110095
120576
121618
97663
86151
78947
125134
99215
114484
95349
115657
109685
102391
127368
118240
151944
119143
86381
132007
127999
119704
89568
91011
112189
124532
114324
150532
93735
111077
85230
102913
148427
136415
104596
100137
151653
161441
146434
114474
89988
121898
163696
118281
122298
120014
113091
131285
152264
124904
121197
103503
131526
97603
105537
83506
121868
109585
113212
106479
104505
73037
107922
159548
93174
78557
103754
104776
116187
126947
108824
134090
105387
112771
118121
84688
110958
104536
102402
93645
108894
119042
131806
147686
117079
112340
125034
75411
76623
75792
121848
118912
140823
153858
146533
93706
106750
118832
113963
130143
162403
165830
116958
81041
108793
141114
126657
97893
113001
75251
111789
127017
92543
138860
117330
78347
107862
115516
132518
92433
118181
102852
121818
83967
122539
99676
155270
81502
95018
103904
35737
121357
138719
131255
116468
115135
130264
121126
120855
118171
112030
107120
129703
121257
115045
153557
98754
108413
89577
166932
124593
106479
133850
94927
112892
107421
119273
121728
74349
112451
92162
111558
176370
77886
135614
37130
94386
125395
103714
102652
124633
99757
116127
116758
124452
82394
91592
156863
117540
114625
125294
99917
105698
113051
113382
122289
134492
142105
39424
98454
110587
83747
100448
110567
102842
112581
104896
121016
91521
93986
126216
98113
145922
120094
113863
125976
105557
94256
104254
120816
72866
119524
78056
86823
105948
107441
118342
133239
127578
117660
79519
53130
119133
81292
113973
131937
110206
139641
128260
114884
143197
124803
76323
82895
104204
119133
138850
120285
66635
117199
193271
116467
123671
73177
102362
106228
124082
116488
106870
116678
136936
112761
127298
157955
113792
111388
102060
122489
130825
109184
137517
161021
102752
105828
114023
153106
121737
127188
102622
142166
116417
85761
96089
121968
88866
126506
106489
133269
73397
107541
124763
129703
119754
145312
71613
122959
92373
105667
105858
75221
129563
111248
123351
110326
131947
116688
117359
141785
76834
108052
126887
105898
102672
139611
119253
124022
108102
120014
102151
120775
109545
71684
133379
104956
75701
149429
100307
157946
147315
120846
115867
119483
125494
113151
79569
116829
142396
116518
97903
79569
105578
59461
138579
122369
113522
107882
104766
125124
111508
113001
95228
134201
122449
111338
100648
95809
98294
88305
95138
90389
99907
108523
120465
101078
179836
133530
122028
122088
132578
139120
97462
96590
100628
141294
153477
119593
113573
111047
67907
127008
116257
131425
110136
110065
131776
125244
166361
93705
143147
106419
118862
114945
121217
78938
111468
112871
90108
127388
113311
122900
116067
90550
132107
119834
85229
90649
106288
118561
78937
140021
108502
108473
124081
81021
125584
108522
107370
108272
107581
100688
112430
76053
131095
115716
151834
109805
98725
119744
79969
111639
125174
109695
163185
166200
107582
122960
122309
121537
114755
126696
112340
139380
40185
89578
135453
125425
131656
118932
120756
127899
98353
129903
117419
118321
98765
118612
138940
115185
123762
80451
106990
123060
125434
102212
104676
99526
186067
98945
98403
104826
106339
117439
112009
132357
97402
125204
94247
97262
102151
104445
124613
135964
129292
103163
113152
116618
84928
133730
111047
110987
119443
158045
162995
89918
165680
120064
76994
122809
96760
148508
112079
113663
103002
95218
138499
109134
104565
121747
119914
80631
139521
125434
87002
89197
134541
113552
138689
144580
127909
94917
114965
156262
100117
137076
108643
116027
130224
161071
113873
114163
87954
120786
99346
115676
134371
164828
91361
97502
135203
115927
107421
87604
124412
102511
119713
134601
139540
132508
122900
109174
165459
50554
121617
138138
108012
144090
143608
84668
89427
161371
102031
114504
135574
107060
111829
104105
125024
136415
147706
85129
43953
142216
100608
137728
132408
88545
109565
136655
106289
128680
80961
107882
108673
101249
105497
132006
114814
122850
71474
131055
69610
129913
115416
79709
73537
77204
101851
87674
116187
99886
122079
151503
91170
100889
74359
98504
104315
120375
113202
186819
90329
109975
160360
124613
123410
122279
98284
138289
109866
82043
116878
47258
91381
102742
125365
113792
115115
110777
108402
108934
92403
154799
121067
99266
94998
90239
143027
126416
112530
110206
39685
146263
122979
89698
115736
106950
127869
105748
141144
162123
89979
96961
87142
84538
126106
114474
120435
120465
91882
103323
169286
82945
102241
96230
106118
83246
109244
96620
124523
91661
112450
138929
104946
121017
91471
35366
111017
112761
82074
127348
129913
107361
146333
64540
134832
72736
130674
89978
133900
140412
119343
104315
113973
86000
159207
105487
90179
115406
121888
140252
117440
81433
122509
122849
99346
173374
130253
117018
114784
127077
114494
130794
97873
113021
86492
144079
127589
154158
167954
102121
44283
72044
139822
118973
141164
155792
120756
120025
144110
117039
108904
165981
84197
120435
67807
171461
102562
100057
207839
141374
113071
86983
156573
182762
110216
120715
100969
143258
120525
107100
98204
114183
128981
130995
115245
67546
132778
111769
107762
119724
160420
106699
97453
112009
97091
194564
108553
138569
115005
121347
146513
97402
86702
125745
110918
106709
140382
120405
97692
75892
96491
131766
134432
137828
134852
109114
113772
152065
134171
122570
145281
121637
65483
119583
106109
99917
140492
118702
115366
115366
128029
117219
98885
132788
106029
119132
113372
142727
132919
71995
124764
88195
80321
75461
103002
155651
153256
88896
66774
111749
114985
107801
115707
97683
114143
99716
81011
144730
131846
133339
131967
107311
115386
134451
111318
114313
103283
81693
89247
107461
177362
98374
152275
86993
104144
101340
163966
138990
124783
106118
118842
141945
159348
136385
149099
111709
126797
138980
80030
116758
141154
145933
87163
148166
128119
132798
133880
105457
118933
77334
122289
111668
160881
87794
180467
120906
108763
132207
154008
119323
96791
122990
113563
130283
132307
72435
81763
150582
186809
135964
150121
110647
133901
86622
114684
123701
121477
119773
175047
117029
166341
92553
123941
116518
146414
104745
136916
115566
155120
118421
77014
121337
109174
121147
113041
103404
141785
127729
112801
109885
116027
150641
104796
105818
139781
104365
130604
112701
203681
119563
128541
107761
140402
101800
162083
117269
96611
112470
127759
123411
119563
103573
120164
107711
133760
103153
123130
114845
127057
126326
130133
131967
145121
93004
116027
200284
141554
83857
93846
99276
123190
105808
132137
110526
141966
87043
121487
45976
141335
87083
133619
135623
79770
128450
160230
135162
113903
94627
78286
104826
123161
128860
123481
73307
128319
96330
149249
100699
134671
117139
142557
91181
136145
91912
119503
79078
117991
80490
121036
117229
97462
48230
90289
102130
114224
110396
123812
103173
127598
110326
128731
82595
145572
120926
117219
107651
91171
102462
125896
128279
123471
113202
111649
114834
120085
116047
147195
107591
151403
129572
133951
141604
121567
119734
121597
116528
154098
122409
107100
130945
111198
138870
131416
115136
126206
103975
125665
100668
112700
124262
147275
103563
74329
92042
87704
104545
70742
126686
117720
125976
109375
120024
85811
109605
75952
132187
96250
178224
116999
123791
106700
98805
132908
70232
113482
100608
91992
104856
118601
123130
139581
118902
61395
84388
117520
79389
109594
78757
72045
107270
130584
115285
112240
140482
82704
139431
110396
123201
100177
97793
119022
73788
121266
82394
130594
83516
114625
90078
140874
107150
64120
112259
102041
98555
58789
126396
134561
98434
147947
94808
99446
106469
139180
147316
121096
76723
86291
112520
155010
90318
98594
101971
66174
96740
91210
88566
84768
122359
104705
177121
114183
103684
115386
101289
38602
145041
101800
124292
106038
103673
121908
130644
118221
98514
144139
186108
128911
124894
107221
116268
93294
132477
175228
102852
124091
107160
115706
105838
92372
97682
121737
123300
124062
84538
124834
108924
114184
147726
83787
126606
86281
115395
120806
117179
107892
157975
89948
172051
126897
106940
103284
144170
148778
192159
111629
157103
112640
109855
132117
111499
102081
109535
103503
101329
123120
98714
113693
137998
103313
124923
112680
116097
75962
112831
75882
120596
165259
81091
116779
115165
152925
117861
126296
104966
116338
117479
89948
120405
102572
120656
97773
102752
125525
93275
111278
110196
80831
109294
80470
148357
61354
119513
69059
77284
129723
77184
104235
83707
117720
94987
115647
49222
115656
65623
115005
92122
97412
72165
141474
69821
120705
80420
100318
85800
89127
84548
93094
114153
79930
74138
81472
84798
72556
148027
75761
136315
60052
73838
128601
101730
85199
76142
107221
80430
92934
76563
80270
88725
103764
112490
144791
83346
111188
89678
125354
91431
75451
83887
71113
145952
105407
130634
73488
104425
77355
115486
76543
118793
76724
66033
125614
88195
87113
99506
110327
62486
121437
87523
85350
57457
101560
75021
94206
106139
79379
83826
118732
33182
100678
105217
91391
110437
59191
136966
123631
103092
69910
85480
94226
79529
59822
109785
77705
146945
107962
107150
80330
120595
79087
100278
62357
107210
103373
102081
81112
68107
91982
102371
109655
68428
63388
79759
104796
85891
106689
96651
60594
91721
128821
83727
78878
103503
83205
88145
156813
84268
75992
109575
76774
191858
74429
138759
79940
63479
78416
105407
87824
103093
58339
74419
109835
101179
78967
71975
108923
93204
120946
76102
98344
114334
85149
102151
93495
68398
117520
81973
111328
86271
111288
64401
103934
49813
24757
117921
84367
129322
126807
122369
154007
73348
133650
106819
107972
130534
98545
83747
104866
104115
120315
94507
119744
103554
149058
101539
94958
104014
182952
129973
125705
111859
113602
115786
155972
93835
105116
112490
93205
115285
83175
113532
117109
73408
80340
97793
117320
114765
69750
123211
118592
74409
102411
130423
98875
164798
98695
98484
66374
104795
163105
102511
69731
107551
107311
123181
97652
63359
109103
146514
95418
96300
111348
99637
99245
104315
87063
123390
73488
113221
89087
107150
110216
69911
82595
120675
67777
121898
84889
133179
58930
114403
86251
78326
75861
91661
115125
82755
106208
65462
120565
103183
112189
58259
114163
71203
156392
92152
133720
50324
151584
75261
83616
79388
65382
108633
70472
137256
104676
114925
78236
124453
91371
108262
70762
93465
85229
121638
76483
131085
72906
139271
81923
104014
88345
117700
123150
138168
29625
103153
110236
146194
70922
107511
70292
70241
105618
119754
86312
109024
86571
113872
69500
73257
78547
129382
80230
97572
68107
77945
94156
111839
69750
114093
68628
109054
83767
105798
78296
114023
62987
90059
57287
103814
79859
124282
95299
102261
88375
98074
118642
74970
51025
68719
132237
54412
126286
24666
134631
111157
108954
96229
123671
76673
112610
62506
104595
119924
54952
128009
75411
111228
55925
127168
78377
119543
51215
120175
69280
113252
87023
124142
88195
103203
110517
72576
91451
120756
82534
103964
94497
102492
89978
117650
73808
112130
77074
109314
88556
117459
83075
90890
65452
133088
67386
105427
73508
88786
105928
115776
105427
101550
79028
121688
77676
120415
83977
108823
69861
113432
93254
159629
107591
125665
79609
148428
94286
125104
101019
111489
95989
110797
92122
114975
81342
113262
126056
101429
145192
120234
116377
109285
144500
82414
92382
114524
109464
107581
80320
103623
87593
114645
121006
113653
101540
131626
117550
162273
96381
112841
65432
103974
174285
123581
137537
95949
123762
88395
120866
114334
96400
108012
117639
154389
109114
106299
79659
88475
127849
98605
104015
147205
138880
120455
140292
96911
142657
111829
107181
147726
103113
99576
102361
109434
157264
99797
151523
105758
108422
113993
92874
83255
69940
105768
66734
117890
95619
123691
130193
123030
74349
114774
105537
117740
132798
77355
113682
115556
116317
92754
102983
100117
116338
131165
121908
113713
82093
83817
131947
116167
72306
125054
120345
105176
124773
93725
118441
120455
108764
73307
138118
126366
133941
125444
108613
118852
107961
120265
111198
111488
132608
115526
93355
178113
75912
111258
136345
110747
127448
119473
115146
123341
112350
123801
70452
98684
94016
94958
115246
112340
123551
110296
136145
103494
145953
123100
81603
106569
172602
114674
88125
111879
141955
136425
93655
116858
86522
135002
165510
88425
119935
113012
136846
131716
112551
126226
65122
160901
121237
104665
117189
95820
153507
122008
130775
95268
106610
121296
108573
127378
113532
126176
119865
130604
108212
99116
110847
124272
117199
106078
123521
106408
75060
121527
127799
130393
104375
109013
75451
105006
103053
116117
113752
107712
126727
133800
85520
129282
134912
106028
135243
35356
137567
150221
102361
117690
98184
104415
137197
130604
89398
170208
143187
115936
95929
97702
103924
117439
105757
117750
143989
124883
123491
98454
105737
107030
141765
113031
107410
119162
114925
161582
140563
117850
125705
114534
122519
131556
89748
116137
161843
113552
97062
112721
94206
120435
95177
133329
85209
111498
97843
128991
133980
154338
132237
86392
87082
124061
131335
129262
96350
85570
124322
98925
106539
115065
100027
124954
115376
80741
132447
109805
146825
97192
82554
108884
130313
81893
117059
102983
119754
136555
89337
114904
106689
115356
116468
96671
117579
123942
124482
114084
135213
135163
120685
103082
142666
113412
100218
129402
114594
114925
137548
101550
117891
213008
100798
118401
82534
116958
87283
92563
115856
82113
106609
70752
94847
115887
163395
129152
148637
84649
127408
124974
114925
89458
72565
118492
117590
127218
155891
151634
126737
117149
121186
104546
114303
113973
140172
82745
130664
103473
138599
130153
125164
153537
110326
117129
117790
124052
110226
115045
101871
34906
141855
82384
122609
96210
94055
79459
125114
111519
122078
137537
93004
122009
124412
122249
114073
128009
134221
75130
99686
140993
122319
114975
37290
125174
117169
133419
111128
128470
134020
95809
108403
107371
144400
77214
116819
156533
104756
93695
124923
100769
125084
153477
64611
135954
119784
105978
76152
86772
102121
90219
104736
141734
150872
123792
127198
123821
109434
103102
119874
125775
77616
150251
83756
103293
132698
130234
128420
104245
112471
119794
74670
146644
102111
114514
127949
129432
84989
109966
110206
132187
94116
83626
87734
122339
96741
70461
105627
109525
115286
100177
122458
112851
104025
99967
87764
108833
137196
100257
115426
133630
127288
132217
38342
80751
118541
143047
122529
102071
112480
100779
91341
117630
113683
108273
95498
111709
121677
107290
143428
78697
101890
109996
64711
109645
188632
146244
115596
81903
134121
131485
168505
115035
111658
95579
111879
140763
129602
96340
109886
106028
79649
124713
83185
108683
74289
110737
99897
128210
113703
81974
135754
115195
105557
77435
109354
121257
138499
130744
95900
104676
144440
101630
91090
68728
35887
136815
154930
113402
116758
120165
42099
131977
118883
112580
147766
130835
135944
111329
118983
124663
110376
109414
78527
144360
123300
81292
155310
100598
131777
116879
40245
99536
117299
96070
129883
110156
113102
125544
127659
118301
151273
118261
114674
67006
120295
101189
128200
96861
136215
122429
96220
117159
103484
169076
109024
125634
127519
109705
106318
114043
153317
75651
117740
118632
110026
105658
105287
113732
102912
135523
140673
115135
102652
86521
136004
105457
122569
100939
126006
146284
126066
97672
83506
133078
131626
110036
126987
81162
97893
162143
78797
103673
131786
92482
88916
109745
103764
111638
123150
68718
91430
113542
120054
123861
121918
100458
93846
141184
132488
119283
114164
100869
127679
116277
95749
120224
127197
127919
126286
102352
112911
169186
109044
107281
71634
132127
116488
95930
141885
64381
87614
112380
130264
110126
113372
112470
92113
160580
117630
111899
79489
74780
120184
158557
117690
121658
127208
151733
109775
130013
114855
109484
116959
118542
188553
132007
90148
81162
118782
118091
101950
113512
137778
89437
93584
107140
103694
147265
134922
66485
95558
120876
98764
112911
113382
88154
99276
116188
138879
44924
84538
106328
147385
123561
113953
117590
84959
93845
93394
78226
122599
108934
94396
103654
118822
134401
100118
96049
104836
131356
187720
115667
108983
123711
112841
114083
130063
86601
116006
75512
116318
124392
99256
147766
128470
116788
64641
164968
123501
103673
122288
130274
112029
104746
141434
141054
112290
133590
111559
100147
135123
114073
141575
114183
132418
162484
119924
155570
149469
136545
139050
138770
131846
115927
91301
136334
80130
109315
94797
115777
113552
125204
135252
156052
109415
189003
100969
99486
125654
102001
101360
116397
82674
72906
138620
140924
128360
103964
105197
107571
106899
92313
113362
93835
113733
113923
121497
123651
89838
37821
80811
116457
129272
112861
61955
70361
112280
117109
132007
109264
115807
194103
127529
99306
124162
68298
135272
93394
103304
108332
132758
127449
105096
110927
162544
78997
123050
98083
115356
103544
102462
65362
94206
135052
119724
128240
107251
101770
111278
147475
118151
153818
94607
129522
101700
118902
102872
135523
114504
123330
110437
136024
105267
122319
123571
120846
140933
121206
79268
129933
90118
81743
114213
124272
145762
117830
119524
93525
105678
143018
102561
171570
119673
182311
77535
103994
118772
110797
91381
104796
95779
94607
103885
107471
61274
147175
106228
123100
144741
126707
128831
114033
129111
97703
134591
91662
188352
100558
142567
110988
112781
101950
123852
115256
111749
118311
115005
115746
87484
132047
108532
94937
125274
106960
130353
127128
155802
115004
155841
105788
101480
122389
76664
168806
99757
80219
127358
95208
109876
80901
145522
126847
155741
110106
118872
116719
110937
119834
144841
91291
135333
137167
97182
97101
165079
159017
124323
67917
117660
85870
101710
172512
103794
113512
129742
116898
122529
117059
125184
108924
102842
128851
125224
114204
104325
133068
127899
114373
84619
116928
83456
89848
116327
127659
106449
105508
110406
104475
120976
112300
109946
130133
144831
113462
100458
111719
48912
138669
121137
97252
154489
145552
123430
123380
78386
99175
108263
124052
97913
93555
106539
116047
73577
102452
75131
123040
62266
118000
102251
125965
104956
116297
120595
96670
87313
78006
101129
97232
150772
125685
70282
101049
115897
113161
80951
73577
116688
122418
71694
116908
124072
123771
127809
86091
108142
118602
81973
108172
99185
505044
170769
135644
134622
39253
144760
102361
134301
144780
116668
113161
129903
100478
134121
84698
117510
103133
122299
110316
129763
115806
130664
123662
111769
102752
111418
128641
129543
115526
86582
123861
110877
127237
107471
75361
143499
148387
143127
115746
90780
90659
117490
104075
108092
95068
116818
118081
139180
126326
114414
178914
143538
152525
119413
101500
100598
99667
112279
116138
157514
100718
107150
109765
172703
89678
118051
90348
79269
97873
129612
120926
142957
134902
99656
95348
115807
105377
66174
104335
106779
112490
115927
136916
135954
101059
122359
101981
76062
125846
93795
95629
92804
100659
129392
86412
129361
124252
121457
110918
115185
127959
139260
133750
120906
150020
64140
104215
138318
110987
115816
76894
131997
110196
85019
79809
103122
103974
124071
100588
141434
127328
162244
123451
71273
138689
152064
127829
86662
126165
127538
97071
114955
124843
141244
104996
146273
117430
61716
113102
120435
140733
91581
103804
120736
101569
110546
112019
88776
119584
128340
94045
112340
134792
106099
94647
113953
99115
117539
119543
118391
76423
125624
90098
102452
82003
79759
129923
108583
111539
70041
104124
96791
123080
130664
122479
101670
142556
78517
96650
84919
109605
105207
101009
97072
77354
125705
101670
110918
107481
105687
119173
134541
116328
85290
94477
134601
84618
110897
112540
120566
136875
95759
69239
122198
133489
105427
119714
99917
153557
114314
127107
159538
130334
116999
109394
110266
122469
121758
121948
148698
157143
111518
40296
113302
101400
139982
98855
105507
123260
94366
99516
117229
137547
109054
114594
120475
140282
125224
138850
79959
114123
121998
89488
126066
97562
116047
88155
64160
109014
164618
182892
134571
78206
121036
111218
138148
137317
91401
109474
91171
113542
96640
105307
99306
91230
141385
89768
139350
130684
117659
109805
77785
31128
110347
125906
114393
125715
113081
165419
80771
117821
115346
97061
90078
107290
156773
102752
130083
119904
103022
72526
93394
98324
115175
116758
100798
127118
127338
91732
120074
125314
114254
132368
104756
136485
95017
136725
156242
120866
132829
84197
158236
115836
113983
123530
136976
109896
123912
127598
172432
119734
105758
142967
88054
125124
64340
169166
153888
111438
40717
133710
95679
112591
119253
114534
104044
142065
115536
81632
77525
157464
117540
108292
115977
103193
106960
112941
109605
114714
116257
113873
123722
110386
62857
156884
91631
135614
104014
89868
153196
121788
129752
116818
115536
95669
155030
108112
108653
139942
118682
160630
119684
111489
99526
113963
117971
112741
131726
125604
135243
106479
113302
123902
124142
91832
110476
83767
108272
97803
131937
102702
125796
136325
101550
138990
121497
112871
110306
123511
146634
127017
123220
169547
125425
164517
94546
107781
85710
118903
150822
66885
83587
119884
124673
100568
97132
111028
99526
146684
119233
44143
93926
130704
102492
96280
118291
122840
109214
119653
108613
151423
131896
75711
115276
85630
116368
105757
110025
108523
109785
123892
122359
79599
127519
147967
104776
110597
189294
135794
112019
174526
159377
96049
131866
127588
131927
106138
109094
100398
109836
94697
137968
139250
101700
109074
96911
106099
122540
103233
164397
112731
126316
119423
119444
98905
116147
126045
133059
109595
138740
110857
138098
117059
127088
110958
91881
103303
156343
92753
104115
96390
66434
99767
92213
102301
149509
84358
111539
120716
131205
104255
113793
108042
137397
139771
133350
143198
105497
118472
116699
67015
125795
116277
123982
127628
108152
84818
134972
111518
90138
128350
102502
95459
91131
110867
99235
100267
115466
132077
128920
83406
128780
93094
157895
112069
114524
74249
120646
90138
129522
126597
112380
172142
100838
84848
161602
132998
118632
97171
99757
107451
118832
110777
122549
114184
100517
139731
118000
116668
99276
103072
135042
105026
138969
112730
102962
171321
98544
140212
44093
72686
44113
131876
128430
123521
116267
132117
84047
106118
91351
107892
105908
153677
124603
121938
66094
110527
106209
133550
116227
82544
104034
112501
130854
143348
137637
93746
124212
100448
163936
140453
109374
99446
145773
115125
106149
116587
125304
105077
123661
129853
132999
134061
117349
121357
119754
89648
132968
109845
104325
78006
131075
111529
146744
130193
121336
113623
110797
131706
149289
100619
98825
137968
96370
132958
141184
115937
134141
98545
115216
94246
125344
68388
110897
112640
131907
79218
97482
77836
117750
91842
137588
77735
106479
72025
127088
73427
180096
75431
126577
89467
126978
96500
136886
95358
137597
84408
115456
83816
115035
39965
124833
99937
112229
115256
122549
60022
81422
75401
127618
77916
136195
80751
141855
94657
120225
50344
164116
62788
118882
77455
128621
79899
108322
63960
128249
73387
114344
70051
109825
43291
105708
75602
125475
70121
123261
74209
110336
86542
115205
82554
109946
77514
137437
80029
100258
93975
99205
83726
108182
78227
120144
112350
128059
104526
102322
67135
83105
79188
110928
62477
99926
60623
118772
101450
117630
72275
145462
82183
119874
81812
109144
73628
111579
47899
102181
102992
65963
62858
131255
104214
114634
83366
103102
68568
73407
77555
120144
71834
104295
102291
107861
51958
108513
65221
163716
158657
156282
121978
125023
119042
92483
127599
135473
122409
139110
111689
161623
150041
143438
121387
131415
108322
117580
114093
113351
144710
102952
102972
96360
105588
104405
136575
108523
93345
118582
115806
83526
121467
96160
96831
107881
102461
162503
155741
109284
169286
116127
96209
135714
127027
106800
110186
106369
66725
147035
152064
122610
141064
117580
103784
129032
137146
105077
111799
141084
132458
133520
133500
114725
88305
79058
128029
133720
105417
67887
105066
103163
176460
102782
76182
118481
122068
110617
172643
122709
73908
109114
98784
112971
134732
142596
127489
94267
95088
78958
91912
101750
162363
99907
143318
125224
170699
137868
118201
94988
122770
88034
105006
118481
79829
120024
91390
144630
135333
136515
107551
119905
111709
157895
119463
114765
116829
122750
150361
115787
109756
100328
106509
141514
122619
108313
113251
136135
112480
111057
99816
118371
107080
114424
45876
114924
114013
100107
105317
122639
99796
132378
77225
116478
84128
97733
123832
153006
111920
132177
124643
102792
43681
133880
151203
108994
140452
93505
100718
146093
132297
108633
147856
129663
109685
122108
116327
127659
120595
132959
111409
107221
91361
124213
179075
107451
155551
130604
180858
123561
117239
118812
99195
139792
98945
115336
100839
96911
117329
146263
109104
107370
109245
134892
128610
108283
127338
110847
115566
143157
147585
113592
124252
155089
85971
107020
127509
132859
108533
166000
146574
84699
99877
169046
111859
113722
104565
98584
134952
131135
91331
123971
134371
122519
115365
116117
121978
134160
123381
110987
190236
108733
126346
100107
65893
102552
91561
106018
120906
112050
134311
150832
126536
32201
109304
142616
204132
127609
121868
135323
115877
123802
117951
138749
134321
158577
182761
99376
121657
114424
111028
96170
156623
91070
124844
156072
134692
34534
107241
118481
148167
80831
90569
144330
101490
109905
121747
115446
112541
108582
166170
168465
123331
99136
104526
105818
115196
141154
111498
131195
93544
150752
100477
86161
99005
129482
157194
118261
119052
118822
123931
117760
98464
121728
118391
116227
115876
99165
109464
109614
108462
90359
119864
109845
116086
98153
130744
124963
119393
105547
115025
107631
153247
104204
80361
116067
123450
157254
126857
137898
110226
129722
112601
102601
106249
104605
115726
157985
92643
92052
127738
86892
114293
95278
79969
110236
117159
139601
101890
108994
117360
149540
114915
119414
137357
117249
92493
94887
61004
139641
82164
106178
97783
161302
128801
77755
111699
96039
129401
144730
119544
103403
108704
110788
134181
127728
97251
118832
107170
68839
90740
117149
105327
131956
111368
91541
117079
100127
121517
106469
151653
122759
73908
79338
146844
95148
125013
110356
140202
66384
135393
114564
82635
166892
135253
114804
102402
97462
97232
118101
106138
102582
91491
97622
92233
116719
97342
115636
135473
109445
124743
103664
125034
66484
87864
95859
115917
160039
110607
124343
112680
140112
66474
110126
79098
110757
130955
135844
152885
98614
123691
116327
125725
119633
110346
145572
108833
74729
79649
123090
144700
118943
135022
117360
105096
96640
105848
118211
110367
112461
128250
107792
137667
137107
98364
88225
100177
119503
113842
124282
111007
108132
105127
43131
61906
122599
135303
87654
104936
105397
102362
123120
107902
146794
122008
100427
121387
136466
121207
143098
118131
112891
123571
138910
106629
164939
129743
76162
91682
108613
114864
128139
162654
74819
128831
84217
98544
110286
91020
135193
114554
98794
119323
104174
132567
108222
123260
149129
82554
89968
150040
169818
138599
98615
140703
97592
98544
98253
107101
130884
127578
103904
92833
134150
113462
178043
119433
119844
113162
74389
123190
83166
107281
82434
116357
105547
103814
135423
112630
117981
93274
101640
98414
125003
111709
117440
80420
84679
80591
65252
120004
105557
113131
73197
100237
98484
102622
113131
68628
101640
118842
126777
133580
34644
57668
93544
103183
95048
144289
128631
83627
111238
84157
131896
84007
123360
90449
114565
68659
79529
92162
72135
88916
135213
134020
138138
110236
110216
86070
107621
73177
126086
73317
103955
80240
94186
93946
111328
110607
94227
111017
94106
101380
96771
107451
128581
102752
101139
110116
102813
96650
94186
126537
139060
105156
115876
91661
118962
123942
69540
94717
143608
114524
125825
135453
98494
104496
133590
135163
149911
91961
115035
171821
82925
118782
73217
108943
99136
117039
127458
116558
116207
167573
85870
103944
83586
108774
119864
110266
78096
98023
94357
84428
105417
119884
120836
135904
86262
111509
118361
134721
103584
113603
134682
106889
152325
108853
108223
90008
117860
124132
68718
113192
86612
78768
99886
107230
123491
117800
106379
124743
102982
88095
81142
94306
121246
105667
64821
128009
108543
111398
77144
132808
123441
112771
97752
101139
127298
167252
110957
82895
125114
153908
68919
113141
104656
122549
163015
114695
91671
188272
126456
87664
78877
132377
135213
108052
133700
113782
115876
139731
113132
142667
116718
83857
161813
116137
101811
100067
104706
112961
105527
86412
93274
86371
129953
127669
116918
115506
101209
150983
91241
127939
107501
102632
103083
83746
125385
110246
114524
104816
123631
123652
127989
121648
116558
112780
142256
100498
128901
129993
153297
123531
125104
111999
97733
129131
142697
118552
102933
133840
116969
102582
125725
115236
102341
111769
101129
131235
104775
138980
142767
122168
143408
125995
106068
95829
110607
125785
96109
111729
108212
76804
115686
124333
108773
110527
109174
112560
149339
129943
107281
107100
84488
127529
83115
107461
69370
88655
106499
118111
109344
130684
109575
122819
154940
141545
104656
115145
131596
119453
112991
74830
143358
105697
132047
104436
94547
119273
109434
140273
121417
81392
105658
82664
123350
102261
93205
73327
73838
101129
121798
124472
101530
113332
130133
131535
151383
136555
106690
119032
103022
138639
99215
127398
171210
113001
116427
106368
116708
107551
102151
100518
111308
133830
116157
131416
95047
117760
109074
104445
50615
126025
144871
84368
111518
96931
105958
126176
109936
126827
153687
159919
82024
120425
110777
124212
118922
106499
75992
101029
130684
162023
114083
139060
105377
60964
161742
132517
128680
121247
119583
153446
52098
114705
101920
136615
136425
149088
182401
142516
113772
88526
117620
104235
127899
112580
125154
89036
117820
105086
123220
110125
106800
109886
119092
127157
129932
120445
113602
128029
117129
112670
155220
107340
169076
116077
114865
122198
143809
82895
114514
129312
110457
137427
127178
42469
42800
118291
114884
115786
130855
124112
121938
142486
125755
101249
114103
111118
113151
134641
100688
125425
132527
96300
127769
109815
134100
124392
132427
107280
103423
135403
139120
126837
118351
111077
112931
110837
124903
107240
111438
130053
106459
127027
88515
127408
119583
171460
121057
121808
166972
128711
120596
128290
121747
99275
120896
101530
112751
121276
128290
74650
121918
115666
118161
132328
120234
110367
129623
76854
102211
100047
103794
77896
81242
112210
169707
117570
81452
155130
124362
108733
104335
118551
132507
101359
89357
121427
79539
82805
122258
41999
111528
133781
109064
98193
110777
125805
115186
100458
81412
114404
94436
121537
95278
128911
108743
123100
115787
96630
107621
79538
81312
97523
65563
116027
93675
143839
69750
118080
86952
93695
107872
120385
121306
108412
127659
82544
100357
81542
129502
98434
120746
80671
94687
107130
110166
109675
96541
139471
79259
139731
122068
123621
136025
144780
83386
120866
101539
104746
136105
122509
83266
140663
109865
123081
145292
115977
128831
122689
109825
101690
108793
122349
128790
43641
104025
149419
118361
136204
88555
121246
115606
151784
123581
99216
147105
147475
173565
157013
151804
134862
89066
131586
113502
110576
113582
125856
101038
154800
106860
115957
125064
136956
116177
111669
147686
120576
123721
139801
129191
104295
101279
118582
134101
121667
124343
199222
137497
105528
140502
146945
110366
108153
119584
150281
131506
113141
105056
142947
91020
95880
75381
134611
126587
109615
107200
70232
104996
92382
99966
97743
79178
126626
128851
116658
104686
99977
84798
121187
86973
78436
105547
132097
119794
101340
111408
116698
106599
78487
127829
94727
104776
107231
41086
106429
127909
97643
190917
142978
123721
85259
143979
97623
129342
84247
106209
77675
94116
120906
77405
98414
106580
131205
118141
123651
98093
126326
130053
156523
148067
107952
52558
91521
126607
100959
144610
131726
96060
109044
133951
101931
104826
110576
74319
152284
97212
102752
97873
114133
105968
117510
106659
113552
110216
130824
104996
120695
129151
121777
81392
55433
136696
123461
131376
103213
99376
77004
139030
124743
109334
126035
62426
154750
116678
115075
96140
121617
104095
112781
83216
92393
108032
105577
119623
142697
98805
75511
141183
156032
134501
126266
122429
86242
74859
124793
96781
114765
132417
109274
127268
59270
103915
107391
88155
104456
57338
93866
117960
122248
78466
114193
116267
125244
130154
124052
147976
104436
158236
146954
95639
100027
97072
119583
107250
80581
112701
114144
114704
72656
119955
135784
140032
95449
94817
85891
115285
90710
133379
96871
108462
122479
99886
95228
100849
155421
125204
80600
105667
128430
127959
92253
110386
117710
118622
107832
114224
95809
94396
127548
92292
119003
95168
103934
102131
109064
76854
119012
135022
111849
114804
85509
141174
101991
154729
127207
96541
127328
113261
84869
84227
115666
106018
101710
132909
107280
117049
155922
106159
187440
128460
87754
95869
88245
116287
97883
96451
98334
123110
92353
95168
76002
151333
86732
112560
98504
88966
93455
111207
119874
82835
70732
74960
91010
139421
89106
151393
98444
98193
119493
107852
87764
109534
100357
114935
92333
89737
110767
60032
138679
105678
54211
124522
115967
95449
93666
81813
97422
61195
116578
87614
112150
131115
93665
98905
79288
85400
68678
100448
85971
83676
101901
63709
65873
71043
103704
70381
106820
101339
93816
87814
107992
113873
98554
92533
98113
125555
80060
102391
115025
96871
137817
105747
89828
86081
85309
115866
179726
107571
87834
84659
120104
65733
93985
87023
102572
81192
107711
68909
112711
75321
66524
92383
97903
90689
82824
53340
77935
102091
57237
79088
87494
64260
95739
101049
81262
111227
87584
65884
114443
72485
104876
89057
80260
65682
95358
134291
110527
100989
105828
93305
62326
97072
129642
108283
97672
111408
87053
92813
87894
91010
53831
95879
84648
54121
72175
102171
105507
82935
113142
108403
84589
106799
103733
75622
98264
130544
95408
99586
102722
120996
103143
126767
70742
115506
88024
133460
55664
66724
124813
147786
106398
78587
68638
89347
68979
57758
125335
90980
88315
74960
74258
113281
108292
106629
72145
91181
135684
100048
108402
110506
89067
100087
111118
69079
96199
100929
109074
121397
86341
98414
121196
112550
76613
59391
109505
70131
71043
115947
86011
85851
90459
108072
148919
91080
120615
79329
119373
53400
109124
104575
64982
96651
104686
99115
140132
68789
75461
122930
95218
123461
110747
84177
132728
84618
115686
61575
88616
91070
123320
96010
64059
113993
92092
107962
128390
111368
74129
94456
77685
87263
78938
77976
130284
115616
82825
57688
85600
88716
61996
57718
81061
69160
103143
107541
58619
130364
119413
113853
109224
94366
90169
108573
115536
107692
91752
82764
83175
98153
95378
66745
81843
96149
86181
127589
108422
83065
98645
91992
104225
87223
93956
92303
95889
37009
75431
96190
126867
78958
109324
126697
113883
77735
118341
95538
126607
117059
69169
118792
88065
60724
92423
140533
75371
104996
97543
77815
99235
55433
84709
95649
61085
131846
59642
90409
73707
99126
119844
106349
94036
160330
96681
96340
87454
85991
97152
86682
85640
131035
75161
83676
100788
110126
122670
112541
120214
97032
119644
87694
101700
109294
82615
103203
114634
61845
110366
111779
44803
98624
75992
45475
90459
108994
101049
67075
117891
110727
85320
93014
87153
89067
107501
105317
125064
106839
112590
92202
97041
89418
83967
83516
86131
96811
76233
67316
88546
114334
35497
78366
143589
107611
75170
123681
111699
81993
139541
83666
62607
131135
137627
113282
97963
118501
97553
95008
132328
97372
125535
97012
94186
90650
133199
91872
84438
60954
100308
84197
84107
114914
140453
85119
145432
84017
76463
88586
106760
89488
132097
98734
95268
63879
115546
145441
89918
113041
115035
113021
90459
78707
93034
122790
98835
109935
94507
98525
123240
83456
97132
101409
93304
96511
99245
103012
88976
98855
98624
95889
106519
102061
73427
77936
82124
97682
98103
117019
55544
60734
99415
89077
95498
93034
79979
137137
104295
122409
105267
75552
108693
114224
93484
99796
108232
144039
76654
110286
117500
123621
99737
111839
116517
80030
97362
140894
81923
91070
66294
109404
102030
91261
106148
107722
114114
107010
55293
102231
98083
99085
107891
93815
126807
80560
122389
88275
102812
86061
170369
71283
114915
97151
72826
94967
92523
71514
80300
87013
98153
83887
125364
100588
99265
118171
102271
92583
116708
131947
91110
108413
79098
59050
94136
138710
101780
93024
92994
107611
68689
96561
75832
81563
68838
86342
103483
105057
92393
77004
104756
129932
83326
76613
93995
59462
82744
80190
115075
89868
103574
82895
76563
103403
97592
91582
106108
97913
69389
107200
101410
101570
56716
67467
83897
94076
70231
94396
82554
78807
110366
80160
94276
59832
91601
52899
76924
73677
108974
109024
87734
110006
117750
66303
122078
104435
98284
120515
102221
75742
149500
80180
108353
114955
93685
100698
113742
126135
105077
91882
94737
72125
105998
72847
80099
95348
101019
92252
114093
115336
128130
129733
98314
85971
73117
129012
111489
121397
98384
97713
101430
118712
90890
94958
78337
111438
80180
42750
69289
97231
76694
76974
78026
89187
127699
124472
97943
106929
57157
156522
111689
94958
89277
82314
95068
91791
74319
89046
64250
91672
96962
67005
77335
126807
90650
87343
140933
77815
60613
96681
104085
88325
91111
67807
123561
114143
86883
114494
104396
111228
57487
126837
96490
89978
89387
75651
102452
90419
103533
105056
101530
144250
53951
92764
104815
136615
71874
80480
79288
100208
95699
105046
93535
101560
94226
97302
93275
111738
82003
108022
80390
94266
79529
88505
113312
66725
179806
130324
93916
102001
113663
93314
117509
104566
90990
82825
100177
95188
113082
81222
85931
65813
87974
110447
89808
114815
76072
105116
87473
99215
104946
111027
61876
126947
97523
93084
47258
59481
129542
98054
83867
92012
115616
34986
59421
73738
48772
115636
87514
61054
98665
122950
105477
93735
117409
80109
87914
82254
92884
82184
101048
98844
105216
127469
71684
106489
54743
85490
83116
94186
134411
101519
102893
81161
78256
142897
119183
66254
100929
105397
84969
93585
125845
139500
72646
98024
93224
102272
122098
86372
89978
109304
79098
82384
90429
115135
112821
98424
80410
103053
103975
90089
80761
101870
143458
100679
100678
95939
103103
120064
105438
78497
91912
83396
80531
108272
83546
56686
108193
110336
104695
105777
95288
106038
73437
113943
84017
87353
81653
87183
81923
94777
86862
94808
64761
93184
77835
79900
98534
90950
36859
74490
103984
84077
96531
98023
85199
135594
118992
67747
101470
86612
125445
75161
170168
88927
113292
57568
116378
92032
92903
117460
85159
101530
101059
127919
103544
84378
103153
94386
87814
69429
148167
114764
95749
91882
84427
67206
120645
102481
107851
78857
77364
98825
143699
79659
90099
106590
54592
109975
121988
31609
114835
115997
128440
97842
103934
113341
83196
107411
89848
92793
110626
76413
73297
103273
91701
86202
130424
72936
89066
37319
92673
112921
71974
95719
140833
158225
82705
108242
77876
109705
104806
81903
88306
94847
113021
105958
101871
77205
99927
100989
80170
100548
79358
138649
77084
102020
92472
102522
94257
86622
89808
117129
110496
102531
78076
82585
101630
90529
106689
93585
79609
93966
105657
107932
88596
103924
100969
100888
120245
80010
106309
137276
90710
98093
47910
93815
119864
107161
99216
80720
68999
67797
88145
77004
95358
114765
95679
118241
84969
91821
84728
89738
81142
107380
81582
119534
135774
104686
113452
101349
149850
95478
106349
93185
127709
70782
88155
91381
74359
127418
134070
104685
49924
112440
91982
125655
96521
84197
88305
71073
102672
111348
117360
102491
97212
93625
79990
69840
72095
108964
116168
91380
94296
83045
92272
88335
93225
91921
106810
113272
96610
94847
94366
61434
114935
89156
106378
95218
131055
103644
47379
102151
90660
114013
101329
74910
112150
80110
85209
58900
91792
90850
106789
123361
70271
108583
105086
103633
108173
71083
108734
108563
105898
111909
107872
105638
91461
101310
103243
86471
127157
87553
136365
87493
87553
86832
107992
94897
59301
90388
97452
96761
67226
131827
90209
149369
106299
98694
113803
73487
83256
101940
101941
64290
90239
82575
161091
112751
96851
103062
81653
74860
95409
66414
142417
98865
115906
108092
89227
73597
120615
70743
87444
85700
86632
67807
96370
113081
81823
92402
85580
52217
119433
123410
77024
60022
106890
116578
89978
82885
109715
106258
96270
63278
115967
57738
91501
68558
111188
99756
66435
80971
118923
97152
65913
96350
82535
87043
96551
90449
100638
101349
125324
97573
97352
52258
103784
74770
95578
88094
85861
97703
109254
115866
84538
87523
93715
111718
80741
107080
74429
61014
82905
87614
98604
54151
91871
130774
92943
101200
89627
100978
87985
90258
102422
93424
33753
117149
101971
94376
69079
109735
116117
100298
106699
78036
86031
114304
86672
99696
114945
105758
77855
109294
69039
64912
73958
103743
85169
69850
63609
95799
124533
42079
72646
78036
93585
93625
84298
98283
89558
96109
83496
54262
75902
81152
91942
117400
91511
79679
100909
90809
93445
108112
113151
101259
117319
116167
100868
102442
119093
133470
93786
106859
63619
65362
90429
124533
99265
82645
112700
87273
96951
61765
89206
102201
79037
115826
92493
95799
107231
90559
109726
82465
116628
102933
64661
74850
97202
110647
77825
112199
79408
86542
114734
74720
97012
78076
82043
92984
87013
86121
93044
106309
95609
74159
72916
79388
79960
92022
92453
54723
98213
98815
102481
83987
81072
91221
111919
79097
126115
64842
91842
108292
108223
107501
85289
98945
92503
105387
39474
126356
121247
60232
70722
106358
110516
132127
112270
112220
108292
85179
74540
107851
109395
61626
87864
99275
112390
55944
82113
149219
78517
66605
89388
94747
57117
89587
75461
97853
83376
101609
83997
84648
96190
51776
67306
90569
94036
87363
102923
89528
117590
83987
57888
71143
66725
72406
122890
96070
90509
102001
92933
71243
109695
85240
84257
135283
76794
84017
94476
93575
94186
87714
92453
57357
102321
100438
102481
79649
101319
70381
96521
104956
108784
110947
95979
73076
70682
88586
85991
78376
118892
81552
105978
106019
31419
109394
122519
114734
111528
81532
38963
74419
108483
100337
105808
79228
144169
82424
101890
73226
49983
79378
76303
95779
75271
92052
135904
77124
117890
69149
91831
108122
93555
74890
56786
93424
102481
67046
101109
79298
98143
121217
112249
44272
77866
92323
89367
80401
66054
95208
124794
89687
73728
114283
98324
82444
86302
84357
138889
73067
123120
83496
75171
50273
99567
113482
132618
79398
74849
88666
75722
89447
88396
114974
96050
77304
83707
124673
111869
105918
64771
79528
97622
83145
83416
89226
103683
121437
101851
114373
96621
78356
122479
57107
108713
72897
100948
89267
76863
90489
118421
87042
140202
89307
90149
142787
85730
57096
81412
77795
88114
113472
109565
94176
94637
90609
84438
79047
80301
92303
96290
74669
121657
114684
87904
108442
54863
82304
107230
92212
114955
105207
115246
84568
119474
78016
93775
100719
88626
121958
95278
92613
83847
113141
99796
106389
77715
123341
87223
83786
95698
99436
68749
103313
63278
55955
62677
103713
83947
58449
105898
92012
93555
113211
79289
108493
76633
121467
71674
87784
85971
77335
73818
73578
73026
87053
73899
71073
91982
96690
71775
109164
102261
86121
77255
73086
70872
107882
97592
85660
139331
84548
97823
68308
81142
72665
101169
83476
75672
93234
31499
92032
78476
82835
72937
94537
128791
61244
61164
80080
107561
54482
86131
83406
78567
113071
98784
55204
55273
99435
61816
91010
107712
63779
84257
110136
76012
104125
123601
88415
98164
98364
84809
78417
70101
90188
68358
69891
96491
80901
77384
91320
94076
78577
105918
82875
84488
88906
79399
86522
49062
46126
70993
81412
97722
74699
56546
106649
82314
91491
77264
105758
91220
75942
90339
85720
64791
101320
136085
99877
94637
87654
108703
78437
73678
70812
118281
108793
82665
135053
99546
106549
110076
86531
112640
87103
76854
69300
109755
78717
103032
92674
76834
98254
105948
112360
90309
52308
76924
88045
57658
89737
65162
102411
150561
89668
133469
77825
89637
85299
102973
96701
97222
87063
96069
109685
91852
74620
103323
77656
77194
108753
90138
113963
74740
82043
101439
96741
122599
116728
76433
91712
105377
77144
97161
90679
71603
86161
77555
75241
72345
91591
76513
77435
53671
93645
100718
57056
80691
91190
54542
131145
99045
70753
81122
94377
127919
89527
98684
92122
90068
93204
110657
77014
114594
93785
107551
109355
84208
72255
117549
77264
34304
103534
105507
93846
53249
99085
85851
116318
110647
131666
68608
91612
78707
89477
117309
136385
71353
104877
80019
110206
103804
95809
97893
72275
92543
73658
88726
77375
71123
106479
59702
72346
86542
140453
34013
107481
106299
72836
98133
71473
91401
99015
128239
54442
96901
65783
109354
83566
101049
103263
83335
106840
102651
33953
91140
89367
121898
105948
91551
91802
82955
70462
104285
77825
101429
88516
114063
48390
113482
91061
107081
86572
89547
74890
86441
98705
55945
53310
85109
85259
71022
118751
97713
73367
82454
94988
82374
85159
80932
95088
69811
73538
79318
98394
104085
90129
77755
63278
117790
74078
94025
105808
89447
127559
105437
96220
109435
107642
109435
47669
110967
85380
98544
108082
91862
138139
76393
150782
80030
107331
98274
95659
53660
100959
102081
87363
112090
93374
89408
75662
70622
111608
92984
83927
76804
101209
121868
69831
69170
92583
74941
110577
85630
88766
85159
91361
83376
135783
83837
96170
100679
84808
63899
92262
115916
70362
33603
95309
134872
96691
82274
102541
109875
104655
113833
93825
87554
123901
117590
87984
86091
84037
112770
91321
95359
49022
96320
133670
82674
63007
72766
110146
102632
83986
87303
98865
103483
95599
90580
70352
119253
102452
81452
71865
90088
103683
89568
67106
75210
73597
66685
100127
83245
69820
104796
133459
82744
81572
50414
88064
76433
108102
97402
66805
88696
82484
108553
74589
125995
87233
80710
131075
88466
74329
65472
110276
72375
73457
112340
82524
90248
71895
74219
73216
107781
85740
51998
103403
72917
85179
79569
88826
86491
95248
104215
87604
76152
98535
91571
74409
107060
74499
92392
87173
71694
37791
84648
83406
129072
53170
72816
71223
102041
53970
90248
62146
88756
55063
95118
66174
90500
60413
103223
74029
106680
57207
74108
75511
112681
63549
101600
63709
85700
68147
71153
49623
105377
84618
82975
60022
101219
66885
88927
81382
90970
50865
72877
66624
69479
89898
77054
66234
73738
60433
74699
68608
86462
77264
85920
63289
110867
69490
105146
83476
99496
74158
78095
40476
79539
49572
74980
49132
105637
64500
109344
80771
91992
54492
93886
37881
87354
64240
97382
57618
72726
102291
74008
59681
86031
58039
56536
101249
49993
68268
115115
58770
77104
62788
73146
54923
100458
100798
75582
52559
70472
101099
51426
87984
62497
85059
75551
74258
58429
92262
52147
73267
54061
114604
66204
64200
60132
65943
112480
66114
92062
53600
56746
89708
50976
77414
57788
80951
47138
67356
64561
62637
103614
62417
115135
69300
56085
50905
94847
62216
56926
74519
69289
79669
72084
54262
67146
78005
53049
53390
63679
86071
91921
79028
88586
117320
68719
90208
98374
139250
126246
91551
60754
72425
75281
62056
56015
87122
72295
84898
99606
57538
72045
84407
55193
96721
113542
73918
99726
61325
76663
62597
112320
84328
93024
59922
110105
73187
64511
61876
92333
81653
57147
90028
60202
88415
33793
91200
62146
67746
84838
68458
87965
68769
83656
51536
72406
55224
53590
92543
54592
39414
75020
75271
108893
75802
51777
77205
30056
116288
68168
71223
46877
81302
90890
54632
86582
88486
68087
85830
82615
88896
73046
90109
71343
90849
76854
84488
67657
88876
92172
87203
80120
74559
94787
96090
88375
121627
94277
78026
112500
70302
102231
93625
71815
74319
81503
82865
83045
77635
80871
96310
93535
76493
85580
77605
103855
102371
83456
101460
78777
81582
78908
85289
75801
99245
110697
86322
107511
74890
106018
90740
107581
87584
90419
85930
98144
73097
91060
87734
62778
95258
77936
107170
85490
76633
58169
64781
57788
85259
84397
86372
59942
75141
71023
70742
57898
76312
95188
55463
66144
72154
82104
72956
92162
108473
48069
71063
104736
91381
75130
77365
76734
90018
119163
82554
55795
72726
74440
76072
103162
113292
75151
58860
110216
93956
76162
69911
80170
59411
69931
82945
76854
76443
78437
71584
71573
103573
81693
72155
88837
71263
85529
78247
92803
97433
72746
72626
108352
62727
68949
80791
90750
90720
88666
73016
92193
98304
55694
102452
90700
89838
101019
86902
72586
70592
71494
76442
87624
36529
103043
87884
52048
83195
78297
76072
78376
76563
91060
113191
62707
94206
95128
79298
75261
88195
85430
94797
120244
74940
105487
130094
91641
88185
93545
53691
107962
122799
74960
80380
118021
86612
78687
126426
89777
98714
85730
66204
98955
90750
88165
71393
88615
67797
93405
96761
70321
112420
130704
78717
72846
78367
67997
72105
113482
56846
73808
95529
112500
64350
81863
74089
82153
75542
106489
92663
79188
97953
78447
115556
110587
94857
75832
111829
76603
96751
93194
118190
75441
36318
103554
98825
78657
87864
100868
84758
82234
72165
83005
77705
45385
90850
76483
75501
89437
75340
70983
95088
73087
93194
48381
69570
101069
79538
100848
102782
76392
57758
105216
88665
78436
101119
126386
80160
84398
102311
75482
73828
73427
90479
80450
70742
96710
89628
90820
61885
107101
73357
85009
84969
101079
71964
101089
93805
88786
113702
101049
57909
78236
107842
32942
81031
77095
82444
80861
56225
92493
85330
50985
93104
72836
71483
107831
68368
75702
82975
91421
52418
102331
78667
90489
87874
103734
72505
95288
105828
78547
75221
44693
88456
136365
97182
85560
89257
82384
110848
87694
81412
70893
95308
64851
99887
87273
76353
71273
114914
47999
71163
91962
105758
76152
98374
72335
71384
74018
91842
97602
90970
65542
84287
102402
106720
77976
83386
82164
113212
81733
130965
71754
72876
75962
75400
76383
93414
68928
115817
50294
101229
106670
100047
63499
93685
55824
89798
97161
91622
75060
78527
76352
87213
91661
62958
89137
92432
102381
89357
72456
69400
75220
82054
103043
89067
104145
79248
101459
39294
41177
36929
38792
31108
45114
32310
32210
32671
35536
35917
33893
41738
36408
39304
35606
50945
42189
35456
29576
37169
39393
44342
31519
41829
63419
40115
29706
34805
33082
35636
41658
53329
38502
36488
34034
33713
33813
50324
35106
34875
40876
39213
37741
44743
44763
38492
41478
32110
33963
45325
34364
32811
39103
34034
39363
38963
36097
40155
33824
40005
31869
39043
37430
40707
32371
32771
30827
35937
43311
34966
58910
33943
53059
44573
36859
34414
48421
35446
32822
33282
40947
33082
32510
38923
33423
34605
34214
31579
40947
42299
31829
49062
39774
36137
29044
46487
37610
34254
36448
40425
43882
43341
31088
40045
39865
39654
35506
33392
43571
39935
39764
44052
32992
27421
37400
38382
35577
35256
52047
44213
36529
40185
38592
37329
42259
40265
37210
34084
38742
34695
39795
38041
42088
25958
28463
37660
35136
37480
30336
37931
38923
32601
46918
34835
38051
30287
27070
29405
37961
37110
35476
31048
44092
46807
34855
33653
35777
34153
33733
44984
37300
34043
42249
40716
38302
36047
30828
46076
30647
34485
41698
41608
33903
26048
34765
38422
40976
29134
32872
36579
32691
36779
34484
35416
38833
37400
34615
44253
39734
45826
39134
34274
33172
30778
44092
35967
32892
36970
37400
38552
40135
37741
37821
37470
38923
40836
35045
34705
35737
36328
40536
37069
42550
33442
30216
35537
34295
25037
39584
31208
35998
22332
38202
28042
35327
48320
32080
27331
45755
43862
35726
24385
28984
39574
28052
33212
29695
28223
36578
31468
30166
37831
25568
69009
