18826
21751
12733
10028
13886
9478
102712
79899
75311
103733
92432
94326
98133
83757
86161
82614
86261
90599
86702
51957
80761
80361
87634
82083
84568
81022
84759
81312
85650
81071
83206
79408
83325
80801
68187
73748
77355
68618
81973
69300
95519
68147
69560
80881
69119
64921
66535
61845
59491
67847
100628
99466
58980
81733
80049
87233
81112
82244
75361
74860
83936
80370
74489
94367
84669
82715
84799
57427
83526
79319
86101
82594
86481
65773
84628
69720
82224
85079
87163
81092
83356
67086
84037
68608
79138
68307
71984
87724
78496
72626
85139
72144
76162
86963
78366
73798
88555
81142
74940
85039
82985
78006
94025
83236
80851
85269
82284
77224
85249
84808
83396
84148
83517
85329
78146
85620
84198
61996
85160
81232
72866
75060
86762
83786
77374
84839
83306
79919
83737
83636
74068
84377
83916
79077
87043
82825
77394
77105
85159
86000
77544
84518
86582
82404
83326
78627
83896
83807
80411
81933
77946
72766
82985
81522
78086
86281
81953
76944
82635
79779
73838
82254
82253
77615
85569
82855
75881
85109
84458
77375
83195
78667
84068
62236
77434
83826
83406
81202
81592
84758
83005
85089
84748
82854
84578
83546
83426
84187
61786
81963
84488
82745
83706
81592
84888
83415
84998
82684
85079
83345
84087
95899
84779
79648
85590
68708
78677
85720
82244
83716
81072
75220
94286
85790
118461
88756
62276
75280
80911
75231
72576
85409
74529
87444
64690
92393
87633
97642
87965
86862
85781
84108
88094
61996
85841
86983
89787
87704
81773
88405
86652
70873
63529
79919
83867
94707
82895
86722
89226
85300
87203
103183
82955
82043
83355
85069
84168
84297
85590
84187
83907
84738
82284
84828
83396
84148
79138
87053
84658
86932
85740
86692
80049
85790
86091
85730
87042
87985
86651
80691
89677
85850
80581
85489
84137
84508
85680
83336
76563
88706
86090
84999
70462
88716
83797
67456
81442
81081
84478
85991
83696
93615
86541
87093
95608
80000
79939
94647
83837
87033
85039
80430
82124
81763
83065
83015
82864
85930
85480
86672
83897
87734
87283
82945
83736
86803
84418
83736
84658
79979
82765
86652
82564
85740
85951
78106
85580
82524
79889
82815
78828
82814
84127
83406
87073
80200
80972
85389
76854
87313
79658
82564
86431
86211
81372
87083
81873
82414
83817
83065
83306
80189
87223
85951
85800
79358
84508
86802
81893
83796
85119
86232
86742
81452
80260
86071
82545
85811
86993
83917
82754
85911
79709
84699
86792
81292
77515
79709
82825
84758
85419
84167
80681
83146
88836
83306
83125
83225
75331
84348
81011
75271
86361
85239
75721
84568
79689
75020
83827
84528
74669
85970
84117
74029
86642
82845
75320
82565
83576
76593
86151
75621
86993
82033
77074
87343
83677
72495
87423
81953
76092
85420
87684
84037
83456
77615
81643
77244
76312
79759
81662
75250
81562
81222
80210
76754
86381
78908
78386
84999
79569
81602
86161
77755
82715
98975
81111
87855
78667
79929
88906
78847
78466
78937
82795
78387
92363
80430
84598
77926
82895
85800
78627
76703
86923
77895
86642
86251
79789
80119
86863
75010
87173
80039
88555
87082
78978
85280
87213
86362
80450
87764
85720
77645
89878
84558
89296
81652
90098
85319
92623
97913
87995
86863
81763
70391
76873
87604
86802
82895
88986
86402
86752
86432
82394
85600
86823
86823
87524
61765
84728
88245
61725
83647
86121
60784
78327
85801
59501
82875
83175
83435
68538
78958
84899
84888
61034
83156
83737
82444
67396
81001
86943
81612
64701
81683
84027
79629
83796
85249
87914
114815
82303
80029
75481
82635
83476
85540
84017
82704
85099
76433
84668
82794
81241
85260
86221
81091
83827
80090
82003
78787
82844
86642
81642
86442
86772
83105
86462
86191
79869
83786
94987
84708
85860
85159
80982
81482
83806
79719
86492
78788
85931
83486
99587
83576
82314
77004
97682
83315
83536
88626
83336
76713
94467
81653
99115
78958
77605
94506
81422
97362
90719
80300
72365
78105
75201
158446
79198
137397
79989
74359
83185
76413
86251
80891
74780
83546
77515
75331
75651
75521
71514
73357
72556
64781
77304
67736
76483
82635
63399
82915
82354
61725
63569
80981
70521
86321
84818
87834
72065
86332
74850
61415
71253
85149
59531
81623
59982
86712
81763
84117
84598
83166
80590
82514
82143
82384
80520
82494
80270
84759
53781
53219
74229
83616
95409
77846
83105
82725
74329
78406
83156
76162
78547
81983
74579
78477
81743
78587
82004
77404
70612
72696
81542
83115
75451
82624
78767
79589
82003
82905
80240
90680
79138
77444
78186
72946
79980
71885
79689
82594
79449
79789
55653
76343
81712
82074
81192
85409
76523
80871
77856
74269
81903
78206
79107
83145
79007
72726
79860
79939
81652
79769
91862
82845
80911
78617
84768
84508
82344
83185
81422
82604
90128
79899
81632
89417
80069
77425
86722
81702
83416
76693
84458
82674
79899
79168
83606
91471
79508
83937
78216
78256
82364
85259
76353
83777
80821
76303
85029
84097
83326
93915
81803
81672
82544
82304
79559
78727
84518
79658
83676
77535
83386
81312
75822
81693
88796
82704
84297
82013
81693
83476
83486
81823
82174
83667
84949
65452
82154
83055
64611
82424
73337
73978
82024
83617
65653
84197
73227
80721
81792
83095
78908
78857
80791
78487
75951
85220
79188
74800
77224
82394
78897
79138
84177
80360
77194
79108
80070
80170
75831
82464
81342
77094
86461
82585
79970
77866
83476
78036
85630
81382
74559
83867
77845
82073
80290
82554
75641
83516
82744
76804
82725
80310
78256
77735
78818
76543
81442
80621
72947
79929
80511
76032
78266
77775
78747
80190
80000
84608
83736
84047
79940
75471
82755
81402
79839
80801
79599
80781
81241
76313
79399
82774
74780
83296
50375
75851
76974
79589
82725
74269
84448
80290
86051
79178
83506
78466
83155
82614
76603
81613
74048
83936
77444
72996
80130
82394
82574
76022
79869
85981
75561
83876
84598
80761
82845
74239
83737
82545
76152
77715
84147
84478
80390
89647
79278
81742
82825
79148
78146
80520
71383
78116
83586
63890
79458
64761
83817
67597
85630
69199
81342
80450
81934
81572
64952
78907
79939
84759
81051
80530
79057
82314
83125
81553
80410
81913
77094
79318
82915
63488
83436
66514
78838
85079
83206
72235
78006
80501
101269
74329
52508
77826
53770
51046
77935
76724
75191
78086
81442
71814
78577
81191
76793
87243
76352
75160
81723
81412
75711
80110
83256
62096
81462
83066
77755
81602
84678
66825
83897
68087
78136
84097
84227
82273
68398
78066
83917
83807
83276
68117
77956
81993
90228
79609
79118
78457
81111
68508
72967
78526
78526
84668
82303
58549
76944
77194
83025
77315
81692
71914
80941
78236
77014
82073
65111
79398
81973
83896
76834
65592
76673
81272
78307
83456
77645
80581
83686
76714
84618
79608
79338
81933
76824
74289
78938
80280
60593
79459
82133
81562
85320
67145
77494
84368
85139
77165
77124
63909
83445
66695
77375
81853
81723
80681
80550
72065
84298
64150
77755
82183
67626
75842
81963
84538
81092
83726
85329
83255
84518
81652
80751
77865
84177
80490
80310
83416
81643
75181
85039
77395
77775
81752
56686
72225
83596
80480
82083
77535
84899
79949
87223
82705
77235
83657
81833
76983
76903
53490
83566
54842
81031
78316
79448
65963
81532
83305
79689
69449
82804
81021
78056
81152
81672
89657
77284
82293
90298
84878
84908
88786
80921
82564
76272
84208
78758
74950
80421
80481
73397
85219
83386
77415
81442
82635
76213
82784
79920
73567
72576
80500
83386
77755
78046
81733
76322
81302
82814
75261
82113
84387
77124
77875
82564
76673
79999
82143
76073
81081
82714
76573
83275
79628
73558
75992
79629
74559
72285
78527
82203
78246
75972
81433
81583
82585
77195
83536
82284
83716
81252
89978
62447
100718
88786
81332
87574
80621
87173
77605
83115
81492
66604
82043
77605
80721
81372
86772
76393
82354
82975
90098
71994
81202
88214
83907
80490
80310
84147
85439
71514
81302
78106
81853
79930
85490
70872
80331
83896
86582
73227
78257
77254
81432
79338
84508
74469
75852
82895
76854
81582
77044
86742
75962
84578
77935
78046
76443
87794
72405
80901
82825
85099
73026
80119
93795
86722
80690
79849
81863
83906
72035
79739
80901
91230
74008
77074
91180
77245
82805
77996
78637
81282
83146
71945
82625
79398
82654
77584
87694
73558
80771
79428
83967
83255
90168
71674
81051
78797
86552
83366
89006
75931
79429
77275
78507
79770
80220
79879
78827
83596
90048
72445
81652
86642
81542
84037
78888
86291
81953
81813
79669
78988
81082
81673
100017
87052
81352
45445
49623
79599
88014
79168
90179
82955
75832
86752
78647
75281
76322
78096
80059
62306
76242
75632
62247
78267
78547
76042
78627
81823
79298
76293
78516
71985
77174
77755
68608
72957
76864
79940
61846
85250
64741
77314
77134
75321
79168
70371
70773
79829
79910
78787
80080
56315
88675
76453
80220
81162
80671
64390
80701
66875
80460
84027
61054
79989
66634
81001
65953
81813
84818
84037
83516
79339
84929
80500
80110
82384
65482
77294
81041
80350
82804
80681
66825
81091
65272
79389
79950
69089
80640
81783
80380
80921
81062
65433
83226
82844
81913
66574
76864
82654
75902
81963
79659
76613
82925
82263
79057
81772
57377
81432
81122
83676
80050
82013
67797
81292
81011
83847
78386
62006
77926
83135
64531
76152
84427
76893
68899
81522
71042
80951
77185
75351
82434
55213
99255
63960
79618
66614
81893
76644
77034
77014
69590
72456
73187
74248
67837
83115
67596
78837
72806
79338
76613
73467
71984
71453
73457
72265
73507
71814
71133
70432
73678
71764
72045
71674
70582
72185
72756
68218
76914
79989
84488
48160
75952
69240
56175
74379
68207
83656
68138
67135
77946
66805
83276
65382
61445
75040
51716
73768
69600
66143
75671
58981
73107
65623
81443
65272
79278
98865
66263
83166
78687
75582
51005
73698
50995
70922
65612
67225
70131
68217
81953
66224
75582
77214
73487
74439
72625
71012
65763
82454
104064
77996
76763
71243
52238
73197
67476
54081
75742
65071
83526
63619
73658
63037
71444
52678
72455
83276
57337
81322
79639
84408
84207
77966
81983
80420
78186
81743
84378
77905
81753
78747
69430
79850
78357
79949
50905
67446
66915
78767
67786
82625
66875
79178
75311
73487
48831
75190
69139
58739
76433
83335
80470
77635
77174
82675
78827
82774
83786
129942
73417
76763
82104
70361
75741
76904
89638
74980
84488
81101
87623
87203
81623
82134
61445
78667
84117
82034
84598
73909
67576
75651
81372
70372
73908
77094
77234
75221
79609
80550
71835
81803
83105
78627
86863
82795
77685
83616
83596
79369
81051
79659
76433
79218
82214
77224
80831
79318
76353
79249
76773
81072
82284
76623
83946
80740
70502
73738
78356
78847
75100
80740
79018
74138
83616
79618
74239
78307
81021
76744
81702
81071
77956
79789
80902
76303
82414
82344
76603
82143
82294
78366
78316
79458
76092
79579
79478
67276
77555
81753
85199
61926
83106
83036
75221
82634
85058
76813
84027
79970
75110
80270
79429
77044
83677
103694
79178
76633
80942
74129
84067
80080
80190
83636
77184
82835
78777
83105
79578
80751
78958
75972
83385
78937
76954
80049
82775
76763
75091
79058
81041
76523
87653
81823
74670
84338
83035
77865
84839
83065
77595
77465
80730
81582
77846
78386
79769
76422
82905
78506
84107
76854
77414
81332
80440
76743
77716
80420
75411
82354
81793
75822
82724
79789
76203
82334
83226
75862
77375
82765
79598
82905
83406
77535
83035
81272
71413
81162
79058
81682
84859
90269
78186
85450
77835
80981
81362
88356
77505
81692
85049
85179
83336
90389
77555
80340
83806
86021
85209
89577
76803
86612
58079
76413
64160
75972
75602
77395
72285
76152
75211
74199
77234
78687
74268
85049
77174
78507
71855
77936
71383
73737
75441
72565
75421
74589
74599
78738
78357
72215
78517
75200
79779
85079
71674
77294
75150
79679
76102
76874
74509
83466
76683
70772
77185
77845
85019
79589
74900
80701
77234
77755
81772
77656
76272
81422
81212
77856
81532
80540
73036
83226
78186
73578
81463
76403
81032
79729
75090
84348
84588
79539
82214
79348
74599
86542
84828
78857
84648
79729
76072
79458
88465
78516
91681
80159
77134
81242
76193
82024
80451
75461
82294
82434
76222
77435
81943
74960
80330
81342
76402
77284
81242
77866
83947
79619
84488
80680
76292
82835
79769
78857
83616
85019
77605
79498
75912
82715
86261
66775
83847
71934
78326
82644
80911
85680
72205
83126
80661
83465
78517
83315
77004
85600
84568
89397
78818
82073
82344
82263
83867
84428
73898
84107
76954
79990
83646
83726
74069
85550
83476
84729
75461
81773
80079
75070
81242
75942
80961
85219
88615
77074
81472
81473
84197
82835
86953
75130
80490
76773
79167
71874
83787
75391
87123
71394
84217
83506
81562
72505
81763
75701
84457
84107
86502
75781
81342
70642
79329
71223
90960
80491
85330
80891
83656
83136
80670
91792
79218
78917
72745
80300
80731
85219
77756
80270
93495
83907
80841
84127
84108
84919
79148
83607
81653
79839
79278
87474
77445
81132
80771
84097
82494
76974
85951
79309
89147
78967
84137
72426
80049
79739
87674
76022
97703
80019
82995
83947
84217
83466
83226
71694
79929
78557
91601
81602
103493
80781
83085
80611
76523
63058
78947
64341
77515
83806
77575
77164
79118
69330
84769
71664
73026
80000
79529
79739
78427
63579
82775
66694
78176
80040
78718
78767
79488
79829
87123
80270
80540
84348
68988
85460
90870
87974
82835
77224
89837
65712
76984
88926
66665
86271
85379
78737
88856
78436
80440
89538
83286
80851
85469
85009
85249
88115
83636
82634
86562
88976
77626
92062
79178
74168
82655
83015
82464
79309
86392
80811
84618
88856
84197
87804
85500
76222
88656
80450
77755
83606
75581
85440
78888
114574
84628
104095
72385
91200
86202
88004
82986
83286
84207
84738
83586
93675
77435
81142
81071
78567
80310
81823
90229
75812
86292
85820
76143
85850
84057
83636
78787
87594
73578
75972
92493
81782
64441
88976
82073
84388
51697
76543
91551
84318
78477
85991
73748
81202
86932
93786
83556
85470
80270
87353
75401
79088
81132
89287
84838
86732
76784
84067
82424
77125
80730
83757
73277
77836
82554
101049
73206
77675
82053
82995
83756
83536
73358
78757
80781
94977
75040
83165
80150
85499
83716
87624
76593
80620
75902
86702
81091
86792
74279
85369
77345
83957
78015
88896
81161
88625
75531
83295
80430
83085
84728
88736
74489
78967
77796
80330
83937
89056
76423
79168
81322
84067
83886
87964
76683
83246
81502
83246
79829
77955
81082
75771
79048
77134
79719
81612
78617
76984
80010
78667
90068
86432
84327
83456
88756
77715
82564
77114
80410
56495
79909
81261
81423
83115
66164
84187
68548
76874
62607
82805
83345
65893
84318
69851
77335
79469
80871
82394
80159
71574
83015
76823
94737
66174
81433
82003
79178
83245
83496
77355
76924
81332
63819
83717
65994
80410
82274
80811
80430
76624
83747
80059
81292
79529
67005
76252
76904
80270
82724
80881
81933
81733
62437
85009
88606
83285
85219
82624
76343
81001
80130
82675
91771
73477
86442
80130
85550
81202
86611
78386
80720
83135
80571
80851
86972
78386
83416
84287
80911
79559
88486
75310
81783
86252
72976
82975
84108
80039
81212
89037
86321
86441
76703
79398
83286
84899
73808
85450
78717
92734
75701
77725
81722
84488
87122
84067
72135
78647
78286
85920
77275
81492
79048
86151
76213
83826
77765
81322
82104
85780
78587
83556
80200
83856
83245
89297
71323
82163
78487
77756
80260
87524
75200
82464
75911
82715
81101
87162
78667
81843
83385
72004
78517
83436
83987
85890
85650
74740
82244
80460
83967
85599
82905
75451
82164
80250
81422
87303
88405
75070
79949
78396
84248
83916
87844
83546
85831
77444
86322
75852
81262
82544
84959
82574
85950
71874
91952
79638
88105
72515
88445
83015
81883
84438
79829
76283
89938
78367
72546
81643
81833
76443
86211
77715
73899
86111
78326
75341
83777
78988
79298
82374
77875
82865
80300
85380
81352
81222
76854
80000
76693
74439
73617
82965
76613
71304
72966
76453
76083
78527
74840
84127
80090
74099
74680
74379
78086
79549
77966
75811
67686
80561
75982
78887
75140
70692
80210
80069
75241
82484
83325
76042
84428
82114
78757
83817
98253
71594
83286
78828
79068
82033
75742
72255
83696
80501
79358
92933
80030
75100
77004
80791
75962
73337
83646
93705
81472
83737
77575
82414
79288
76443
84688
79729
77555
81753
78837
72806
81873
78406
73778
82855
78627
74439
81843
77114
73587
80140
77925
74940
81733
79118
76313
84168
81292
86120
79489
76523
82354
79769
76282
83967
78907
75842
83165
81162
78126
79048
80340
76923
77695
83075
77074
91100
82905
76012
71865
83446
81793
75812
84548
80490
82153
84558
77685
86672
80981
75602
83527
83596
84708
79037
80791
80410
62327
79769
77565
79638
76533
74049
81542
84368
76212
82574
77465
80129
79909
82104
79038
77525
80691
78617
51245
73597
84207
76904
77725
78837
82874
79879
80911
78417
81833
80500
80641
81092
87012
77424
78927
57688
63649
119433
75832
50324
92093
71935
87284
68889
63729
82594
65573
76073
83366
79979
74950
84748
70031
79719
82505
83215
82103
63148
83466
66353
76584
83666
82103
82705
85791
84288
67506
78988
82143
83496
86682
88836
70061
72135
83696
91270
73437
71885
93445
90870
77034
72005
100768
87975
81763
71293
80660
86371
85048
73697
90269
91581
88636
91801
85589
89908
76874
86762
89257
79048
82173
80641
80360
85429
91491
81342
83637
84588
76463
78757
88956
76142
81172
83345
80961
86972
101189
74489
83146
84007
79579
84458
90549
66535
77716
92583
82514
103363
77615
83736
78998
49001
82163
79359
83847
83036
83897
86081
84849
107140
84267
76653
91350
84037
83847
83887
75351
74980
84217
80530
73888
90689
81302
92122
84298
90990
79999
82845
84177
85630
82464
81792
86422
77435
84988
80029
62547
82404
67036
82885
86321
73808
85380
90549
76243
85109
89357
78747
89086
84027
83136
81482
75481
83426
73578
77174
80931
86481
80100
81111
56395
83395
94055
86962
89677
86241
74369
70972
85600
85019
85400
85991
83696
84948
84157
75230
83496
79078
77345
84819
70232
80441
85790
81151
78606
84138
84067
78607
84017
83806
79318
76964
83076
69560
84608
82915
77124
82404
83205
80881
84277
96270
63900
81973
68678
82334
86021
90880
84127
62657
87513
68858
77074
82384
82815
82534
81693
61415
66324
50575
51796
71934
72475
50525
72245
47028
71404
52669
70471
47779
71333
48851
65843
50143
73056
48831
73367
48781
79939
47810
81152
52237
87494
48180
77685
47389
91080
48751
82564
49001
103804
52307
74159
94767
56245
85810
84367
81763
87223
89527
81222
85349
82414
82203
82905
91341
67155
82034
67015
81803
84357
88285
84397
90910
68728
90249
68138
83957
60824
85320
65122
84679
67516
82574
91481
83867
90338
82203
88796
82113
89848
84367
68267
86381
85069
90789
85721
90819
83707
92463
67045
83366
65673
86341
81702
65462
81973
83546
90530
78717
82464
53941
81072
86161
81432
81593
81592
85450
79879
82634
85380
82133
79618
91160
80921
87834
56786
86903
86021
92062
82464
88275
73978
82023
89016
77645
83506
99095
93785
91591
77555
82574
83716
81473
67256
76353
82525
84929
62677
93004
84237
103914
85479
81222
68498
82263
70381
81332
67997
77545
84207
85610
63528
85129
84078
84638
85620
85700
85710
81803
84968
89116
77414
80661
80119
89908
84558
93325
76824
83236
82925
82373
79208
74279
93154
67546
80781
83205
83075
85479
74450
82514
81072
79538
86391
96350
80470
81202
82865
74409
85069
81833
80119
84678
87564
74268
75732
85059
79198
81453
86141
83546
82234
68227
77214
86021
90088
75652
93405
82123
90549
83667
83055
87023
78196
83957
84558
76183
81472
51927
82104
53370
78056
89317
87253
83886
56706
86101
93454
85169
86301
83386
95098
83746
85861
87674
83406
83426
85059
86301
86412
85529
89988
84057
81252
83355
84037
83125
79338
84257
82014
78828
84899
79368
96410
79088
81823
77374
83807
82835
79949
84668
91191
79048
86512
86161
77284
82534
82874
78196
87424
80010
83346
88386
79578
94266
82173
87573
83857
78927
87534
83136
77715
83676
81552
73808
86000
86031
77004
81242
86511
81933
65702
62036
74689
62727
74910
50996
77104
51857
83136
50504
86872
48080
82253
48681
83766
46968
81683
69160
53661
50865
70703
48571
71163
50494
78697
47238
77344
47849
87083
49683
77836
47228
79218
71604
54061
89777
71594
95488
88705
85720
84007
86321
83856
87003
87774
82044
84789
77905
82815
83987
90299
63659
85160
70522
85961
86682
82123
84458
88516
90719
84578
82184
80992
84428
87153
81182
82695
53280
78958
79990
88365
79709
95359
69630
82725
86431
99025
103614
103303
72856
120345
87494
78877
94166
76133
97272
136115
87744
83126
123731
97612
75942
88535
98444
98514
102342
93305
101509
114785
114875
101189
91921
101840
100007
82745
71945
98114
83857
104595
68708
96871
102131
92142
88956
90459
90369
67837
89888
91972
91201
93615
60193
78477
66584
85900
90429
89858
66023
89257
73126
92763
75912
71434
86171
82444
74149
72555
88385
84678
83797
72506
85250
74159
76573
78827
70993
72546
77615
74349
86251
70662
80591
75692
72836
71583
70391
76853
72685
73187
87343
74930
73578
72686
73657
81762
73076
87173
75531
73828
87023
69399
79949
71794
88455
73388
72315
77445
70843
80901
80401
77094
70101
81442
72996
72055
76503
69499
91010
74860
72575
77054
71794
81232
85139
69651
79859
77134
68609
87784
73468
78797
71784
90129
78006
78707
80460
75812
84107
75841
81392
68177
88635
75602
77605
68808
87774
73788
78095
66514
79518
79629
69099
92323
88175
96871
77945
68909
89547
75080
75050
71173
92654
66584
90649
72305
70221
70401
92713
71944
79608
71624
92202
76172
71634
76343
74229
73788
74910
75151
72826
87904
72665
75361
76563
76723
87664
76804
82965
69941
79479
82764
74780
81552
73187
75652
77805
99506
92423
86442
94046
77415
84417
82865
85620
92813
86632
102772
77394
85580
83746
82805
87354
90098
72826
84698
90700
87544
87493
78767
84047
87935
90209
88315
91130
87714
88766
90730
90198
75080
94276
82434
77154
95288
81783
73367
93515
106389
87814
89226
75962
89728
92042
101450
58379
76473
87563
92333
92142
82885
80921
84448
87995
76603
86982
81262
84849
81823
89177
76442
80170
86422
82494
83747
92153
79709
91982
83896
93544
85890
82504
89929
82254
91401
81983
82093
90940
83786
78788
79930
81112
85370
83226
73507
81412
86932
76152
86321
72626
85951
85079
85861
80981
66284
78977
92092
82213
86481
84488
65162
82655
75080
79859
80490
68217
67877
83145
77094
83706
79158
85750
83786
71624
82103
85430
80180
82895
81161
72456
83496
80921
79658
79418
77976
71844
86231
80690
74409
79519
81382
72676
82063
80851
75652
86803
74730
86191
82664
80450
78146
84378
78567
80381
84628
78797
76313
81412
79689
82965
82985
80932
81682
83886
75290
81071
82524
78657
83155
84478
81522
74830
85930
82154
82825
79218
82654
82955
79849
81883
85300
81042
79709
81633
88165
82635
80901
79238
83376
99887
77765
83365
77745
80450
81011
83867
81683
89948
86121
81813
82114
77054
80490
74600
84928
82444
85610
113582
81602
82253
79920
80891
81602
84137
79569
75210
79940
81191
75281
83146
79839
80441
83276
81873
80330
85410
79258
77104
83236
83747
87484
89908
81462
90038
84098
80721
81753
93374
83035
87794
83185
80851
79639
81633
73437
89798
81974
87694
83607
76093
84478
86842
86502
83977
81532
85820
78848
86130
81653
79318
83787
78557
73918
84087
82965
76874
79980
81633
74780
83015
84719
75461
87543
86351
79689
84357
85299
75762
87043
85319
76523
83195
84948
75761
82805
109124
121638
93435
85169
63749
80671
83406
54942
71944
84738
82394
78587
84377
67636
77594
78567
84147
74329
83266
81984
79278
86311
83276
75672
80530
82434
63609
87914
68237
76543
81262
85419
73478
84327
85049
78938
87363
55003
76883
81973
82203
63609
86611
84167
81662
83236
77194
57618
82484
83336
93856
84317
88345
78396
78536
83496
85600
77064
79749
80510
84238
89026
93154
84278
76843
97673
84668
79819
88475
77925
83365
90689
74900
83446
90379
89407
83887
84949
76654
81322
83015
76653
85449
85700
72255
79589
82414
83546
88144
75852
84488
84117
76203
77695
74580
73457
74980
80270
78617
75200
72886
76513
74449
73577
75611
78046
73297
75711
75822
76503
75120
73337
75341
72235
71624
76022
75832
72946
76002
76623
71033
73477
76623
73989
78717
71373
72596
77535
73437
75020
72085
75521
77134
74309
75200
75221
74048
74048
76683
73017
75912
73818
70682
71383
72505
73126
92072
75020
75020
77285
77304
74770
77074
73788
77715
74950
71313
72485
75481
70471
71794
75461
70662
74980
77565
80971
74960
71975
87073
70742
68859
94626
81302
77554
86261
67556
77826
82344
69510
74499
88465
84287
88926
82604
83767
68057
76343
88315
84428
81953
82554
74128
87093
85750
79939
87514
74980
61976
84938
99496
76803
84297
84588
83386
85830
80811
88525
83235
75942
88115
86051
101068
86813
84378
80340
84338
85480
81632
87673
86652
78377
86392
87734
82193
82134
71503
87894
71293
80040
86802
87193
83015
71513
77585
86262
86792
78116
84498
76212
76794
59551
82304
82695
78727
85329
69660
82374
83857
72846
97402
80681
84698
84157
75902
82645
80901
83135
85129
62146
86452
68688
61785
86652
85018
83546
79058
74429
83687
81963
83035
85710
76633
87613
89207
82805
87163
75301
86551
85480
78286
82975
54633
52738
77685
91501
93955
79198
77915
74519
74920
76563
75250
71945
73698
69901
72135
71954
71333
72055
70171
72856
73387
73247
73137
77084
74670
92292
86541
80430
74198
75901
72305
75080
73508
74830
78677
69520
75301
74710
87032
73066
76163
72555
76442
75051
94647
78727
61415
81302
72956
80791
77575
75220
77574
75501
76943
73557
75702
82113
60653
80691
57868
85931
75371
76653
75851
76804
73848
85680
59121
85139
79388
57117
81513
79088
79318
74670
75811
75311
83236
81312
60092
83987
77394
76843
76573
75631
78406
56565
81332
61716
85189
76053
75481
84959
74940
75030
77164
75100
75682
73577
76012
72074
75521
72927
79759
72946
75601
74650
56886
89647
76493
73868
73648
74088
71394
74108
75921
75631
80200
72666
76974
85740
74589
57567
81642
74910
75421
75291
75691
76192
74680
77415
72145
71183
76012
79689
76693
73337
73377
74259
79318
72014
71383
75121
79849
76594
79499
72766
76242
74950
75250
77435
77384
76243
75832
77976
97382
73317
81702
71072
74750
71043
78106
71965
74920
78406
75942
72756
74409
73518
79699
73778
75010
87814
74669
76282
81563
76282
71804
74750
71494
75822
77866
72746
76783
75270
77084
72295
79609
72155
77003
77655
75070
77785
73738
72035
76393
71854
74890
77675
79529
71925
73658
78748
79058
75752
80730
80179
80941
77355
72776
77204
73337
76372
88185
73698
70482
83055
82144
80390
75691
73357
81312
76453
76864
78687
72696
76994
77494
78387
78717
77174
90890
76373
75962
76383
72455
75822
75751
142566
81132
100237
80300
83586
84659
85760
62336
76083
89708
87774
84277
93745
87133
85119
84838
86161
87865
82584
83016
81472
80871
84358
84478
81453
77775
86471
82585
79188
86402
81963
78827
86181
87984
76903
80661
82875
93144
82575
79839
76984
85400
77835
78076
81783
85830
86171
86551
88335
82765
81562
79718
87463
80951
79769
86873
82143
82655
83476
80179
84397
83476
79108
84819
80120
81562
82814
78617
74299
96080
81282
79037
83967
86030
76382
79258
87714
81432
77906
85791
82565
80490
93084
84398
79158
76573
107221
81271
81983
116888
87153
83096
86522
87884
81522
89267
87363
84708
80140
79980
86041
81362
78877
82664
82514
81011
86882
81612
76883
86502
83106
82073
87824
85790
78296
84568
86351
93104
82885
85549
86211
79689
84828
89357
75250
84528
83126
79989
85059
93915
78937
86592
85820
82353
87083
82644
75752
86892
82874
79479
85529
83727
79048
86762
84618
79067
89458
82214
79539
83736
84097
80661
83766
83636
74990
81102
82885
80701
85761
107631
77996
82224
86081
80180
86702
86201
77746
87925
83025
89848
82714
86231
78216
88365
83657
102542
86401
82775
77004
88936
79459
75601
83015
82805
75781
77735
85740
83496
77925
79318
87213
78687
78426
80932
73337
82875
85640
78717
82344
85821
82163
87353
79949
82835
94036
76093
73898
82944
81863
80691
78276
85239
78056
83265
83316
75030
83696
83306
75732
76853
87393
76874
80069
84719
74629
77705
81923
85580
80590
84468
81813
84418
91000
80301
83516
77645
74349
82915
86331
91671
85039
88285
75621
80500
82224
79849
88385
83546
79449
88666
77595
75741
83677
82635
78596
86461
82374
74039
92322
80260
78267
86401
89558
81833
87143
79178
85460
87013
80921
87904
84608
77495
82865
87153
80501
83166
87323
77254
83847
86581
75942
77625
84307
83716
79348
90199
81412
77294
84037
78287
76824
82594
83166
77665
83175
86161
75281
78246
83967
82354
76854
88756
79799
78046
84478
89979
79739
79659
83476
79949
85971
82995
77946
80420
82664
85911
83296
84187
78576
78266
74509
80441
76183
78667
79769
81362
78767
84458
85700
77675
82434
81282
85801
121497
82093
112730
81231
98865
85670
77445
95388
96320
77695
82134
80881
78006
73768
83557
81873
74489
81242
78717
73286
82875
82293
78818
83867
85079
80531
83426
76603
79448
81823
80711
78446
83135
81211
78737
93054
91131
85179
87273
76322
84688
84007
77585
81662
84809
76804
89457
84367
97703
87183
84258
76192
77344
87864
84207
80450
82684
85560
76944
86381
80140
71153
79508
78036
75421
79830
80340
79539
100317
83376
78627
83235
82835
77144
80721
82835
80310
83125
82124
77826
78978
87143
86051
75581
93675
83295
79698
72726
72966
82855
86061
79448
79508
77875
85349
81352
78837
86933
82504
77084
93956
83155
79028
84177
81432
80100
83537
81362
77866
87594
82044
75441
86301
82594
75902
84137
82475
78417
92262
84248
75511
83165
85009
77064
83977
81833
77866
91731
82704
80651
79359
87603
81622
82584
80881
83185
75071
73787
85570
82374
76643
81132
83426
78938
86562
81913
89136
93865
79208
87313
80230
85490
86361
87093
78387
81492
81542
84699
84759
93264
84818
89738
74349
78387
85570
85800
73136
84147
81963
78527
75321
80140
79890
75290
79258
91982
73778
85109
82534
82434
84818
100077
83135
89687
74970
83556
84147
76723
81993
74640
83466
83626
87374
83095
90149
76563
97031
81783
76774
84097
82775
80871
87904
93575
76784
80891
89266
72035
85169
85460
80491
80150
86031
82354
86853
76874
84027
81512
86642
86021
89768
73137
80971
81813
83035
84108
91921
72575
80901
84688
81763
86612
92062
73257
81493
84168
74249
75581
87213
85510
74069
80110
84789
81622
87333
92673
76393
79609
98744
72515
80941
124573
90939
85680
83506
88726
79619
87493
86161
56636
78847
83285
59591
84939
83025
54402
82053
78607
52969
83206
85850
88485
83857
88175
85240
89397
81943
87083
83687
91952
90198
87353
84077
79829
95859
84438
70511
84398
81592
94697
79178
85299
86201
82695
83677
91751
75171
86371
86401
79549
80661
77094
86972
81282
74880
85630
85179
79929
81873
85510
69219
86482
81192
85861
80711
89798
92623
83726
82394
90338
79989
88426
75982
84798
85209
90739
89868
75010
89527
80510
78707
84739
89277
78777
80341
90018
73347
79919
110747
82654
86953
94918
73217
85811
85039
81131
90109
89266
76293
86271
85530
84428
80270
91701
77274
86391
83486
80250
79689
89427
82384
92974
100758
73808
77595
83466
86972
73988
81122
82224
82754
84658
84809
71954
84679
82865
89357
87694
91491
79739
87113
80981
77425
72215
81903
83225
83786
82264
95388
77134
87634
89767
77545
87344
84538
81342
85880
90178
75161
80130
83296
93013
87494
91381
100507
85440
85109
86271
73808
86091
82604
82875
84257
83156
90690
84067
77986
81141
86241
79639
80440
83015
88666
81592
83075
83135
76423
82134
102752
81893
87844
84528
86121
81964
89297
86071
84067
88676
91811
84367
81723
79358
93124
77515
74319
84839
81062
77665
89948
81793
82154
82204
84829
82544
81302
80400
78296
93405
80300
85049
79028
78286
82154
79549
81522
88936
82485
83667
87794
80210
77805
80180
90118
86021
60463
73447
89507
84378
58820
73097
88084
77695
73908
83486
82524
80871
87063
87343
76252
85210
87163
71063
85250
105247
88466
86992
72565
83896
78857
81392
83035
128661
92834
85139
97152
91771
75802
99606
82244
77304
76533
47248
82334
55384
74890
86492
83766
90028
66925
74770
86612
77204
84217
78226
96420
82524
78045
84337
81713
79930
88986
87814
64099
84798
70241
85720
92523
72455
73287
93936
86251
79639
89477
82053
78026
85650
81653
66504
85941
67115
79789
89116
82064
95558
85380
74589
90520
91561
79138
85469
76823
68628
82905
76162
80451
85409
81924
81101
78827
87954
69831
83787
88005
84999
87473
78207
84017
81592
81132
83005
88936
79929
79308
80169
71533
76994
68508
79649
71534
79369
81212
84828
81563
86722
92212
82214
88886
84207
84708
82113
79779
86011
55874
81111
83746
84037
85149
82294
74960
83015
84408
84527
86772
57027
78547
82314
82834
86361
83927
76142
85910
82193
80300
82675
70702
79699
84608
83877
84418
84598
64620
83416
72986
80050
85870
69019
80530
83246
85009
83506
74559
79489
88406
87975
83786
71504
82624
84087
84178
85008
82674
66555
86521
73056
79619
79919
88806
66484
82164
85019
85159
73958
75882
87083
81503
76733
87673
81031
80531
85109
91731
79940
86030
87914
82153
85821
91471
78166
86141
85981
83095
93976
91842
77024
88185
83476
83947
85750
81863
84148
88085
76083
87424
81222
76453
87102
89317
76032
84297
82384
81582
84598
86602
72355
83776
89607
75210
85921
83266
81453
74520
83707
85279
91210
75481
87774
80691
74168
81372
86462
98925
73166
88505
47839
90099
52668
85099
88064
85309
87804
84227
63198
83436
67355
80290
73337
79479
91471
85991
88996
72376
83055
83736
92412
86882
68428
83375
87854
86081
82795
128209
78908
91902
84418
84708
84979
91371
79358
87423
84387
84437
85841
87764
88265
83055
85610
88275
88416
85851
89027
76342
85519
83095
84327
85750
90379
75150
82565
86722
75260
94827
82674
85680
84467
76092
89297
82724
83766
84999
78357
87324
83075
85300
88716
77154
79930
90689
83376
77204
85931
85079
78497
87333
85590
78677
86091
85780
87474
71433
83155
84057
73047
85430
79489
72035
85691
85149
64230
84548
66574
85390
86482
84127
81833
62146
84418
66976
77916
87504
83726
63779
83035
68899
76012
60353
85911
83296
79969
85490
70392
76193
83436
83626
73928
82875
80390
73007
87704
85089
74079
86892
87503
77605
81913
81432
72555
85610
85109
87774
98403
78587
85761
82744
83486
87374
82725
75511
86081
83235
80841
85219
90489
87303
89197
70742
89878
79088
86682
85841
87864
85119
75571
94397
84428
75711
80040
90830
85960
75231
83436
85620
78757
89507
84958
76844
86672
88515
71404
84829
74258
76804
86051
86101
81021
86632
88185
78146
87404
83316
83446
72395
80781
85149
73748
77905
48411
79058
69810
79358
73427
49202
80921
70452
73337
69910
81512
95038
83536
72756
89618
80540
68899
79228
71484
79439
71844
87603
75331
69350
81412
72897
84828
70582
78396
69620
91020
69850
82965
74278
89217
70211
87122
83857
75340
70542
75912
72205
78457
71784
83135
69781
82484
72225
77314
72134
81413
73447
79338
70682
89207
70733
75431
70802
82905
70642
80090
76553
79077
69129
75922
70882
78297
70892
76993
88716
85220
82193
80561
90660
89057
81472
66394
87003
86743
86793
72045
85420
84378
78347
87043
81332
81793
84598
92723
79488
89327
82014
86031
77876
86492
85039
82785
86983
86492
80911
84909
66174
83586
83947
55033
48641
46907
87603
67576
85920
102802
81713
118271
84448
83365
83196
88896
61335
81813
84528
82985
85499
82905
84728
86562
86712
83326
83346
62316
83015
81633
85670
85650
88335
83987
81703
85078
86281
84187
84187
80771
85550
87724
60333
84899
68869
80100
84057
85319
62046
83496
67155
61314
86221
71815
62186
83827
69650
78346
85499
70362
86952
69520
93545
86030
61445
82855
98524
78417
83647
59912
76823
76163
76092
76844
71904
66805
80470
72074
81984
63498
88896
72736
73527
71684
71744
69450
75842
74750
75000
77194
74519
78877
72456
76984
77725
76343
76012
75781
77796
71424
73788
75271
74619
73938
76332
74820
72996
75241
73107
75531
76573
75291
71513
71424
75170
74830
72466
74349
86261
72526
73507
76292
76634
76483
77175
77074
74329
72395
70101
74259
72215
74629
75932
74119
69851
77845
75320
70531
74239
74149
75020
76232
80180
75391
71985
81542
73377
73948
80160
79629
51887
77725
49262
72055
77164
46898
89607
45955
74910
50294
52558
71013
48611
83987
48461
71824
82674
49012
79819
45996
80270
59201
77404
52428
77955
47709
78607
70622
45776
49363
47890
47579
95669
58640
60393
87864
87934
89587
85921
88365
85230
60092
84748
89197
85319
84438
75381
83586
82604
84117
76553
73447
74730
89197
71463
77285
83896
75420
70702
87343
84087
86391
86481
84809
84688
83176
87553
82955
80801
83025
57337
75842
84227
83676
84889
81292
67126
61124
51887
71444
46196
73037
63228
49292
49562
66545
47669
92132
58148
63108
85991
84648
82905
82775
94897
83727
85159
69480
83597
68208
84608
83787
87143
86442
83766
84107
60653
83887
82574
92654
68327
84317
74790
85239
86211
85049
87023
59842
81823
66705
78737
83687
84227
83866
88205
58970
82264
82514
85851
83597
85159
85379
60453
83586
86251
87694
85600
85119
82905
83917
83616
82814
84138
81923
82654
83666
82955
87403
87864
85760
86121
89388
85921
86342
86863
84298
83876
85270
87854
82143
61605
74971
100648
82304
77986
68118
77575
71093
67386
80400
70782
82634
59722
80541
71013
80720
70421
78536
78076
80901
60824
75151
70642
67877
78768
70562
83666
63719
69971
85951
59661
78236
74680
83406
66324
81242
76072
82575
59922
86492
86662
84958
87043
82054
67466
78557
87654
85620
83486
85660
84067
85159
82784
84678
84578
84688
82894
69890
75762
85761
83606
83526
82774
82845
84277
60723
82524
89177
80701
85239
54181
76032
85910
73608
69119
79308
74759
77174
70752
90329
81703
78156
77525
119323
55493
71223
137196
78787
113121
81152
90209
81733
74670
112230
79228
101018
82213
77375
99466
81362
92513
83837
72425
84327
78206
75281
75210
49072
85700
55434
51466
82334
83466
80160
82424
76433
80530
82354
74580
79799
79017
81062
88826
81482
85680
88465
78296
84167
81352
76042
83305
84107
73037
73407
86111
83056
73167
81352
86040
79929
76553
81022
81001
74630
93114
83365
76382
81161
59241
73597
83346
81652
79288
82754
67546
79469
83776
83456
81001
84338
76333
80270
93615
82073
78426
86382
77625
79258
80301
84438
89186
72215
93846
84728
83766
83366
81002
84488
90319
73557
84308
104024
76162
84247
85740
83546
82705
84568
74409
84187
86512
82404
78767
81031
80570
81021
80030
89067
78337
79889
88065
77224
82003
89207
76964
81873
84688
84218
61214
88525
70301
75902
71243
76794
69821
78236
66094
80320
71193
78326
73918
77315
72656
77926
70963
78046
65122
78277
64892
78366
70672
78156
70652
76723
81161
63168
72165
77074
71123
77084
71403
77324
71584
80401
63349
68999
61505
75671
62998
70692
77424
69620
78176
71384
78356
70492
76443
70272
75641
70682
75621
72806
78427
71393
76022
72605
77665
70863
75992
70271
76262
71113
75070
74860
265937
114013
83716
101049
78106
65302
80541
86512
85179
66835
85600
81973
88896
61394
79278
87533
61766
82875
88546
92172
87473
92833
60253
83907
89978
83867
84067
80871
81944
79729
84978
60373
75471
80691
82284
80160
84718
83526
87894
85149
69039
82243
88214
86792
82644
82674
83105
85560
104967
84308
84407
83977
82554
82985
83647
84739
86051
85741
62016
98314
81623
82614
59331
78016
81913
74058
73637
77023
82243
82565
63178
82965
67275
63048
82144
71493
81161
72706
75481
83777
87353
81131
74259
84227
71193
76903
70922
75792
73227
81152
92443
81041
88626
80521
90870
78717
101941
78397
88715
79348
86712
78517
91531
77224
93905
81131
86702
83707
80070
92382
85580
76763
87263
89397
79789
86422
81733
74590
86382
80500
83666
77274
83246
86642
82714
87253
79599
69820
78807
92854
84157
91992
80630
85931
82093
91351
60383
79889
89247
59191
80310
87073
80641
87834
82183
88686
80601
87674
80109
90829
58830
79318
88455
61615
84388
87183
79629
87904
82584
87734
82274
89006
58579
78928
90029
58509
81362
59231
80721
83516
88646
75561
81522
82304
87613
70491
78937
84608
62557
84398
80821
65553
83946
65762
79619
84679
78637
70993
81713
83305
79688
84017
84618
84959
83055
74669
90779
78347
89718
81703
88335
81993
76152
86020
82945
78266
88125
86271
61114
82975
82714
64601
85510
81503
92924
79779
78026
77445
89337
78407
77565
83747
84868
79228
88075
61284
74770
86040
94327
75220
85480
86622
87464
79979
87834
82935
79959
85250
57528
75030
84278
53510
51066
83065
69199
81252
84979
82524
56726
81432
85520
57738
62607
84168
53730
52088
85289
86241
84057
56655
51336
77004
87263
113492
81081
94276
81813
88806
85781
90559
86602
56496
52178
72876
84548
79749
59812
75541
86521
58820
85680
56796
83587
84087
84248
84548
85029
83396
83316
83206
84097
74088
71875
88075
87283
61345
83486
86001
82715
85109
58609
77835
84337
82373
85269
83927
83697
86111
77514
87424
95409
84558
84127
93915
75261
83466
84458
83095
78888
93875
83796
83315
84929
89497
76753
93424
85149
82454
76253
81742
86772
93865
75972
84148
88977
88385
86762
93084
76253
85349
92743
73266
81212
73037
86852
90178
84829
87022
78888
85229
90519
75942
83646
84228
83195
86171
87774
74088
81823
91561
84478
87374
74449
84117
83596
82725
85270
97683
76022
80591
81302
90519
83085
88836
96962
88405
85850
90349
86091
90660
86030
91361
82865
89948
85319
69851
80010
85670
86601
77205
84017
67486
86581
71494
83025
90469
79268
86172
82123
83786
82394
88536
65061
91731
67115
82695
85600
89618
64842
82134
67897
84388
87764
88405
63629
85449
71373
85299
85650
75621
83305
89467
92963
62217
82975
86362
55844
83997
83166
89718
83146
89568
61986
85489
69430
84037
83877
85390
81142
84257
73818
82654
84468
84387
77074
86081
59081
79528
81342
87033
86171
86261
90940
80691
86071
82874
86141
85089
88155
79218
87604
53330
86672
84418
87854
81823
87052
80520
86491
72666
84238
80761
56376
76042
82715
85991
81261
90278
67346
81673
91331
64671
84127
91281
82064
70883
82514
85560
93154
82905
87464
63739
81292
88406
86351
82214
78046
88215
85790
73998
81212
84879
78988
83356
83757
77635
84097
81683
86642
77816
83736
84848
78206
82274
86411
75972
83726
94867
82784
114394
76343
73698
82645
85650
79278
82514
83786
75080
76483
82354
81182
75001
81331
84037
77955
82574
83676
77064
81783
85369
78346
80941
85069
82765
83456
75992
75491
83306
83055
73387
87313
86151
76583
85469
87704
79920
86481
85369
76052
85380
84669
76443
81723
84117
76423
82334
83566
76002
81492
84248
72055
82975
86462
82364
82214
77584
81653
82725
76834
82704
84128
75672
81332
84227
76924
84859
83566
77655
86742
87734
78838
85881
85680
76693
85670
86341
78587
85390
85890
78547
76934
85910
84318
73146
85259
83326
78466
90258
81292
77374
98574
82514
80611
85029
81452
81813
85440
85049
75772
82734
76763
86622
74599
84087
84308
80270
78697
85570
83376
98795
81603
85129
78287
82674
82354
86902
83647
79860
83516
85700
77044
87674
95839
73167
84438
89818
77124
84428
82915
95609
79198
72155
82725
83897
77135
86372
82524
74530
83747
83226
76853
83687
82955
74880
82634
83396
93535
86843
82825
68959
85560
82254
73928
93595
80591
79459
72896
59681
75221
67376
72866
70793
77023
63228
75101
64069
58880
74540
63608
72135
62266
71624
73287
70281
72315
74870
70392
71273
81723
75220
73718
76112
76964
71955
75030
83947
81713
93365
85249
74890
73688
73888
75892
75822
76763
77504
76413
78466
87504
85269
78748
76864
86221
81082
83626
84989
82635
77335
86011
89747
84598
86592
84247
87704
93926
83035
77996
87233
78477
80721
88095
86993
76823
78557
75111
72636
70832
52067
72205
48460
69570
48510
75911
48511
75932
51216
76473
48020
71253
47378
70361
49142
71523
48009
73468
48871
73347
72355
48560
72115
50364
71524
93735
80420
82754
74820
82384
92703
82765
87413
76743
87193
86221
78036
85369
82674
77355
81292
85189
74820
84929
80019
74008
87012
87464
79418
86872
79629
80781
82825
88395
440192
83356
114174
67726
78146
74188
84458
81452
88886
73407
82284
82454
74038
95779
85380
80039
81332
73618
82705
82795
82825
74028
81974
87213
78908
88376
72806
87092
78707
83656
74239
86352
71754
82986
79428
76824
74700
81242
82023
83927
71764
85870
83035
83906
72847
73688
84448
81492
84167
81722
66765
88636
77605
97933
82645
85479
83446
83045
55264
51035
73307
78326
83045
84458
78116
71233
82013
79699
76332
84277
54101
51175
72415
80881
87243
85710
80160
73287
86642
83847
78437
83345
79559
70412
73518
79608
71815
74740
85340
88275
80180
83026
61766
87253
68388
74169
84348
73417
84548
77955
74119
83376
90439
79669
82554
84858
78286
81903
80982
74148
75311
86111
77515
81853
84488
72405
84848
87413
74669
79859
84157
76523
88295
87033
76002
81783
93916
76313
87924
83817
76473
83235
83255
76773
83316
84368
82645
70452
75091
82354
85710
80491
67486
75521
84799
84488
76413
84157
85881
76854
86191
85149
87774
69971
73928
84278
82575
61555
75791
87053
52789
80581
94847
88264
71033
75390
85019
85149
61725
58810
75671
81222
81302
60223
78757
81943
59261
85199
80751
59220
84337
85911
85901
86812
83386
86822
84939
69109
59911
85059
82284
60783
85710
82625
59120
85119
83716
58920
83386
67917
85700
83156
82914
83285
83556
86402
86321
69841
75992
87283
84247
86912
69520
75862
88535
86842
86482
83597
77304
55895
83907
82364
73307
84358
84959
75961
83356
83617
75541
81412
84718
75982
84739
81522
77074
83706
83005
83896
82975
75270
87253
84909
74950
83796
80640
71975
88755
81172
79378
81101
83967
74760
89528
87053
79047
92963
86863
92824
88486
88946
114213
122939
90209
85991
78907
88345
101089
72335
91471
83647
84648
82805
74639
91742
80521
89808
82474
90289
82194
78136
90339
96200
78186
90249
84558
93474
82905
98204
89097
81051
94416
86832
92453
99596
77555
91972
84719
90900
83155
89066
82845
88345
85780
76874
88866
82695
74440
95168
80000
72686
88816
83386
95579
83756
89517
82594
86191
91521
88886
84678
83305
70712
90850
76734
74128
87954
67165
84498
80982
79288
77315
76894
73658
71865
68929
83095
78376
66895
79579
81853
82244
79469
86071
60633
84598
85891
60153
80060
68528
80270
85009
84037
87965
86071
85750
87113
86742
84057
86802
85139
76132
83887
83576
82815
82254
75762
83606
82664
75250
83526
81964
77796
85800
82875
74459
80680
82865
74249
77495
84548
83506
75330
86231
81903
59882
85009
83296
58479
85941
82955
77284
82004
84578
59271
86622
83586
85350
86141
84838
82394
76233
88115
80901
73978
85731
80300
72145
81132
80360
69670
72996
82905
87102
77464
66965
82895
76413
74910
72526
78266
75020
69891
72696
75421
72406
76773
76102
72856
76022
75912
73838
77044
70742
71524
77735
71934
72606
76293
75862
77474
71905
76192
79458
70382
75371
75591
72465
75361
73738
75762
75481
74399
88927
77565
71143
72776
75210
70922
76393
76082
69130
72405
75090
77084
75521
75632
73427
76303
71414
74870
77775
69971
71614
74910
69720
89918
74178
100959
75952
72144
72686
71674
73708
76994
77615
72585
71815
77485
73127
77014
74489
75020
76052
75100
75531
76133
71133
75180
73457
70682
77264
74339
72045
73327
70962
74079
71453
69700
77244
69960
69891
72616
76302
71564
76583
77174
71864
76693
71754
76253
76052
76082
76072
83566
77656
71945
68508
70682
74440
73758
73216
77345
71233
72285
73838
74609
75200
76764
75401
77284
78858
74840
73317
78567
70371
77244
78236
77615
78477
76513
75962
70702
72205
74980
77615
70952
75921
77215
75250
75300
75562
73818
75250
84498
73017
79508
77004
75461
72055
72376
76463
110767
115506
112590
78266
81272
69780
74108
71163
73938
73457
75782
84638
75321
79278
73116
74539
73367
73067
75291
74790
73137
76012
78297
77775
78106
100518
73647
79699
72185
73137
69961
69520
74339
71734
74860
72485
71113
77655
74379
71964
72305
77595
85509
93094
75251
73518
75461
78737
78868
73928
74169
74860
76403
74900
75241
75902
74249
76723
71804
76053
77004
76192
75912
73488
69781
70571
72295
76423
76293
76733
76443
74038
72425
75972
74119
73317
74950
76192
73166
74740
76172
72034
92793
72015
75812
74519
74168
74659
76032
74559
78697
74049
72685
73097
76703
78497
74890
75441
75461
75271
71063
74419
75050
74059
74409
78496
70842
86321
77715
72816
75551
81503
80200
78546
77365
73648
74719
74620
76232
72225
76793
78347
75832
74049
79589
81122
72926
74970
75291
75081
77666
70682
72856
76433
76102
73898
73787
75881
78326
76843
72636
74720
72335
75571
71934
74339
72075
72305
91791
79498
77525
69410
72996
88555
83827
77304
89227
86021
74099
88295
86101
75962
86282
86702
80020
86011
84228
74530
84679
85670
74328
80120
81903
76353
84848
84228
75731
85349
82604
75772
75982
88025
80029
74980
80841
89898
74780
85650
81702
83125
85319
82985
72515
89137
84348
75582
77014
62687
71344
49603
73808
44924
76964
47368
77595
45976
75060
49302
74029
48270
71684
44824
73748
45124
72425
49913
73137
50123
75922
46758
83856
46667
72235
47138
74148
46356
75050
46136
77294
46788
74520
46417
74589
47840
72725
48049
73908
45956
74719
44082
72536
44303
74199
47999
76333
45706
73407
46547
71564
51516
73397
52087
68538
50404
78176
49142
72125
50795
74339
47309
70221
48681
75161
49813
74088
49813
76283
46167
71674
47038
75341
48311
74098
47538
75612
44954
70362
70421
46036
72505
47839
76032
46587
84277
48300
72796
46817
73778
46607
71654
47559
70582
48961
78647
49493
47569
73377
51356
75641
46928
72396
73177
48030
75070
46137
72155
48200
74699
47900
79428
46887
74038
50043
74208
45345
72456
45796
75751
48501
85600
46006
74940
46146
76483
46287
76382
45716
85089
46477
72145
45925
71614
48060
86502
54391
77925
83336
85990
80670
80591
80971
85190
82163
81523
79839
84287
79379
100788
84387
76884
81322
83697
76483
86312
82534
74580
85480
89808
83386
90258
83526
112410
138218
86592
57057
84648
87153
81943
79759
86151
85290
74950
81522
84387
82945
84077
82354
68157
78096
84518
86491
86682
88775
85520
71885
81182
63999
76733
62126
71533
50685
69550
71113
83075
71814
77876
71604
70733
79489
74700
71434
70252
83345
71794
91101
69620
84849
77305
84208
74940
69269
93474
73888
85380
86813
83836
75020
83165
81392
81111
85811
90980
79218
83266
79849
79789
83526
89978
78738
87934
90088
76362
80941
84908
90920
82364
94226
86411
88576
76754
81513
82604
86411
84959
87323
77275
83737
81362
82354
83556
88506
76303
97102
90910
74539
81652
89698
78506
86723
82454
82795
76753
84758
85099
91911
71293
81793
96571
89668
81653
94096
76143
82774
92673
84788
94627
81583
84468
93374
72846
83787
82263
77144
78737
81653
92824
56856
82945
77855
84057
84819
87243
84057
89267
82635
67496
85910
86141
86111
64401
84729
71093
85199
86471
59571
61235
77815
72766
81111
65092
73968
61364
74970
66294
71794
93354
82925
67195
89247
82504
61434
88144
86862
92903
87884
89207
84658
91110
85600
62036
90218
82505
59491
95728
82895
87343
82234
87584
71343
79929
102331
83456
84969
83636
91030
69319
89106
70431
90279
70391
60543
90980
70572
104745
69309
100027
67726
93946
69711
90179
69580
92563
70482
94086
63960
68928
90008
64420
68728
80140
92212
66465
90128
87593
71403
96070
81452
95508
51466
82644
72766
61165
84147
69520
88706
51356
77415
67867
61996
79328
61605
74168
65031
84067
69109
90238
62597
68839
69350
84478
69380
88465
75080
78827
63018
68628
66945
84939
69830
89498
62757
82274
63188
70262
71925
85129
61886
79980
71454
80200
94937
75551
81412
86742
79088
70882
77916
103914
90048
82133
72957
84217
87594
73668
87834
70361
68568
68388
87273
72075
88495
78366
73277
72265
87283
69109
88205
81322
71865
69039
88976
72786
89087
78997
72796
67947
86001
68679
88085
78697
108773
78527
80490
65182
86542
48430
68458
53890
85610
69310
84718
71734
85620
68197
68067
85209
68228
88095
79909
83235
54572
76943
73568
56034
80561
74039
69811
84928
62968
84578
72576
92793
62958
70141
70271
94376
72115
96891
67937
84147
67306
68317
65372
94507
69249
61204
79759
83546
68378
95629
84588
84358
116808
86181
52869
91932
50815
57176
56977
90749
65172
83627
80451
78878
49683
86842
59101
57878
82695
57056
89147
78937
82614
52347
84137
56665
55032
81713
56095
71613
83416
55874
88425
55674
88215
61545
82654
48099
81763
53380
90719
62857
83756
61475
81672
64390
82494
50975
81943
48851
83105
49853
77244
48671
81642
52328
87153
54682
80250
83256
55684
77174
86181
90169
85380
80361
89618
84939
76663
86722
84027
65022
106509
69951
87684
91271
62226
85830
67466
100327
81593
69239
74700
80861
98554
84217
87664
63168
82985
68118
82053
78367
70962
86582
79689
71273
66545
85079
68127
94296
81021
82594
56065
80671
69049
56115
88035
70432
85449
74950
89808
66805
83896
62306
81162
48150
78837
72315
54272
82855
70902
100348
77766
79739
51225
77555
71434
67526
68648
94487
73457
81041
71273
56415
83676
68488
95028
82735
89578
46117
82013
66765
55353
80661
61835
84568
68579
107671
63258
66814
78407
80380
76853
67246
95708
83747
75150
85480
75411
77845
66966
85219
83797
74899
82675
77294
69380
82104
81382
74870
72625
100298
69079
84758
85239
75191
68709
80400
83085
75331
81532
75190
83435
101419
97151
68418
92793
64210
67406
77515
93875
69510
100988
85349
82915
47228
88345
68629
63098
69169
108293
70352
75561
89878
71594
91541
81172
67767
62637
93935
70071
89086
91691
69530
66985
88475
72155
95097
82184
83196
49683
79859
68128
55133
67857
88756
79648
77705
54072
77495
67977
54121
87925
66044
68839
83887
67256
67126
95919
73457
93535
64751
67606
70141
84347
72696
83395
88726
70863
80871
75461
80361
67727
89377
79058
91892
45675
80090
68278
54271
84367
68117
69500
85180
73347
92944
64600
86471
72536
91641
62266
69510
67596
86973
68087
85389
77745
78347
60844
67236
65974
86491
69850
90910
65833
67867
67847
83977
71133
89226
81603
72295
54391
109515
69711
88576
66915
60042
85730
79168
84397
47950
82104
58129
80591
87734
92463
79058
91491
63208
85730
69820
88315
78537
89918
62446
81422
66625
84819
84438
86221
84839
74509
87604
81322
76713
105497
83617
88275
86482
74168
75151
75811
76353
49683
75741
46987
68999
47479
72986
47919
74910
50053
78467
47880
75190
45164
70913
44744
76183
50744
74319
45685
90279
75642
46848
73588
48090
75291
44413
76673
45425
74700
49682
75200
45916
75320
74599
77665
115606
54461
75531
92303
84238
87944
82985
63969
89347
67746
93285
87023
88335
83696
63709
92272
72034
75351
90499
84108
82224
89086
82555
49462
84047
67526
76944
93925
84818
90870
83737
92453
71143
91661
85510
90198
88705
64901
92673
68789
76623
98063
83236
88826
70472
76222
84949
82394
79588
87784
66303
75221
81652
83215
82494
83757
70723
76693
82975
87684
78938
86662
84188
67436
75631
80190
73718
74970
83666
85390
64531
86191
70612
78306
82825
83256
80681
87294
75911
84217
119353
84548
83286
83877
85360
83647
85510
83105
84478
83797
91361
79769
86382
78807
80250
84909
92954
73247
71394
90268
83756
87093
77235
83846
85920
79389
84298
83125
77795
81663
84568
78317
83395
86311
76603
80291
85029
79178
83466
82484
77866
77044
82754
85550
78918
89507
81392
77715
77515
83617
81903
74970
86892
81312
61925
80330
65973
97402
69129
153397
71373
131916
76884
125444
97241
115827
92433
66695
113943
91120
84698
78086
127699
88675
97793
73969
82835
86061
88886
86111
69741
62877
98393
97583
71263
99315
81923
68919
63809
91451
75481
77034
72806
68628
89978
70702
89206
74419
69940
101299
76032
80310
69149
85209
80240
78447
70261
85299
78968
77495
71664
80891
73488
74609
72756
84909
79348
77325
75291
69850
84728
73698
70071
80210
79469
71764
83987
81853
77094
83757
75040
74880
81432
77384
75010
73437
82014
74880
72065
73858
72906
76704
76293
85800
73077
81041
74409
73047
76072
75150
71614
73588
72625
72726
56425
81462
78437
79248
74970
74950
96120
90900
76774
90269
90299
89637
86492
79198
80461
81603
82655
82785
77795
85009
87474
78206
82684
85590
79358
80871
85079
78156
82945
84979
92372
83727
87373
87443
78607
84638
86712
79739
86262
84698
87673
82734
86832
80099
77294
87393
81522
73276
82765
85931
77535
91581
87343
80952
84638
78116
80280
84207
79879
85850
82915
81983
85430
97663
77936
92343
84278
84378
83717
83707
87093
82013
78697
84899
79488
77294
73757
82384
90008
74018
90680
88986
72305
93806
87794
91280
85831
78537
88065
84438
94346
82484
79188
83767
83927
76183
82735
82344
79739
84147
82624
82985
86131
79489
71764
83426
80100
87183
84037
84768
74629
92733
82224
84007
87644
80421
83817
85360
76373
80520
83606
78237
80610
84849
79559
79168
83035
77264
89377
82655
79509
82174
83546
80230
82323
85069
79178
118201
85039
114263
84708
92362
84188
75681
95408
82144
79429
88495
87033
77225
82284
83907
82203
87323
86872
84458
75832
84437
81803
84298
87814
83957
81873
79519
84939
83336
86041
89007
77155
85329
86822
77715
82244
84358
78477
86862
86422
83015
83606
79809
86221
77504
86301
81573
76313
88536
85339
77985
85559
81232
73067
83747
85370
76793
86923
82524
72194
72275
88856
82765
74630
84658
83987
78487
93434
83937
84848
78867
82574
84137
77555
82544
87493
84638
84658
92022
83576
86963
81542
77775
78326
90489
82695
91080
81241
85620
83295
77815
84849
84929
75721
85009
82815
80781
77094
88435
85520
84498
84157
82534
84958
77074
88385
85290
74680
82905
85149
75652
97372
84958
74830
86923
83395
74319
80491
85450
74599
84478
83005
77906
82955
79369
73107
85390
83947
85089
88656
78777
88235
83987
76604
85089
82705
78396
84538
83246
82364
75872
86561
82935
75131
83245
83315
72325
84368
87173
74690
80971
83015
75341
73948
88105
81512
77314
85360
84638
86542
84187
86381
87193
70351
94025
88025
83145
84248
86672
76122
84639
86722
78196
82724
81803
66555
85630
58329
80260
83265
86141
73467
85590
108242
82595
82625
68458
84758
89667
82254
83466
79027
86962
81702
76022
88105
68478
82795
85811
86331
84528
68638
81011
85630
82143
78316
84117
70251
78346
87724
83636
80480
89257
78698
87453
88986
76894
83015
75361
46928
80570
65874
80370
81884
80952
82153
82374
96480
71063
79569
86151
84248
79819
79258
68168
81121
87293
83676
92052
85069
75762
84718
81672
80360
86151
86141
81833
86111
82074
86612
69069
101499
117840
77275
115856
79919
89297
80180
76643
83375
83597
79689
77645
80490
78276
75642
82274
66464
83046
66394
71483
59992
61495
74480
64039
77204
66244
77475
81813
80400
79388
76754
77895
79007
84297
75961
82545
72104
77785
73347
72285
77836
76302
72425
76933
70913
72486
78998
74620
83707
73838
71774
77855
74199
81723
81182
75621
87123
83687
76393
83536
87012
108453
83696
88265
80912
85940
88585
82474
89688
84528
84618
72926
83897
80360
95228
82845
93024
82645
72215
81823
83556
88085
81723
83516
97943
85941
93866
83826
87353
57668
88015
76994
89147
83396
82384
79940
70942
83496
80831
86682
80300
78797
57327
80400
55795
81152
86461
80040
87213
83075
78186
82935
84538
85670
85340
81753
74229
82594
85159
73778
80941
80862
75962
87394
83245
80681
85149
84147
83977
59141
77465
71213
61194
84257
74709
76553
70151
71774
76142
69801
73748
76433
56816
94447
74779
74599
77585
68849
72615
76373
72746
72886
58238
79989
75321
74439
76333
62507
77745
71544
71684
72886
70441
59882
80872
69610
68828
67626
69780
70452
70572
72495
71023
71283
74429
68417
70352
69320
71093
68558
66664
67606
68207
66815
69780
69910
70632
70232
68588
84037
67927
67997
62497
76904
68898
68719
76212
71343
69921
67035
67647
70451
70712
69099
71043
69771
70562
65673
71594
67747
92503
71133
67155
56205
74910
55494
88966
74800
78407
56506
79158
72225
54873
79879
57116
81382
53660
75962
77835
53650
89016
78677
95839
75652
86933
79780
78837
80831
79279
81983
69620
80230
78006
81522
79759
84639
70382
76553
77535
78907
79598
81903
72896
88946
78646
73647
71374
78076
78707
72395
69550
75210
79047
74870
79789
80230
76162
78667
81923
71594
78837
97181
57077
77344
77946
81933
71814
65082
81693
78186
81853
61595
73547
61285
78818
77996
81022
74659
81903
75571
111789
82484
102031
65412
73588
81843
74148
70733
72445
63448
78737
78366
73627
73728
66755
70321
87383
86702
81522
73337
78056
72666
70522
78597
73858
75691
74910
70953
80481
76062
74449
71524
74038
78647
69370
75321
78267
71093
75892
78036
75221
80190
71303
72325
73277
72366
71474
76573
71654
76282
76203
66494
72005
74890
72996
70141
77214
72506
72946
73267
74560
76303
77275
76624
73447
68528
67877
73798
75341
70101
70892
75431
70231
74980
73437
70973
67386
74189
71543
74479
71935
83446
72425
72134
69229
72666
74059
70311
69690
73668
70261
70091
71724
75150
71363
66003
80941
70331
69390
74379
72926
65322
67076
75190
68148
74780
71654
68407
72085
73919
66735
80601
73197
66765
69049
74309
67547
64059
73287
68018
67125
72535
70161
64911
69450
71414
66935
64160
84327
66073
68118
69429
66745
69921
72195
65934
69670
65211
69690
69360
65833
68077
70351
66364
70321
70913
69761
70121
67306
69620
67236
69741
69590
65883
70211
68729
67616
80500
71965
63709
69710
71654
34674
45435
42901
44463
39815
52889
41798
40596
44153
50916
42078
42439
43932
46257
44664
45825
40135
47037
43722
42229
44704
46517
40005
44153
42990
41237
42089
42399
39694
44543
45696
42189
41467
48060
41387
43932
43311
44082
43291
45526
38933
40996
41558
42750
38412
40566
42049
41237
40315
44192
38612
42770
40646
40004
42048
41338
39133
39223
40827
44975
39253
41657
41638
44193
39253
40796
41487
43240
55544
38222
41137
40906
40536
40827
47719
38492
41999
40846
35116
42660
39203
46167
38542
40586
39453
39324
40266
47068
37320
39013
52749
44293
36097
39183
39404
41457
39022
38903
39664
38232
40636
40366
36148
43261
35617
39584
35466
67396
40496
37721
39544
24485
36348
40325
37500
23434
34956
44704
39744
39394
25878
34154
47038
36218
49733
37660
38592
38532
35386
40085
38732
39594
39393
31820
38112
38643
37040
36779
31348
35847
40777
34845
43792
38562
36088
37360
32430
37070
38041
36618
34946
33774
35527
36528
38472
37570
24767
34565
36308
37329
35977
35576
35296
36989
35226
34945
33843
24736
36068
38021
36458
29275
35527
29786
34344
35646
35376
36418
36528
33012
32952
36138
35266
35546
34995
22461
32210
35747
35727
34354
34214
21630
33903
27421
33533
22292
20839
22191
31168
21040
19376
20659
24686
33733
27652
35165
35246
27922
32220
30858
32010
32561
43562
28133
34955
35216
33233
29505
34765
27842
16741
15760
15589
15348
17163
16661
15640
17162
14617
15288
16230
17022
14607
15028
16120
15669
18634
16571
17513
17332
14096
17543
15970
15249
14327
16751
16180
15399
15339
14767
15850
14297
14528
14727
16050
15900
14768
14848
19286
14828
15720
14828
15148
15108
14888
14366
19777
14397
15319
19336
14166
13756
14427
14026
14697
13846
14497
17272
16451
17132
13194
14226
13205
12683
12703
13666
16161
13606
13705
14367
16350
13285
12754
14647
19387
12744
13234
13275
15008
12503
12474
12083
13666
13575
12223
11732
12043
11882
12714
14947
11401
12193
12193
15089
12032
11853
11701
12473
12063
15359
11472
11521
11331
11762
13035
10670
14998
12022
11081
11612
11281
10029
11121
10439
