62758
26029
25688
40556
26189
42350
20839
25368
24145
20488
22191
21610
23414
22833
23915
19637
23103
21490
19456
18124
17914
27652
25096
18144
22533
21039
21800
21921
25347
25788
20768
17082
21270
28092
21440
15850
24376
21501
17573
15279
35787
20708
12604
20879
17011
12984
16871
19286
14196
15128
21971
34074
13135
25799
28283
20759
21059
17292
23805
23835
27240
16190
24716
26310
21119
21520
23053
14968
37891
20849
27551
21209
21210
18364
21681
23083
22692
23263
23785
24626
26460
22342
21811
19246
22542
19687
22162
28494
28623
20859
22442
17743
19577
20678
20609
22061
22563
22041
20539
22852
22031
23865
22292
18134
22993
22943
20589
19937
26179
26339
20528
20889
26660
20588
27031
23053
24255
15028
21169
21199
22312
30076
20759
20959
23444
20859
22051
23614
28293
26459
21690
27010
19326
21150
21390
23605
24355
29435
21119
19316
23864
24786
20639
28163
32761
27321
21500
24205
20399
17763
18775
24045
17994
26069
20147
22302
22052
26239
22221
23174
21661
19707
22652
21160
22011
24225
25748
30307
21150
20438
26520
24415
23003
16591
22462
21289
26209
23353
27090
22893
28043
25758
17573
23624
22763
21611
22332
24976
19727
21711
25828
19586
21661
24225
24025
23294
24596
23594
20448
23794
24766
22031
24035
24606
23835
15790
22883
25107
21661
20218
20248
25898
21941
23384
57657
29104
25137
19707
21230
18886
21039
30537
24065
23915
16370
22552
23434
25808
27101
24566
21090
22462
23214
19316
27641
22462
28122
26770
21520
30207
27131
17754
16732
24386
31650
20519
22923
23073
24977
23905
29445
36107
20438
22031
26760
23875
22072
20498
21961
20599
24656
20057
21290
24395
30547
23013
25818
23184
20719
24185
24636
22432
25688
22882
20979
36859
24156
24385
23644
18424
26770
28874
23023
26139
23123
21540
20208
20418
20909
25808
24896
23143
19356
21079
25167
16982
22111
22993
25197
19997
21250
19616
22162
21040
23914
21350
22251
25869
21921
19958
22001
24286
24496
19286
25758
27772
24126
21220
21320
22823
20499
21420
18895
26760
20759
28523
21049
25758
24145
20328
22212
24856
45786
21110
29946
22322
24055
22973
22292
23223
26439
22943
23324
26049
21731
25808
25978
23274
19266
21120
20509
20147
22723
22783
24937
22672
35396
16230
18104
20859
25768
22923
23373
26249
20980
22963
21129
22002
20017
25698
28484
22292
25227
21760
29305
19767
19777
20789
21229
25878
20048
22431
21540
22482
20418
21590
26510
24376
24315
27251
20228
25517
25568
16280
17753
25899
22833
17743
23554
22652
22151
21310
24145
22162
18465
19427
21460
20098
21340
24967
18584
35797
23544
19326
30096
21390
25047
19656
23724
24456
19787
28533
26499
24817
20919
40266
24375
17673
21881
19787
21170
24055
23063
17383
19527
24646
19616
21931
20989
24366
21631
27090
19957
18896
21661
18635
22973
23634
22723
27291
25548
20659
23094
25036
21821
24556
21169
20849
20729
20839
24716
19347
32069
20859
24165
25498
21170
21440
25087
20949
34054
21941
25327
19116
21119
22322
24756
22762
21951
23664
21460
23734
23945
21269
27602
22422
20839
21379
23755
25367
20819
19917
20118
18765
24596
20468
24496
19857
27321
26990
25067
24876
26028
23914
21330
19256
23273
24766
24345
21981
23775
24686
23133
26690
22772
24957
27542
21510
27752
19717
19797
28293
16981
24746
23775
25127
21169
20859
17032
19747
25528
20739
18163
25227
21360
23704
20859
21440
24205
20579
33212
26209
29786
18605
18655
20648
21590
18534
23944
26569
31599
21450
20248
19706
24676
24476
21160
27051
27602
21209
21019
18014
20238
21070
18214
24295
34464
19206
21289
19787
23343
35908
20729
19767
21841
25297
22502
31329
32360
23093
19918
19266
20789
20278
29976
23814
21481
24185
21130
20298
28233
19276
25468
23985
21059
23294
21289
21140
23474
24145
19487
18064
20759
16400
23705
23033
24757
18915
14938
24576
23224
24636
25628
21180
13605
21841
19527
66955
21731
32431
20379
19416
26239
32530
20979
21530
16661
23924
21711
23624
22653
23644
19517
24977
22492
23393
20769
17252
22321
22522
18955
23283
24325
17863
19226
21800
19216
20428
18194
23875
18635
23814
16832
14066
17001
23404
18224
25528
14998
28703
20017
23965
24256
20718
22622
29324
26851
21340
25187
21190
21641
24146
15458
18635
20238
21711
25959
22722
23163
21981
22602
24766
20869
24657
20990
35316
23093
27160
21300
23604
22572
19086
21029
27481
19827
19417
18534
23384
21510
22863
19646
28083
23114
21029
19546
30407
20589
19326
22923
19867
26640
27191
21370
29425
12764
21721
22812
21891
19857
19817
29966
24456
30678
20058
22632
21289
24937
19416
18555
19486
26359
20328
22852
27611
19697
24777
28403
28063
21019
19457
21961
21300
23764
37239
21099
24206
18104
23934
19727
23975
24215
19987
22962
27582
34414
24416
16811
35857
21951
27671
18995
19587
24245
43652
20909
35276
21821
23474
21801
20839
26429
18094
21360
26991
19526
19076
20478
20298
24155
18806
20969
28113
20148
23765
22862
21931
20809
25748
23784
25207
24666
21621
24295
21230
22242
20398
19757
23784
15940
23664
20759
23965
18405
21320
24325
20458
24175
19797
24866
34354
17302
16471
23294
24636
20338
25818
19306
23664
19196
22432
19717
17823
21961
19436
20598
23594
26669
20699
23384
20869
20558
18615
23574
28012
25057
24305
20178
19997
24516
19246
18955
25237
31038
23824
20569
27261
22391
24285
23854
20378
22873
23403
23254
28182
22402
19065
23594
21630
18434
22202
25117
22652
22923
26249
23273
20688
20388
50805
20879
20709
22883
20008
29966
25258
23934
25418
22252
17993
23053
20869
23454
20298
19998
18425
19887
23184
25888
20819
13314
19145
23564
20629
21730
26730
24065
20018
24817
19637
18585
17132
44283
17893
24866
20308
21581
17874
21149
21160
30036
22942
20388
25738
18895
20788
23794
25838
22322
23343
25518
22872
35036
20739
36188
20368
20418
26129
30177
26630
26269
21651
19616
21530
26199
19427
22763
29515
26400
19226
23513
19326
24576
16511
19316
17082
26058
28292
24426
37169
17592
25198
25398
24896
23234
17783
22873
26028
20388
25247
28283
25137
22983
20889
21360
21530
27211
18785
27251
20919
19647
19396
23204
22241
23915
24366
13846
17954
14337
14447
22232
22743
23124
22762
21961
19437
23564
20759
18605
21630
18826
15970
22372
19386
20769
22202
26590
17523
20468
23434
19737
21099
29335
21360
24266
17472
21540
20498
24346
23354
15589
22452
21360
34344
29525
17683
23243
21621
25157
22622
21420
20588
25618
20158
23204
27130
23194
27190
25398
13686
24085
22762
20578
18365
20468
21060
22762
22953
24446
20799
15789
41507
20719
21911
28814
16551
24446
35716
21220
27391
20789
21540
24074
26450
21681
21180
20979
23484
22652
22883
24466
20528
18895
23454
26670
24927
22211
14397
24156
21801
23825
23434
20077
19707
26199
16220
52148
21590
23193
25748
39373
16962
22042
15288
20518
25117
24756
22282
26580
24997
22852
22873
18304
23053
27111
19847
24977
22101
21570
21039
22722
25628
20118
23394
27642
27351
21731
22092
13886
21941
21641
32651
24386
19195
21390
23204
25317
24375
21290
24495
22773
21651
23193
16151
27211
12954
21310
22502
21931
17873
21009
20338
23454
19175
24185
22582
19056
26900
23624
23373
20688
22222
22492
27051
19967
19977
23003
21971
28603
23344
20999
22873
18906
22482
19667
26159
21210
22472
25417
20598
26099
23945
22622
16121
21069
18524
19236
23575
20609
23644
28523
22342
22492
23574
22051
20839
21069
23995
19857
21029
26069
21951
21540
20038
22322
18134
24586
20088
22732
21100
22052
21050
26159
20719
20338
23083
22372
23133
25247
20539
25978
21080
19005
24566
21440
23604
21170
23193
24316
23954
30898
25708
20919
22312
23413
26780
17032
23404
17402
22361
20789
18414
21431
25317
22742
22502
16440
32811
18525
20609
22252
22482
28363
20849
22291
24485
22562
20167
21250
28914
20137
23765
20298
29655
36217
22922
19567
20448
28013
20819
21770
20990
21520
21330
20178
23725
24366
23554
27431
21440
24997
24145
24095
15669
20277
22692
20548
17974
21631
33633
23103
18063
22943
22082
22563
19957
23263
16801
21931
22522
24376
24406
24686
21380
23564
27421
31730
22271
21671
19907
20459
24456
23104
35987
22692
20579
19336
20649
23875
22472
21450
26119
25999
24646
21190
21400
19947
25558
25769
20228
25067
26439
19517
26530
19436
22082
20589
23474
19948
20729
25478
22201
25587
25327
20950
20989
25668
21650
20819
25678
21851
25317
16741
12924
19657
25598
25557
22862
27632
19657
20930
26189
22181
27772
25037
22212
20057
19106
23364
18815
22372
19867
21270
20738
26740
25067
20488
18745
19747
21350
23574
22281
21761
21941
20779
17022
31288
16681
22803
20318
21962
25067
19677
21500
19997
20548
19326
16170
12253
25147
21050
20829
24966
24737
22372
22302
15489
19997
21189
17242
21460
16561
21129
22422
20448
22081
21711
25448
22432
19998
23584
25297
19466
15378
21359
26189
17172
23264
25177
17021
28113
22151
28002
20158
18053
20749
21601
28332
23213
25027
13074
20869
19266
20719
16691
20849
26309
20488
20839
21240
19456
27271
22161
26480
27752
14918
40806
19496
21931
22722
24726
16070
21820
19466
32520
22813
17232
23644
23644
17022
24896
26659
23614
20729
22051
22572
20869
19597
20899
26169
13155
23955
15338
23183
21420
21350
18645
22532
20699
19456
20087
19506
19376
21881
20518
17673
23815
19005
22543
20418
19065
25868
18335
18735
25007
20689
23704
23154
20518
19256
22392
20027
22522
22862
20539
40846
18454
26339
21380
20188
18434
23814
19106
14677
21620
16160
23033
22452
27852
25106
15168
21010
18445
16961
21450
13284
25568
22372
15559
23294
22202
19607
24496
27751
16741
18735
20318
21530
20147
21410
21911
13475
26330
13074
22111
18454
15088
18485
16591
27681
17503
15659
21290
21971
21871
22763
20368
17894
23834
25919
21100
22062
22683
15820
20348
20028
13475
20659
20970
19627
18444
21710
13125
18344
15118
21049
37160
14417
23123
20338
21700
17543
19967
23343
21159
28413
23413
19526
24546
24907
24646
24817
20017
20769
31829
15870
17633
14467
25448
21450
21580
16761
20889
22792
19918
15049
21941
18775
12945
22242
20789
20729
20578
26980
17352
24015
22532
23193
26319
14828
22492
22442
19336
19547
38451
22041
27671
24886
20739
20668
24015
22853
20829
16892
20238
23463
25468
23604
22932
19125
18835
22542
20799
23184
25928
21730
23744
25448
35165
19185
21390
19967
25297
30066
22101
27000
21751
22663
20558
24315
19436
22502
19566
25788
21210
23664
21149
24976
18725
21520
22252
23845
23614
22742
22502
31910
17061
19537
19677
26369
23934
23053
21269
45455
20188
20148
20498
23043
24325
26930
23263
24586
19146
20689
25368
21009
22202
20468
22192
23283
20438
25247
19727
23013
18715
24055
15670
18715
20679
19767
16100
21060
19336
20388
20919
20028
22282
21109
25167
28232
23354
20758
20468
23845
25588
23304
19787
19226
20729
22101
20889
24346
21240
20558
27291
20088
26370
19407
24075
21730
22061
24997
20398
25297
21981
20909
24205
24025
24145
19576
24045
19827
18564
20829
23805
23243
21079
25277
22111
21139
22963
23744
21560
27001
20177
20408
19496
22723
18083
31759
21030
23434
25217
20218
21650
21751
23464
21209
26209
23143
25879
20769
22732
27802
20598
22853
26279
22271
22031
25938
22733
22843
24997
26158
21860
19828
25648
20077
23143
22963
21059
25328
25928
20048
22171
18975
20899
24626
21170
22883
23304
24265
20959
21030
26189
27021
27842
20809
19236
19997
27461
17002
24236
19316
22172
18555
20258
25437
18775
19777
21590
17473
18805
25067
22282
18665
25167
19246
17733
20979
18916
20448
22722
21600
19527
18594
25608
18875
19577
22652
37911
19026
30687
20678
18364
19536
27080
24726
16201
28443
21200
20709
21400
21771
22051
19567
19477
21180
22482
36228
22242
28403
15590
24636
22372
21741
20539
20939
21119
29004
26399
22682
24446
22172
21591
24276
22592
28162
26710
20037
26089
20849
26029
19717
22853
21981
22783
25708
22162
24837
20759
23313
20027
21941
22292
18254
26820
22772
19958
21730
26640
19015
20929
22201
22602
19737
21340
25578
21370
20789
24265
23504
23334
27832
27241
21780
21450
23584
22161
23684
26520
28623
21951
23664
23143
22702
23764
23003
16521
28974
17042
23393
25849
25208
21320
19677
24827
19306
21500
22061
21550
21551
22101
20489
20368
24215
24616
18925
23374
20779
25788
38091
38572
19467
28042
21750
18865
23524
20238
22673
24706
20028
22763
21691
21561
21650
21901
23073
26530
24566
22152
24155
21981
17723
22252
25488
19156
26620
19617
20789
24887
20538
22862
23935
25428
25718
19636
23313
20438
24626
22612
24155
25228
19236
26800
29385
19146
20889
18164
21721
25688
22162
23243
29946
23644
22793
19998
22823
25077
22622
24846
19888
19366
22242
26539
23825
26489
24296
23674
20749
23163
21860
21680
25828
22091
27751
17773
22192
24025
17653
20488
20669
23674
18845
24185
24897
22342
20759
18795
17633
24917
28714
18885
33913
24245
21480
24787
35296
28543
21410
21481
28974
21611
27562
28404
23204
24186
26259
19436
21540
21200
20959
16120
22392
24696
21751
19446
19627
18124
26630
18795
20047
28373
24416
21089
16651
21049
21440
22422
27210
22302
21290
22061
18665
20839
23514
21259
19186
22672
21591
22011
23695
22332
24205
22422
24797
17322
23133
24045
16922
25087
25037
23825
30397
17663
20459
20328
20508
23063
23735
23845
24345
19898
34494
24285
20378
21661
24386
25327
19306
24075
24536
22773
24746
22121
17452
26078
23715
22332
21600
23624
25167
23945
24245
26540
20459
26740
26730
25978
20619
28423
22101
37279
24736
23725
23484
26379
20608
25557
21410
28894
21820
21330
24906
22572
21110
21160
35356
18454
21860
37059
17062
24055
20869
25879
19356
23684
22161
19166
18284
17172
30998
26129
20639
29996
23133
22372
14097
22742
26409
24055
22011
19556
22291
22522
23484
27231
23795
24456
19606
21931
23404
22181
27532
24606
28503
23364
20408
19938
16831
21129
25778
24286
21590
20258
23794
25297
25248
23895
24626
28193
22312
19707
17803
19306
23113
26650
25788
26820
19396
28142
21620
23023
22512
18184
23354
22262
26499
22151
22142
24877
17513
26009
26589
21360
27261
27040
22713
23003
23544
21219
25688
21340
16972
22112
23774
22352
23073
21731
21309
21490
20759
25377
21591
36067
28874
20379
20128
22011
20979
24476
27041
29365
23755
22181
18915
23594
26620
21520
19567
20619
27461
21390
21951
22071
19757
25377
20628
23744
22442
19166
22221
25207
26610
26649
18374
23894
19597
22723
19406
20379
22993
13355
20548
17192
23624
25948
25167
21340
19276
19897
32191
27781
24956
16541
21019
21611
23714
21490
24727
32331
16550
22312
21811
20429
16150
19888
19736
25427
23754
21971
24566
24937
24746
24646
16541
18635
17031
26290
25958
22211
22512
21901
17402
22852
22983
19807
27992
27201
30707
22722
25818
19937
23043
18795
23383
22162
20899
20789
23324
29115
20308
23704
28484
21260
23274
22892
26860
24615
21230
25367
19316
21180
22302
27521
25698
26490
19116
26510
19967
24897
28303
23684
23564
22161
25076
20939
22051
33513
20048
21130
37060
24817
20759
27482
26900
19888
21360
30426
23554
21570
25739
23293
24616
19367
22261
22442
20809
30437
22422
39654
29866
17002
20167
23003
18194
19907
23113
23675
21310
22522
29245
38031
20078
19586
16381
45575
20208
20769
29065
20909
28473
19647
19606
22672
23554
20468
25698
22993
25297
19606
24065
25868
21500
22302
19005
19687
17894
25047
28753
20929
21390
19216
23694
29485
23845
22081
22963
23634
20769
24937
27011
26439
26038
25989
19025
21009
19747
22993
22281
17332
21871
17613
25197
21360
20067
30647
22182
22672
24856
25237
22723
40256
22132
17913
18916
22693
21470
22071
26179
20979
22953
25527
30838
20989
20198
20238
20438
22131
23153
24606
23574
25838
20768
24606
19617
18415
21681
24175
23524
30236
24656
22713
18935
25618
21329
23454
22122
26299
28844
20789
19226
20418
21069
25327
21731
22592
21250
20168
21971
22532
21720
23514
24997
26369
20198
22171
21460
16220
23805
21130
26881
23153
19406
19937
26369
24235
19457
25177
24616
23023
27571
19416
19036
22582
29575
21470
22993
22923
21861
16741
21781
20208
17954
22602
25197
24987
24596
20939
24105
19125
24435
24035
18124
23654
23023
24606
20308
21070
21009
19506
28413
20278
27512
20217
25387
28093
23534
23614
21851
20107
23363
23123
21820
21791
21871
23133
23915
25928
23113
23513
30026
20157
26149
20258
23864
21040
22191
26149
22863
26529
37099
25147
24816
19326
20228
24366
22663
22182
24736
20589
28193
26299
21760
23233
20007
24947
18985
21661
19166
28934
24085
22663
25218
22883
21119
24225
18635
23764
19416
18084
22503
19035
13064
16340
27010
20118
27502
24406
22402
23153
21871
21120
26981
21871
24806
20217
21570
21841
20699
14528
15890
30848
20038
15970
19737
22903
21470
17082
19146
20548
15279
29034
20479
20579
21600
27682
19797
22492
33883
24796
23654
17774
27902
19086
24426
24867
22301
24315
37089
29485
18214
23153
23604
22362
28413
21470
18164
26680
24365
27682
19767
26811
24246
24496
27922
22542
22762
28162
26700
18585
20729
22432
17192
21481
25348
30588
20549
26439
27170
25167
23454
20649
25969
24325
19757
20198
19327
25668
22362
26460
43081
16020
25037
23264
15108
26931
19677
22091
22643
26078
27601
23704
20469
37259
25167
20909
23453
15019
28684
21881
31830
30898
29334
21339
21420
16160
20288
25477
20879
22372
27822
20448
22552
30297
24956
23685
29755
22662
20107
21220
20419
21330
26319
30246
16882
21209
22883
32561
22092
24796
38432
23304
26750
24236
20729
23063
22382
21050
25918
25628
19176
21830
15609
23344
28563
18405
23645
32942
20829
29115
28233
20258
26610
21871
20969
19697
20699
25056
23534
20077
22933
23534
22412
18745
16932
25758
26078
25237
23775
20318
21149
25066
20489
19878
20699
27381
19817
18996
20148
21901
23033
18054
22652
22031
19607
18665
36659
24435
23204
24445
22482
28824
21249
23634
25718
27020
19797
27341
17793
20328
24586
21460
20558
29065
28002
20017
17052
19947
22682
19967
21190
23774
20218
16421
23103
17382
26459
21761
19938
26730
25367
16200
18735
16000
13886
21130
20338
13846
27211
15589
18655
12003
18515
14697
20549
16371
18916
20108
34274
16080
21671
15028
24015
18886
23013
17112
24235
13345
21340
16460
20628
16481
25167
10670
20558
12363
22311
28072
15048
24696
21741
22122
27180
24286
25027
24526
16551
30026
22692
22733
16621
18906
18815
23655
24316
24737
21941
22973
20017
23484
17272
24777
20018
19616
17423
20808
16331
22351
26890
17393
33162
21531
26309
28153
27591
21741
16190
41748
24115
27401
22953
30797
16821
23955
18544
29836
21310
23384
20658
12163
25648
21300
25568
23314
29505
14627
21721
25547
21631
26700
17392
21410
18986
25929
20829
18034
26390
29164
27401
19616
16160
25348
27852
29195
19636
28884
18184
21901
21360
23704
19506
23684
25969
27361
23924
40336
20328
22332
17754
21230
27201
23253
17804
30657
21611
26259
20298
21780
16020
25197
19586
22071
18936
22662
24336
22422
19797
22973
20518
29566
23684
27772
21831
45856
20849
22632
23284
22222
21641
22632
38823
20769
27311
22512
22703
28744
21500
23424
25448
18244
20348
26139
27131
27582
20949
22832
22101
21460
20578
22712
21400
17012
21029
25337
21520
22913
18074
20489
24105
22141
24475
20348
19076
19246
25608
28343
19656
17001
20338
24867
23694
24846
22442
21259
23313
24906
24956
22081
26440
23524
29114
20208
19196
14467
26349
16741
24606
22643
22562
25928
17643
25678
27982
25498
25748
25508
22162
31018
22783
28143
23213
27041
24877
21891
22933
26169
19617
20127
28082
20849
24927
21109
22291
24215
23444
25638
22792
21781
23103
21160
22792
22502
26169
22272
19978
44383
24245
20628
32200
19647
21711
20429
22462
24976
34544
32190
29525
23614
25067
21060
25537
19847
29866
20598
21119
21400
20028
29856
16781
24506
22763
25518
24956
20388
24926
24015
16641
17302
40867
20287
19557
14377
23433
19156
19036
16261
26379
17984
20990
13185
19847
15308
28503
22663
12483
15940
24756
13185
25739
13285
25348
14537
19707
10921
24135
15760
19948
12153
22342
21720
14537
27391
19948
34104
25979
18174
20368
20048
21771
24085
44252
23374
26730
19396
25387
25487
24125
19086
23835
17813
22552
28743
30467
21861
23614
33893
16911
18745
21820
25988
21400
28473
22783
16030
32530
20148
19917
27451
31239
16110
22522
21430
21811
26309
24586
19607
27622
22241
18685
25939
16982
23293
29084
28734
31910
19256
24616
17743
24997
23965
26099
27802
25938
27862
23233
18134
27111
18445
23825
28683
22642
15298
22683
26700
26289
16862
24386
30246
29115
25438
27812
20368
19957
25778
27622
30216
27391
14457
20288
19837
27121
24726
23293
18835
23163
20027
24355
22181
25007
19407
21661
21530
18234
26830
22322
29846
20919
20779
22552
23484
18745
26380
20728
21089
20739
25427
20368
21169
21910
19416
19526
19106
22272
25317
18575
20138
19206
25357
20979
23134
25919
15319
19346
21090
20779
23725
18555
20018
22743
20849
22011
26730
22452
18324
19867
19566
36057
20418
29244
20117
21250
22181
16711
22923
22071
21851
23053
27291
21099
22252
21991
26689
34835
20629
24546
23825
32261
20127
31549
20287
29094
19456
22783
19546
16471
37630
19106
24185
23253
21511
22181
22782
22482
19917
19947
20428
44974
22222
20999
21951
22061
27200
15910
29324
20188
22001
24486
22652
20989
29535
20889
25067
16671
27491
22903
24837
23434
29876
21490
21319
23134
21360
26139
19536
22352
19587
23964
21049
18264
25648
19376
19226
25969
28554
21180
23574
25197
20529
20779
21109
21320
20649
25257
27231
21390
27922
21710
24907
21179
24496
44954
25658
28343
27481
25989
19717
23665
27040
26550
20338
21480
22172
25798
25497
20278
21400
24395
25157
36598
25638
23324
34294
24065
26049
23293
21220
19727
21521
28814
20919
25969
31609
40135
22582
24636
20328
27631
22241
24977
12674
23063
20368
26259
26249
24165
21981
22412
28263
24045
23474
19105
22141
25087
25448
18945
23624
22031
20869
24606
26329
22412
23915
27111
29726
21440
22031
29785
22642
25117
22091
26379
24305
29616
25067
20418
21991
20128
16330
21290
21750
19567
25327
23865
22262
25998
22021
25097
23534
15139
23173
26360
24396
27051
18976
17593
33292
23353
26320
23263
20218
23584
29996
20818
23233
15960
23724
19887
19366
18325
33552
22853
22733
24415
21039
20278
20458
23303
36297
23364
22672
20609
24025
20929
25006
18294
27612
22462
19536
22331
25878
24776
25077
21480
24616
30026
23615
21079
20779
24195
25207
22983
19727
23634
22512
22732
20939
20499
18394
38151
22492
21260
23424
24275
24055
20809
24055
28844
20518
20268
22732
22803
23754
22722
19928
27200
22051
26750
23674
18886
23774
19557
23945
20849
28132
34765
23273
25348
21209
19547
21751
20358
19676
29214
20809
20509
21440
21410
25167
22773
25467
24706
18715
21290
23364
22442
22512
18805
20568
19095
25477
20919
24215
22502
24506
21400
21560
26770
20388
19526
26730
19015
21800
22492
22372
21100
22361
23734
18635
22222
16671
28363
21971
24125
31048
23063
20969
19546
16611
27271
35847
19666
26289
22422
22883
25238
25478
25307
21941
22773
20809
27121
26419
21910
30077
29135
17853
23223
21060
23734
22031
28112
20418
30027
22402
17633
27761
21621
23133
22352
20869
22552
24386
22432
19747
21210
20518
29144
19396
22723
19276
24486
29646
23163
17242
18776
22222
18064
22692
17042
20869
25878
21370
14116
17072
19927
25929
27381
21820
20358
27903
20428
20439
24676
28093
26179
21450
27181
16642
21470
25498
22352
23724
26760
21310
31028
20889
15289
19757
21230
21651
19146
27551
19657
25067
20829
21099
18886
21540
23615
23804
22652
22202
48100
23424
23954
25327
28032
23424
22322
23003
19436
23784
24586
20498
24265
22081
19706
37190
19847
19987
21470
19898
21961
30958
19997
25297
22742
22542
19827
21871
19857
24245
24696
24065
24807
22502
28112
26299
20538
24997
22793
21650
24886
20619
22092
22753
20799
21791
21470
18434
23925
23484
23675
22893
22442
15449
24115
22763
24937
23354
20759
18916
27181
20188
27942
22963
19476
19616
22983
18655
29445
20368
23093
24105
19766
20188
20939
21059
24576
23073
22602
24245
18925
23504
25458
23053
28824
27672
19927
30707
23043
17763
19036
27200
16842
19165
19406
24316
22211
25258
24556
19316
16921
22472
20248
18605
19677
25197
20589
25087
18485
16821
25378
21480
23273
21140
19356
20819
21019
18134
24576
23053
21120
28804
21250
24356
19256
16461
21099
25398
23173
18515
23724
17393
22322
24325
31769
23043
21360
19948
19848
22212
24376
24346
23835
19887
14036
26439
28874
20889
23003
20758
22653
24004
27421
21500
27682
29725
22322
22062
27802
23344
20809
34234
25748
19216
24025
19777
20648
17633
19657
21560
29715
19647
17453
23664
21991
20398
26059
29064
24877
20689
21300
31048
20939
22342
24115
18635
27312
16331
23414
21300
23464
27912
18314
22602
20118
20198
45545
26760
22102
22602
21460
21119
23213
25487
16561
24947
22101
18505
21610
27381
24456
21360
16230
21290
31188
20859
26139
20388
28152
45384
38913
20779
20048
21780
20979
22301
23464
27361
10018
18604
21951
18514
23564
21731
20248
23815
18485
20889
20579
16110
22863
18664
20889
19015
19787
20258
18254
27672
19406
17713
21711
20558
20277
20348
19426
22152
20428
20699
20849
21219
18735
22923
23804
17994
20999
20278
25607
19607
21721
25488
21390
22642
20939
23273
17423
24766
15750
27231
19476
21140
33783
18825
19256
29445
18845
32000
13065
19997
17914
20328
23063
20458
20448
34765
18184
23384
15268
23815
28553
16240
22662
29074
22582
21781
17373
20208
22632
26500
16251
24176
20739
19316
27872
16451
27081
12534
23344
16781
19397
21000
25487
22472
21901
24435
18955
19546
26520
22072
21129
21951
18735
19807
22122
20328
18464
21530
18805
26971
20007
19948
23594
19456
17653
20107
19076
20368
15469
20017
19216
19717
21420
15970
17623
23564
19637
21240
22632
23624
18565
22251
19466
23554
22292
18755
18034
20729
18575
22763
18835
21550
20408
21621
21651
18846
21010
21831
24325
19937
23484
19537
18194
19677
20037
19125
24756
22602
20869
17874
22843
19657
23634
29255
21280
24115
19927
26119
22231
18965
26420
19787
26951
19316
21290
21780
22201
19356
19216
22572
21610
18715
29756
26199
16991
23514
21290
19697
22662
29165
23033
21190
16170
21810
20147
21871
22121
20248
22692
20027
21921
23243
17242
24436
20559
19176
29004
22121
23454
21690
23534
19827
20599
19056
22402
22973
25238
20469
19987
21901
25107
21219
19537
24986
19887
18996
22302
20478
21700
25277
19666
19596
26520
22282
16811
24435
19266
22923
24516
32270
27772
25919
20418
27171
20859
24105
11913
20027
22031
26300
22391
24957
26079
21901
24836
27902
42118
22532
25328
21901
20618
28724
18194
22572
24866
23234
28303
25648
26860
19537
21861
22051
20398
25668
20148
31750
20999
24456
20248
21149
20529
22863
26810
19677
25828
20889
22202
29455
18805
22111
20418
19516
20909
20017
24446
23174
40426
23503
19476
21811
23394
19636
20549
21390
25227
27001
23705
15108
20118
27651
21991
30117
22913
23063
20708
20659
23224
22863
22002
19807
20167
19607
22763
16060
19106
27912
20028
22963
23734
24796
24396
32621
36218
21520
21721
21971
23804
20258
22432
22011
21450
26780
26219
26119
26629
19556
21060
19487
19777
18895
24456
28724
23905
21811
20478
22142
21580
24676
27391
25207
16791
24516
24316
20568
29195
18955
19076
21049
23995
24425
27852
35877
21140
22642
22111
18655
22563
19236
18645
22962
21260
19577
19727
31620
24326
26149
23894
23614
22472
22442
21861
25407
20418
23213
26960
26139
23665
21300
22262
23194
21580
19597
37870
21731
24506
26650
24346
21129
28804
24986
23404
21981
22141
21430
23905
24546
21350
22542
21420
25287
27832
21520
27522
19607
22261
31259
24015
20799
25889
21661
23915
18826
21089
18014
25718
20859
25056
21450
24917
25638
22412
25608
28033
16310
21020
22863
22472
20238
17303
23474
27882
24727
21190
19387
20879
25759
22913
20298
22382
25027
45445
20268
24606
23224
24466
25287
20849
21580
21971
20808
26138
21059
20609
25898
19116
18535
26259
18845
22202
22241
27471
17623
23043
16821
20849
27231
19546
25307
23675
23304
38963
22663
19686
23624
23053
25918
19938
19546
22141
23053
26269
23754
22011
28964
23023
25597
22582
23834
26439
23073
22092
23183
20969
21079
24646
20448
45886
20629
35516
26229
23514
24145
22482
28764
22742
23534
26740
22953
20678
26800
23253
20619
28854
21460
25678
22983
23985
16761
19637
30567
18354
22162
24195
29825
20899
20709
27391
20969
20498
20048
22482
23083
21741
23534
26680
21380
22773
29365
18876
26860
22222
18935
23604
24095
23634
26099
23664
28012
31048
20368
19998
22492
25338
23924
23754
21390
26870
27021
29525
22662
17823
21721
22482
24626
25528
20198
26399
27461
22221
23404
19046
22152
22112
25227
25658
20929
26069
25457
20708
19847
27992
20829
20638
24436
25818
22752
26770
27261
20929
21891
22973
20688
27752
36308
23935
22973
25307
20068
25107
17753
22642
27151
20569
23524
22432
21460
21150
20579
28654
23554
26710
22342
22502
17803
21591
20990
24506
23895
23384
19246
20598
26690
23304
23193
21040
25698
26590
20238
25948
26550
30698
22562
25127
27071
20679
20258
25067
18154
24145
18564
18465
24716
27752
21149
20639
20789
19757
30747
21421
23254
19316
23654
21751
20799
26039
24366
22692
21320
23354
21861
26370
21200
21520
21801
23995
24375
20408
29035
22633
28584
24555
21520
25708
22983
26339
27011
29885
19757
23544
24506
23073
29244
21441
25457
20057
29044
20739
26830
23604
24636
22251
23544
35206
24205
21550
25267
21600
19005
26470
25888
23835
22533
21661
25157
23214
20268
21019
29234
26118
26449
23684
29475
26660
22522
18966
21691
22943
23865
22993
24426
26740
27211
26630
20128
23404
18024
30147
20989
21540
28373
19938
27141
25638
27321
24917
19877
21370
18745
20469
20679
24386
18755
24396
23344
27091
22602
20799
21220
23284
22542
19387
24525
23464
23324
26419
20759
22111
25808
20999
23915
26058
24806
26159
19878
19938
25438
33463
22482
21811
24175
23334
25868
19927
25808
22101
21941
26610
25187
20247
20629
25257
21871
24296
31398
25247
20197
21841
19696
19867
27031
21700
24445
18404
20498
16721
31129
27852
19566
21760
19777
31659
20668
20398
22633
19757
25026
30287
28283
26329
23504
25538
11171
22031
20578
15750
23304
24215
12674
17142
20628
11772
21180
23704
25748
28213
25688
26269
22993
27802
22863
21911
27422
40085
25338
19687
19316
26660
21690
22001
23223
20778
20618
30457
23814
20779
25698
21189
25477
24666
25758
30247
24496
20508
20118
28573
26410
24265
20158
21170
19186
22883
25177
18945
21119
19546
23333
22502
24937
21110
24125
25467
26470
21781
25778
26489
25127
23705
21670
38642
23313
24967
23394
22692
23594
40115
26900
19266
22392
26981
21390
24385
30718
26700
26309
21010
25167
20699
23233
21881
23995
28734
24245
35837
33232
18915
20057
25758
20729
24276
23033
19276
23874
30938
20799
16852
23083
18174
24015
20308
26450
19587
22692
27311
20529
22542
19777
25177
20348
43491
21330
27692
24025
22081
18985
20879
18634
23995
21760
24165
24706
22923
26940
21250
24065
23163
21270
17603
28273
22633
46878
28644
21591
21601
21550
41467
22161
24456
27742
19938
23243
21911
24015
23023
21791
27552
28864
22472
18975
26009
21370
28172
21079
25898
19497
29886
23153
21871
21219
22312
23183
21571
26099
20208
25648
23143
24215
27712
22242
24906
20187
22592
23755
22622
23975
22602
22733
20348
19958
22702
29094
22241
23695
39154
27612
21771
21811
20920
17723
27351
21309
22172
23915
27101
17082
20148
20438
19767
22713
20077
20969
24205
18504
22462
23945
23343
20208
16070
22883
23564
27452
21560
19196
28453
20047
25798
25227
19587
21030
26539
22712
16942
21410
25117
22081
30818
19206
23254
20509
20689
23403
21330
20779
20699
30166
19036
34705
34174
18785
22311
18674
22182
27321
21300
13054
22923
13465
19496
27181
22402
26330
21890
19426
27882
26560
24686
21270
26510
24927
24195
22773
22462
22573
27401
23914
19096
21189
15850
20038
25919
19246
21530
21300
29044
17783
21430
19917
20208
25397
20247
21620
20949
19015
20598
23895
19377
22743
31429
21630
29245
16601
27011
16521
22903
23043
28793
24235
30387
24667
22362
22081
20197
19166
16330
22642
24095
25578
18474
39264
25287
21620
23665
27120
19747
20148
21320
24646
20298
20177
22663
25517
16701
22502
26350
21220
24055
17794
27121
21860
25257
23634
22392
24646
22883
21510
13154
22692
18534
25999
24025
22562
24847
28103
25738
21861
22412
13135
23504
23143
27671
42830
22342
24486
20277
21580
20709
21260
16561
22031
29455
21110
22452
23113
21891
20358
35937
29174
23304
18675
17543
21421
21220
22693
21099
20067
21109
21240
19546
17382
22993
32080
22332
22853
21650
17192
26620
21060
18395
25628
22523
16992
20248
20668
25398
21410
28163
24666
36708
22382
26640
17432
23373
20398
21289
19947
26559
24166
26179
29435
21170
39884
23774
20168
24856
23704
28313
24907
30167
23874
28533
18364
20218
21540
21230
20739
20960
24796
22943
24556
29666
28824
40796
20578
22532
24436
19727
19176
25597
20038
21069
18765
25287
22703
19557
20919
25949
22823
23785
29205
26450
24145
20178
24676
21840
23574
20358
19095
21400
11832
25047
26469
30336
25097
20178
20969
20498
19967
22993
16531
21010
28523
20559
26309
16471
31859
22192
28293
20929
19947
20298
26129
28373
21861
25227
25428
38863
20007
29395
24146
27051
26720
24135
22322
27120
21630
25789
25468
21169
26319
20238
25648
23514
22222
22472
23544
24837
24756
36057
22302
26409
23053
24345
20027
26239
21470
22743
24155
19857
28724
20318
24356
26951
28043
21941
20980
22021
19837
23805
23574
25778
20649
23183
29505
23214
25007
24646
20969
23845
29696
24856
23975
16481
19767
20728
24445
24386
20458
19576
30788
25457
19747
20117
17002
27502
27622
24436
20599
16591
27702
17252
24756
22352
22021
18665
24205
16621
21861
23283
26229
23274
22892
20619
19216
23413
25027
25277
23494
27883
20528
22903
28373
29325
19266
26159
25628
22582
20779
22391
25257
22462
21320
22311
20639
22532
40957
26901
20969
41126
21190
24446
24837
22212
20448
24526
26580
31729
27040
23124
25026
24405
27812
21360
22281
21601
20508
26159
25587
25608
18434
23845
19616
21130
24666
20568
22683
22552
21260
22863
31098
21951
22161
23343
15529
22171
28083
26539
21660
25297
20999
20648
18855
23775
38612
24706
24616
25718
19126
23033
17172
17933
21480
18985
20869
12063
19266
25417
18073
19667
22692
20048
15879
26540
28854
26079
18885
23835
23524
24736
18695
39043
21460
20659
24015
18906
17603
23514
24836
18385
25788
19326
22191
23043
24005
23764
26079
19286
23503
18815
19326
23234
21380
21170
29906
20569
19146
24496
23955
20458
26881
22462
15889
26319
25317
19637
25047
19466
19807
21810
24365
33823
23614
18725
26029
22613
25447
23233
25858
23354
22011
21300
22963
24095
24195
25718
14347
24155
24876
22622
20267
27521
22712
21921
21200
20589
21380
25107
26760
26129
23444
22673
20298
29385
26740
25508
22082
27301
22712
21540
26449
12824
23584
23604
17372
15940
19296
27140
17172
19897
21900
22702
30948
20769
26038
24535
26439
20438
31259
23604
21420
23284
23544
22562
22041
22843
27932
20097
18364
20889
24496
23444
24426
26188
20358
25328
26820
20869
25047
33903
21210
25297
25046
14888
26099
18435
20689
24856
22652
16320
21009
18625
13956
23043
16962
19607
25047
16320
17022
21551
18014
21821
20137
20729
25578
22101
21941
26099
21971
28704
15729
20308
22642
19506
19186
21971
14617
20017
23123
19606
17362
23423
19005
22442
20358
23204
19647
22522
21791
19075
21701
24887
18625
23785
23183
21811
22863
21591
24366
21079
21630
23263
23844
25397
23905
27121
27432
20158
15780
21070
18975
22432
19236
24716
21339
23574
26149
21710
19978
28653
19226
18765
23334
23274
23804
19116
21450
19747
19316
22632
17643
24326
21550
25177
21190
19216
21741
21911
20378
25728
18895
22452
20809
20408
22863
21440
19396
22342
21550
22312
20699
15679
19687
14257
23163
20287
11932
22943
12674
24806
14908
13014
24276
14197
21781
16862
35075
21340
18113
22482
14537
17262
27231
18024
13876
23343
11361
39073
18535
12834
16470
15359
16230
20989
15940
20959
26850
23744
24586
25788
24997
26049
31559
19266
29805
21029
21510
21139
26669
20148
23334
23665
17824
21400
27030
17964
21380
22612
18414
24435
25437
23253
22051
19867
21400
21981
22552
17232
19176
20979
30106
15519
22071
25067
22041
22572
22462
22893
19286
26811
21039
15709
19156
16992
16501
17322
16481
14617
23574
14347
18885
26830
32801
20268
29245
22692
39654
26399
18865
31920
22522
30858
17833
23544
29856
23844
20197
22662
18795
26740
22111
20107
26269
18404
23323
23273
23193
24165
17533
21029
20879
40005
23494
23063
21971
23344
16541
24495
20518
21730
24696
39123
26649
16551
23153
19567
22863
24365
21080
23694
26079
21800
19947
26640
25167
23704
29455
21490
32430
21560
24476
24035
23775
24886
26018
28954
24115
20308
23064
22933
24266
17643
23985
19196
19937
20328
21410
20538
21009
20047
20318
22873
25889
16871
28824
18234
27061
21159
23174
23624
22893
18053
25829
16420
16912
20178
23734
22762
35656
16360
18946
15519
22422
25378
23854
20158
26159
18515
18855
16010
21691
23414
19226
23193
20759
19095
22833
35086
24927
22612
21300
28523
16971
23304
17412
22351
28564
19777
16020
20588
38111
25016
20388
26129
25257
24867
17763
23493
28643
24816
25858
11982
18504
30517
16911
19767
18996
17724
19757
21991
27652
22832
20137
20909
21190
13165
21310
30607
20258
27441
24085
18324
24235
23904
33122
23774
21039
22282
20899
27551
20248
25087
20689
23224
22172
20178
21941
22082
27171
22092
11471
17753
20449
23494
21430
19256
25729
25457
18615
24646
19386
22322
22221
22953
21219
19306
20258
23544
21230
28724
22632
22032
21500
22983
23484
23945
20488
18755
25347
20238
25918
30838
24917
19597
20599
19145
39193
18965
26139
15759
21701
25016
19287
22522
27131
15829
28293
21329
24345
25477
26239
20048
22051
20228
21400
28453
38432
28703
23674
23905
23664
20348
33763
23494
26620
25177
22953
20038
22411
17352
23544
20658
19557
22191
22031
23383
29926
20548
18725
25598
26229
22973
28874
21961
20799
19466
20509
23224
19827
31018
21490
24667
25918
20097
23384
23103
23344
20980
25448
15909
23173
20378
24095
23624
20738
19957
24195
14437
20448
21471
21891
22512
19546
20669
24666
22953
22883
21740
26139
16090
16321
21630
26059
19016
21851
35126
22973
19807
20408
18675
25167
20598
23113
27110
25197
17162
21029
17242
22813
18004
17142
22603
22462
23013
23544
23824
20459
26500
19326
27862
18675
21149
20488
21069
20599
21651
18535
20328
19046
22301
22262
23173
15439
22362
18725
52859
30898
20458
18234
20539
18214
21029
29295
28293
16671
28022
19747
20498
17884
17984
24095
18194
31539
17844
28683
23684
22512
17413
24005
24676
26058
29115
21520
23163
22843
22292
16280
25678
21320
24707
20939
23574
23905
20629
22362
18875
22092
29115
22612
20869
19597
24736
24726
24205
18845
23214
24025
22001
24105
19427
21119
23013
24025
20568
24065
21289
19927
17523
21861
37730
25127
17553
28794
20969
21460
20488
16290
18765
21660
19777
20288
27732
26860
20829
21470
23384
19736
22131
26229
20849
27722
20188
28443
19687
19857
23013
23183
32060
22943
26680
22462
28283
22202
31750
22241
24456
22362
23113
25588
19015
19597
20839
21159
22763
22792
27742
27110
20308
30978
20679
22011
26460
25818
21229
16672
20969
23504
19626
23403
26169
31850
18254
20769
23023
26950
22753
31989
24406
31458
19937
22583
18074
16020
26530
15399
22692
32421
31429
25458
19066
29475
21861
28864
20117
20719
15559
20759
34324
22813
26369
36809
35036
34344
23124
27642
26961
18254
15278
16381
22111
16782
20107
15479
24005
25718
20097
22973
25408
25357
23323
24807
18124
19407
35396
20789
23414
17202
33803
16481
22543
24957
20698
20859
23003
22322
23865
23373
29476
28042
22863
22693
24165
23634
32651
24335
23504
21440
25037
25227
22101
21952
26459
24355
15439
19707
19947
18023
25768
25247
20969
23214
33683
24586
21981
21891
24696
19857
21911
20618
23504
15358
23875
23554
30136
22231
21119
30687
48200
20047
22953
22863
21521
21450
15259
23794
23143
11892
14457
23684
17492
22522
20388
24787
13245
21871
23905
13886
17773
31178
16110
16962
24696
21541
20218
12494
13976
21150
26470
22692
18024
26680
23784
20548
21130
30407
23935
17553
14707
23213
25137
26379
14988
38963
20348
15399
30858
18134
25508
28574
21220
25397
22973
26460
25968
22702
19967
18565
20128
29054
32070
40015
21090
26118
23484
21440
16250
37380
21080
25598
24306
22242
24426
26099
23674
24546
23665
21109
23484
36228
19326
25528
20148
32460
20839
24696
20528
27281
23253
20408
26169
36739
24987
24396
20388
23143
26730
33092
21049
22903
32661
31809
22502
26068
20187
20188
29806
21921
20067
25217
21120
23394
29455
28173
26099
19477
22763
23183
22391
19617
27091
25828
20258
23695
36939
25357
24435
31489
24977
23204
20108
23033
22492
21310
24396
27511
21670
28814
29084
22542
27661
35146
18043
27030
24866
24105
26520
26449
22612
26941
21240
17262
25628
25277
27582
26280
22462
16320
30286
18054
23123
31649
24095
26169
22081
25347
23474
21811
19888
31308
18004
22642
21029
20168
27211
25939
18565
22622
20288
20979
17182
27772
13495
26590
25418
19046
21290
21961
37289
16100
25778
22743
16240
22282
31148
25888
23684
24024
19226
20238
17593
31178
20528
21070
23283
29505
13926
27802
29025
22963
27401
23514
16250
26450
28373
23293
25478
22833
25889
24055
27170
31669
24115
22743
24175
25939
22492
15489
17883
23063
30847
42058
23644
25938
25507
15629
33884
23614
14146
24316
25147
21951
26350
19787
18395
24916
23754
19907
25848
23253
22252
20448
30366
21651
29125
23935
20648
17092
20018
22011
27482
23374
20148
19296
19256
29315
22802
20418
23804
23023
23153
25678
20017
27792
22382
21210
23955
29896
20038
23114
21931
22211
21179
25447
24405
29275
21210
21740
20178
20218
23053
23975
21269
26509
23293
20619
22421
22191
19366
21370
20879
19166
22672
16761
24145
21480
20298
21711
20889
21511
20869
25978
22652
19336
23704
19576
23054
22361
20999
19807
24385
23123
20518
29064
19096
21880
24767
26599
26429
20388
20168
32411
25117
23313
22001
16611
22782
28964
21821
20989
21460
21500
20037
21651
22853
21490
23173
23374
20478
20278
22943
21510
22492
16891
25327
27572
25989
20088
19276
25898
21971
24206
19717
23143
21430
20969
25177
22492
17222
19526
27862
25047
22351
20589
21620
23704
26179
26319
20258
22722
21941
21119
22392
25077
21170
23524
26520
23354
20368
25598
27321
18314
24044
28102
17803
19867
22492
30397
23253
18625
27982
23053
20939
25748
19977
25417
25618
21049
25969
21520
21200
23815
21280
17152
27652
21300
19897
23694
19726
20808
18004
23234
21009
19596
28142
26389
20639
24756
24927
23494
23353
27802
23704
27321
24656
15239
37740
25758
23634
21230
22802
23885
19286
17252
20118
17403
21259
22141
23625
19566
23043
20438
20729
27672
19928
23314
18164
22573
25688
21941
24135
24385
22913
22372
26269
19216
25407
27161
18685
26580
23975
25348
25958
19527
21160
22642
25778
26950
24816
21590
23645
21570
24316
18936
21039
19717
30136
27832
20679
19927
19386
29315
20298
21601
22462
32050
24837
22392
22061
23854
25648
25467
19036
41688
21009
20829
25698
19507
19757
23694
28694
19506
19236
14136
20508
13325
21881
15228
20108
15429
20478
12683
19486
15059
19106
14938
19697
17001
19156
17473
33453
14747
22462
19046
15259
26740
13375
23443
22953
22221
20498
18775
21620
20919
24415
28743
23844
25517
16571
20779
22091
20559
40325
27441
21620
21310
22843
20198
19767
25968
29815
25247
20919
21500
20849
22723
28674
105076
20208
26580
24926
23504
24015
19166
24736
24436
22502
21420
20458
23534
22071
22593
20098
22633
18966
26359
23534
20238
22492
23584
20518
23614
26619
20008
31368
19777
18916
20778
31769
26169
18936
22993
21952
25568
25788
21941
19226
24185
23995
21881
21410
19076
22553
22713
21840
25097
39895
19096
23694
18885
20949
25187
18625
27191
19437
15128
12814
21871
20619
25929
29785
18535
22262
24386
17082
21470
23554
14937
14718
21290
25527
20729
23314
21931
19637
31919
19817
25447
27241
23303
19085
21771
24656
17453
20448
23254
27100
23503
22572
21009
23083
18034
21901
20979
19186
23564
24296
25298
21801
25337
22352
21270
22261
20338
25077
29255
20769
19376
26850
27171
29776
20989
20208
26940
20208
22402
21781
24005
20789
24717
24075
24997
19927
20629
24435
21891
17753
22091
22191
26990
24206
20929
25087
24656
22562
21591
23654
22853
21229
17332
18665
24966
20909
22172
24776
19566
24506
24717
23895
28433
24526
25407
21310
27632
17002
22382
21059
13105
36008
22081
26450
17032
22843
23804
23494
25137
18004
16611
20849
22813
16531
18504
20970
15569
24826
20238
20859
20128
21901
24666
22352
21099
27281
21119
19797
16641
22382
21039
19336
26841
22422
20568
21030
23764
18645
24365
18785
23433
29595
20659
22141
29375
19617
28674
18114
21270
28614
27421
23384
13215
22782
25918
42409
25016
19747
20629
18846
21560
20379
22231
25408
24015
29666
27381
19697
24686
25598
23504
23674
21420
21971
25818
20478
28223
28473
26820
28614
27551
19196
20278
37841
22632
21771
26069
20128
22923
17062
20368
22702
21730
22352
18986
24757
24676
29014
30167
26429
27251
29685
24816
14196
22201
23885
24726
21620
32331
24305
26349
22582
21991
32260
20829
25448
33703
27792
22572
27852
22372
22091
20859
26870
18995
20288
22592
21660
26760
20528
30066
20939
26609
20578
21440
32551
26510
24034
20518
31759
28894
24987
24515
25858
20989
24967
25297
29776
21941
25839
27411
24216
29475
30747
27491
19556
19957
24516
20559
24566
19306
25318
31630
24375
26320
25537
12182
23013
18204
18835
24216
21350
18204
21600
17994
19556
21089
15619
26439
20278
21851
21159
22913
16892
48852
23644
22091
19056
15840
22462
32200
24295
26610
20729
26129
32420
17683
20879
25357
21850
21009
30016
22241
23554
19075
24887
27121
22181
25818
24014
19757
18304
22342
23013
23414
25217
23103
24566
23334
23784
18735
21230
28724
21070
18775
24676
20237
16000
24486
19377
27752
29485
20950
16280
19136
27231
21550
21280
29946
20899
26159
31569
23654
21330
25568
18615
24215
20248
19967
24926
23414
20478
20899
22172
24166
16561
23954
21591
19797
35887
18755
21661
27872
19516
18554
22312
20478
22081
28634
17763
21711
21741
20027
17573
19316
24496
19927
21911
21951
23354
21931
18624
20007
19527
21400
19677
18444
27021
19657
23824
23123
15900
23734
21641
24676
22852
18925
19016
41237
20138
18675
24636
19296
20118
22162
23313
16120
22402
18765
24777
22042
16170
24917
22543
19506
21380
20017
22251
23534
21059
23193
20439
25347
22612
18946
19226
18525
20849
19256
22422
18885
25868
15409
19226
22582
19346
23344
21850
20748
23414
22562
19547
19887
24636
19577
18805
28864
16601
24646
20147
22362
20598
16130
18896
20488
21790
19326
15379
25367
19256
20338
22171
19206
20197
19787
24696
20268
21590
21590
20689
22783
19296
16090
29536
18294
19466
24926
17793
15970
22231
24776
30627
24095
24365
18324
21590
23694
19556
22492
23164
18614
21640
39905
20608
18204
23774
22993
21550
22663
18645
21661
19757
19086
20969
19456
18856
19045
20138
25327
21470
20919
24376
26911
23915
26529
20107
19927
24085
22752
28453
23103
25628
22792
21851
21921
22903
22482
23343
19566
22411
19336
24476
20288
26530
19997
22822
22763
23654
24837
23184
19006
21170
21420
19416
20598
23554
19797
22843
24386
39083
20389
24395
22292
20208
17213
19226
24025
21200
18674
23704
19667
20328
21400
19827
22953
22131
23594
24015
23513
21420
24316
23514
23895
27060
23835
24005
22021
18725
21250
21681
19757
22221
24316
19536
25317
24355
23334
29374
25137
18234
23804
24226
22082
19677
22883
21750
22361
19636
26590
19236
21831
19376
31389
22291
26119
20518
19337
19086
25007
19557
26420
25127
19316
20628
22893
15859
19366
19917
28734
21320
23303
22673
25558
19617
24165
19426
34855
24465
23304
21330
19747
17152
22041
27782
20449
18875
25628
24265
22732
20559
34675
20779
21751
20909
27962
19386
22352
23273
24015
24927
19677
21670
23114
19667
20258
18915
22833
23544
18745
21360
16581
27822
22532
23154
20809
45144
21410
25758
26189
37790
19216
21410
20999
19416
17723
20358
24025
19426
21210
25348
23724
21350
21290
22663
18705
21420
21350
23183
33933
22743
23995
24616
37781
21259
21721
24415
22352
21269
27201
27481
20809
22732
23715
20798
26028
24606
21701
23834
19687
19056
13836
24115
15008
21280
14687
21981
14887
28503
17252
22883
12934
21280
16321
24486
12043
22523
13355
23353
17723
20277
11983
25167
13225
37971
12693
20809
9798
21420
12012
27572
12172
17974
15790
22863
11291
22732
10610
22512
13866
23534
13205
26800
12914
21530
13786
21840
13805
22893
13255
17583
12343
24746
17603
19006
19616
19286
13184
22482
16641
19376
15549
22342
14387
19376
20117
24636
14126
21881
10510
22151
13275
20618
12073
20909
14878
19457
15239
22041
21079
19667
17834
12232
21440
18685
26500
13075
20268
16380
22842
12673
19025
16922
20869
12373
24336
15790
35006
19977
14898
23594
14868
21991
21060
13655
24696
15759
21300
12423
19616
16201
26620
12694
25417
12654
22311
16351
21430
15940
20869
11531
21851
15619
19326
15669
22252
12533
18775
13395
25859
14607
15439
17373
17864
15979
18455
13455
25227
27601
21921
42149
20629
19376
20257
16812
22943
21480
24195
26659
24115
19646
23674
22843
19116
22512
24606
24766
21590
28985
25418
25277
25117
24245
23354
25307
21590
15078
21250
22482
28793
24135
23013
30406
20749
23203
19336
17954
21310
24206
18104
22873
26459
28443
17422
20438
44604
17383
23403
15188
21100
17322
21149
17643
15379
17613
22853
24576
21690
19967
21019
16080
21880
19978
19326
27953
17192
26159
17713
24536
23113
21941
22392
32281
22212
23113
23043
19727
26730
25478
24165
21640
22723
23093
24816
21430
20839
18695
20548
25207
21179
23854
23564
27070
22852
24726
23544
29976
22152
36939
21369
18505
27551
23303
23013
23383
25057
42800
25718
28453
19957
20959
22903
20218
27241
21861
34495
22853
25547
38742
22362
24135
20789
23073
24496
47459
22652
22432
20038
21200
20619
21911
28423
28193
24586
25007
25087
20639
22692
20518
22923
17432
21370
26219
20078
17282
21601
20278
20669
18976
25297
19587
32020
20789
26831
26860
24115
22011
22542
29716
23203
25297
16551
29646
15830
26860
27491
16441
24536
20728
20588
21440
17472
23604
12634
22562
21490
23124
28724
24927
21881
18845
22181
12984
18404
24786
31779
27651
31349
26159
26931
23925
21440
23474
23464
23444
18565
32121
22592
19236
24095
16812
20518
28493
21160
24987
23754
26820
18384
24926
16290
27842
21651
17232
31448
18365
43281
17813
29445
30317
29886
21219
30547
19847
30897
20358
30988
18344
18024
22462
21621
14357
18244
29866
17964
20679
24175
21911
23293
28043
28754
14196
26449
22222
11772
23434
19626
24235
14527
25318
20869
13365
23013
18224
18395
27462
30086
14046
20048
35086
14667
22482
22933
22812
21761
15269
24345
17563
21039
15258
24365
31559
20117
22231
28082
22302
17753
17252
21430
14137
20538
19918
25147
22362
21681
22633
22602
20227
20769
21921
23193
37730
25408
18805
19427
21530
16741
20348
23163
22372
21159
25067
14848
19597
23284
20348
18374
34474
18875
38362
22733
18274
16040
29726
21610
25327
20098
23344
19426
29034
16922
19978
23584
27171
20208
20929
18544
24015
18635
18264
11541
24055
23584
21560
23865
22342
24666
17402
45245
21641
26750
25076
21300
14286
17653
24776
13054
25778
15679
21119
25898
23985
26900
19697
19817
15178
19176
18425
34134
23354
28974
18745
19186
17192
31048
14507
32100
18234
20959
21120
31860
19186
29816
25488
21059
21871
23734
13135
39123
14697
14397
15499
28413
11742
26099
23764
25417
10390
22171
24556
17533
22833
16091
20438
21130
19456
13605
21049
10590
11010
20488
15069
19216
19336
20258
31118
17293
29796
16992
20959
13916
22251
16401
20749
18415
25818
15819
17452
20198
22552
13215
24125
16291
33312
19967
22782
11452
26700
13345
29856
11592
20478
21220
11591
21811
29274
22622
18014
25518
30056
19346
40205
24957
19607
19386
30507
15909
21019
19998
20569
26810
17453
21500
21420
17342
23664
23033
24055
21481
23675
20038
21601
19256
20418
21791
20298
23784
17082
21951
20408
22862
17162
20208
22262
27421
15369
26900
19015
12563
22602
21259
20308
15118
24977
17583
18905
19787
30607
15308
20348
19587
12283
21761
19897
21600
24195
21981
12604
20258
18855
22622
18776
28844
23364
21600
19446
13936
17412
22633
23063
26580
20899
14628
17884
19126
12713
19727
16040
27220
19627
30336
25287
21039
18785
25146
23213
23354
24976
17793
25297
21630
21610
23464
20849
28974
24345
23835
22312
22462
20067
22792
29345
19336
16391
33342
18995
20559
23133
21270
18014
23924
20970
23033
19085
20248
25417
20919
24847
18595
24576
19096
16210
19376
31048
17042
26349
34254
19587
11772
20889
23174
16160
19236
34464
20108
19998
24526
20779
44173
27922
23664
14758
54271
21320
24515
26810
25337
15269
31930
21841
20478
21811
20007
16260
20749
22872
17503
16992
19457
20789
18775
17994
21751
20218
20970
18996
16651
14938
23334
17052
16832
23815
17693
24326
20168
18394
18925
25678
19347
22182
22723
21641
20538
24326
24817
20980
25267
23194
19056
17613
22883
18625
17663
22462
20678
16070
21269
23444
28303
17954
21400
17563
24105
18354
17823
17804
31168
20108
20158
22732
22402
17082
19326
20980
28143
21400
19827
27842
21591
16642
20148
27081
23674
22692
19136
12313
21760
19947
23705
20158
19897
22572
20428
22252
13866
19967
13716
24065
25317
24827
21671
21340
20829
24656
20999
28984
19607
17794
16531
22923
18665
18625
25888
18544
23804
28013
49212
23394
21761
26419
25498
29646
20628
22953
23725
22793
22562
12543
26740
13666
18554
19927
19176
14076
28123
14958
19246
14798
21851
14227
22702
14186
18635
16170
19827
15078
24155
21159
12974
36639
10840
23724
15018
18955
11231
18955
17182
22522
15289
23023
25168
19206
22792
11882
20649
23554
28744
19717
28283
24004
25848
19086
18244
28884
28984
24356
22973
22963
18123
27331
47729
17913
21300
25638
25388
15590
23184
16481
21810
25718
24887
27712
23965
24296
18364
28874
20829
26740
23634
19767
23093
15970
20849
23414
26259
28844
21260
29205
25688
23644
26961
21871
15700
23053
28093
22622
20939
33954
20338
29224
22221
21891
17182
26099
37130
21099
23845
24606
16230
20648
20989
29785
16581
23133
21430
30357
21360
24085
19707
21580
18936
29596
19566
24316
23143
42409
25498
21700
19797
23274
20358
31739
21220
24506
25878
25348
22392
23734
27000
17983
15900
35706
25117
20108
24275
26109
30437
27231
22261
21591
22762
21720
20969
25498
23143
22101
25548
21240
19817
25417
22342
19737
21441
27832
20979
20879
25848
26940
19697
23944
21841
19487
26770
22362
23083
20378
33302
20999
17373
42920
19136
42199
22573
31949
21991
28163
21831
20017
22763
17212
23123
24225
18154
20759
33623
21971
28854
23895
22792
19827
21981
23995
16261
16902
19316
21110
21130
21290
26148
18605
14988
22933
25267
24656
24847
16671
27671
17923
24866
34584
15900
28824
37901
27682
17984
20919
21830
32761
17132
19587
24936
30687
19908
24876
24717
24727
23223
20178
25197
24837
23864
17803
22102
22031
17001
21721
21581
21370
22262
23053
21009
16781
20648
23323
18916
21220
17392
24907
27221
19757
24937
25618
22332
21871
19977
23714
20178
20108
29165
24826
26059
20528
20839
22883
18935
19196
14126
25748
22001
20769
21019
19216
24966
29335
19747
27011
28433
21921
20468
38071
19516
19947
23103
23113
27802
20809
23203
22041
21570
22342
21611
16681
19165
24857
20168
23555
25377
21360
19917
19907
24957
19055
21861
26950
23033
21991
26329
19045
19636
23494
26800
23915
24335
23073
30076
23975
20078
26640
27281
20538
19737
21470
22893
25388
20499
32381
24305
20528
26179
28544
27472
31609
23574
24205
21600
22953
24826
20248
25037
20168
24977
19006
22362
19687
28523
19667
25978
31279
19797
29014
23013
19527
21300
29735
20469
43422
22883
54562
23303
21610
22893
17512
20999
19586
24927
24145
23585
22342
25538
23875
20528
23104
24515
26951
24977
23885
19196
22261
26039
21550
23253
25648
29374
28273
25458
21550
23845
22993
19707
24797
20268
24556
17513
20879
24686
20167
20238
22713
29665
23444
23263
28122
24155
26580
20909
26069
26640
27892
29265
28633
38141
21861
26509
23133
28212
23975
21480
21150
24024
23273
30347
20468
24556
21660
28704
18094
19887
23584
21220
31248
26610
23574
21089
22692
23164
32210
20819
20949
16530
23153
29054
21340
28724
21040
21711
20619
27050
23163
20378
28413
21059
24566
23003
24756
17723
20499
22462
23464
25919
23203
22001
18955
19456
30758
21520
25688
20508
29295
17563
24105
24435
25278
19467
26109
25026
24717
19436
22381
25067
23494
23454
26129
23614
22793
20187
20989
27120
25748
25297
21551
20869
20058
19717
22893
19236
23314
23604
21210
24877
17733
23204
23694
29465
30658
21500
28122
29926
26219
22492
19736
22773
23183
18966
19586
23614
22331
25057
26660
20849
22692
18465
22111
23333
23363
19777
22492
21690
23133
23795
19376
21971
25638
26460
20127
30176
19977
27301
22983
25428
22012
19797
28283
20538
21139
29214
20318
36087
24656
21901
25668
22081
25317
20188
24276
25057
25117
24897
20268
21560
23123
19777
27211
26008
23665
20438
26259
21470
22071
29475
28353
25588
24075
26890
26680
21220
24566
24145
24646
18194
24556
14877
23885
19877
25718
22502
19967
21420
34043
25468
18655
21761
20327
25368
39113
26620
20619
20689
30156
20698
21571
23744
26380
23033
25428
16210
19867
25378
19997
18384
24345
18635
21611
23233
25137
38412
22722
22602
23354
20107
20068
21841
22182
18245
20949
16010
23795
21681
21049
35697
21991
23684
21700
22482
22251
21961
24967
20468
15910
19907
27782
28663
21139
21941
21089
41758
22532
29044
26349
23724
28824
19326
24596
21841
17332
21581
29425
21811
43802
24255
17493
26259
20960
22622
22692
23905
23203
23244
31649
21480
19457
20098
19005
18024
19536
22091
19707
22632
22192
26320
18234
20187
15910
21931
28624
20057
23404
19256
21070
22221
22311
18996
26560
22422
22061
24516
19597
19356
21280
20699
16341
19136
26680
23294
21570
23855
19276
17232
24917
27542
19707
23885
28824
20098
20318
20268
23624
20788
20819
22442
22823
23163
22993
32230
21200
23323
21300
31468
19917
28032
25076
27552
21550
18966
21670
30617
24967
27071
20579
22002
26990
20889
24075
25498
15459
19927
19486
34815
30357
21300
19116
19466
22703
26680
29495
23635
23184
17192
20258
15348
19777
24165
23093
22482
21901
22081
23023
19366
20388
19717
26400
20068
19476
23624
19116
20708
27471
27030
20768
20589
25648
20699
19476
19206
17784
24175
23263
17773
19597
21781
21430
27081
26089
20488
27852
27090
25618
14437
22482
19958
27140
21080
18224
23665
18985
23995
24025
14507
21580
17233
22111
23464
14267
22052
18995
43722
22472
21951
22662
25407
21430
19747
20969
18164
22882
20939
19457
20348
21240
24947
19176
19356
18524
39464
18925
18585
20599
19497
21450
23003
21070
22362
19096
21591
21570
22171
21160
15599
20900
26520
18204
19146
18344
22963
19246
18735
20638
21991
18655
19987
20138
20068
20068
22672
23133
31188
21260
19066
15068
18354
13525
21751
34775
24456
16571
22842
20849
27452
24525
16571
18415
16911
19567
20258
12193
25338
25808
24005
19827
25588
25077
24927
25939
21651
21189
24967
37800
23794
33953
23905
20469
23203
20027
23704
22793
22572
22582
20799
27441
20228
25147
19627
25247
22111
19627
25898
23113
19005
22893
22853
39584
23083
24085
23454
20599
26269
31809
13906
28132
24876
28203
16942
19637
22902
25418
27010
19877
20759
18896
24676
22192
23283
20448
30487
27472
25618
23033
26730
18695
20839
28062
22452
24917
18164
22933
23544
23434
22031
19096
17323
23344
25878
21299
25027
20298
20919
21250
24335
25718
20789
22131
38151
20128
21229
22723
22191
21851
32962
19647
19426
20048
19657
23575
22442
29425
22792
22692
40967
16812
25678
26890
19416
20007
22382
20108
26029
25998
19707
25768
26980
21721
20408
25949
22673
23414
28233
23274
20729
24015
22993
24927
23254
23093
20539
22683
19086
24896
20548
24466
19787
25998
21280
27030
27010
24205
25237
23073
24225
27802
24967
21941
23534
20358
21600
20057
20147
24135
22192
17493
20408
20749
30277
28292
20409
29295
23844
22833
20278
22201
27071
23163
25748
22071
26750
20668
28884
23834
19747
20649
26981
20428
22823
20749
23353
24766
42890
26089
22452
20338
23393
19827
20568
19827
24686
20528
22182
24937
27161
20718
23504
21570
26450
43982
23604
26440
20929
22922
26319
23303
24215
22432
19567
20278
28102
20649
26339
26339
35736
27161
20628
24005
23514
26699
20849
20308
27201
27751
22743
21290
20458
20559
23655
23134
26990
30367
30387
27852
20348
36098
25839
28152
25738
23614
20218
29004
26319
27040
25688
24646
24646
20167
16411
24947
19206
21800
25748
21741
19898
21650
18675
29065
41618
24987
19276
21871
25057
27581
21730
31620
23154
26510
20288
34304
26189
24987
25357
27411
20208
24406
26209
23734
27351
23493
20338
23344
23153
46176
36608
22823
26510
21470
17172
22603
21380
23694
25909
29375
19988
19437
21611
20549
28744
23223
30808
26079
21490
24847
20999
27812
19957
18475
36548
26660
25518
18685
22622
25878
27491
23414
20549
20889
21250
26008
27030
18665
22662
31880
19807
24336
25347
24045
20097
29705
20969
32090
21711
23274
28033
16280
19437
28293
23964
17213
34124
21400
23765
24787
13485
19316
25658
27912
23895
19817
25067
22492
19887
21360
24446
21170
26209
17573
21380
22923
27101
22371
14607
18815
21650
19326
29956
28353
18835
23544
18565
24766
25047
19948
19857
25097
25928
21431
22823
25758
15299
18935
21570
28763
20007
35767
23343
30377
19967
20519
22332
13575
35466
29275
22653
28333
21861
19306
28092
23894
21791
25287
28524
23053
22912
26088
42479
21209
20037
16971
19146
26208
20799
29104
22723
13304
23994
18725
26500
16490
15078
15279
24226
11922
13986
14216
12103
20879
22973
27461
23053
17924
19938
20639
22442
20348
23404
17022
20839
23685
29936
18435
20038
18684
48881
22302
51296
14186
19757
22172
25888
27952
23013
22652
52017
20428
22151
21941
51446
31409
18665
18294
18204
25237
19356
21560
20729
55253
18334
19066
21760
14878
21991
49042
25648
19827
40536
20007
24436
28974
20759
54762
19817
45646
27631
46106
22512
16541
22713
23895
22782
25558
19486
19626
19707
28092
23904
30917
20659
46557
25558
48681
24756
54192
26639
20939
18224
18816
46397
22042
23544
20238
28473
21651
20257
28002
36598
22993
21931
52278
31429
22763
21861
24656
21831
26379
46387
19957
19436
22212
21230
23274
23694
19867
23745
19998
20428
28022
20478
49182
23324
21941
48180
43211
27531
20589
19577
18394
22893
24486
20538
23574
20679
20318
25888
23384
20258
46297
