1172
3527
6031
5220
7494
5220
7143
3637
7464
5230
8336
3717
6903
3676
7184
3747
7194
3666
7094
3677
7114
3586
7013
3677
7454
5581
7093
3667
7204
3677
7574
3657
7244
3577
7394
5421
7114
3617
7314
3687
7183
3587
7163
4178
7073
3697
7033
4017
7224
5671
7805
3607
7464
3586
8837
4028
7014
3737
7404
5130
7634
3507
7313
4068
7444
5580
7064
3717
7525
3707
6802
4218
7033
5691
7424
3607
7243
3737
6963
3627
7204
3657
7334
5441
7604
4147
7074
5440
7134
6632
7274
3647
6883
3606
6883
4128
7194
3647
7173
3657
7635
5711
7003
3607
7243
6803
7474
3637
7103
3677
7004
4118
7264
3687
7554
5511
7294
3607
7253
5350
7283
5471
7063
3566
6973
4148
7174
4178
7054
3637
6953
3697
7595
5380
7154
5330
7033
3637
7074
3656
7013
5470
7353
5451
7194
3667
7144
3607
7134
4118
7565
5240
7123
3807
7084
3777
7233
4568
7153
3717
7193
3717
7454
5570
7264
4058
7073
3486
7214
3687
7314
3606
8516
3647
7264
5370
7293
3627
6863
4128
6993
3646
7294
4098
7103
3616
7113
3777
7163
4058
7143
3687
7153
3657
6853
5811
7334
5300
7474
3577
7254
4027
7374
5360
7244
3587
6813
3577
7054
3957
6963
5440
7154
3647
6822
3546
7343
3737
8155
3566
8345
4068
6752
4078
7344
5140
6843
4078
6903
3607
7153
3968
7043
4157
6903
3997
6903
4067
7253
4168
9278
3867
7354
7224
7434
7574
7284
7203
7283
7534
7414
5360
7404
5350
7334
7404
7444
7424
5290
7304
7304
7514
7564
7274
7344
7153
7193
7364
7454
8876
7254
7424
7394
7213
7404
5230
7394
7574
7454
6993
7103
7373
7684
7534
7204
7334
7454
7334
6953
7053
7504
7124
7664
7414
7314
6623
6653
7233
7565
7324
7294
6783
7624
7223
7224
7284
7344
7454
7594
7274
7333
7364
6933
7364
7304
7574
7284
7454
7464
7253
7344
7654
7083
7374
7314
7223
7474
7424
7183
5370
7004
7414
7434
7314
7064
7193
7344
7284
7354
7274
7224
6533
8255
7234
7214
7494
7294
7333
7344
7324
7394
7584
7244
7524
7273
7404
7264
7184
7354
9197
7324
7454
7464
7484
7374
4028
6913
7304
7073
7544
6893
7424
7114
7144
7023
7313
6933
7434
7484
7314
7434
7444
7123
7294
7474
7344
6913
6953
7374
7173
7585
7424
7033
7294
7755
7393
7484
7725
7404
7134
7124
7193
7144
7323
7283
6993
7144
7254
6853
7434
7293
7294
6822
7173
6823
7354
7194
7193
7254
7424
7234
7354
7163
7304
7484
7484
7124
7163
7384
7284
6673
6723
7144
7194
6973
7174
7143
7203
7374
7164
7434
7635
7223
7354
7243
7013
7604
7354
7153
7073
7314
6933
8025
7233
7354
7304
7424
7304
7244
7314
7294
7253
7374
7224
7114
7043
7344
7284
7334
7454
7314
7144
7254
7203
7153
6903
7485
7114
7194
7084
7314
7223
7474
7044
7334
7274
7183
7154
7154
7404
6462
7364
6603
6742
7625
6953
6713
7293
7043
7384
7083
7223
7655
7414
6933
8025
7033
6813
7044
6622
6722
7123
7233
6773
7394
7284
7464
7254
7023
7314
7093
8636
7104
7374
7354
7374
6752
7293
7204
7354
7154
7274
7374
7143
7023
7234
7614
7013
6973
6923
7073
7394
6743
6563
7074
7404
7214
6652
7204
7333
7143
7304
6382
6713
7294
7123
6993
7243
6342
7294
7133
7043
7253
6533
7314
7194
7354
7003
6953
6612
7284
6532
6482
6903
7474
7274
6402
6552
7324
7274
7244
7164
6402
7124
7464
7053
7264
6762
7213
6582
7014
6963
7464
6943
8255
6472
6893
7144
6893
7244
7333
7124
7103
6342
7183
6382
7253
6993
7334
6462
7153
6352
6723
6993
7144
6963
6973
6983
6271
6452
7254
7253
6923
7044
6593
7034
7253
7113
7153
6342
7213
7143
7204
6923
7333
7104
7194
7133
6492
7043
7444
6873
6683
6492
7374
6573
7143
7124
6883
7143
6452
6532
6943
6843
6633
6743
7134
6342
7294
6703
7123
6863
6592
6282
6432
7144
6843
6483
7333
6563
6492
7283
7254
7294
7063
7244
7293
7213
7174
7294
7063
7073
7354
7203
6933
7023
7203
6543
7294
7074
7174
6382
6493
7124
6442
7224
6903
7354
7164
6332
7193
7204
6983
6983
7114
7173
7144
6822
6984
7233
7054
7033
7083
7163
7153
6412
8025
6502
6101
7183
7233
7044
5130
6532
6983
6953
7314
6893
7194
7644
8235
7203
6893
6693
7143
6993
7134
7384
7354
7083
7143
7103
7123
7824
7123
7594
7033
7223
7484
7023
7304
7213
8176
7444
7003
7034
7194
7214
7274
6993
8275
6502
7193
7203
7113
7284
6914
7084
7083
7044
7013
7314
7333
7073
7183
7164
7063
7113
6923
7414
6994
7043
7063
6642
7174
8235
7033
7274
7163
7224
7374
7174
6733
7164
7203
7444
7314
6422
6923
6903
7253
7114
28353
6502
6863
5069
7183
7044
3808
6973
6753
6903
6863
7003
5120
7214
5009
7064
4900
6933
6913
7234
7213
6883
7324
4969
7124
7234
6292
7183
7144
7194
7023
7234
5040
7274
7084
6202
7113
7074
6983
5040
6903
7053
7023
6903
5060
7004
7053
7194
6693
7334
5941
6973
6603
5831
8216
5160
7084
7144
6973
7153
7003
7184
7074
6873
6452
7073
6973
6923
7023
6853
6322
7203
7043
7113
6793
6953
7253
7144
6953
6752
6633
6803
7173
6963
6412
6713
6572
6332
6993
7043
7254
6853
7074
6332
6903
7134
6853
6783
6843
7013
7283
6823
6372
7153
7154
6893
7164
7154
6993
6462
6943
7153
7254
6743
6633
7133
6773
6923
6252
6873
7154
6983
6552
6522
7153
7034
6673
8315
6543
6772
6943
6252
6873
6733
7083
7043
6993
6382
7094
7153
6292
6843
7203
6863
6522
5951
7154
6873
7304
6513
7063
6893
6533
7244
6762
8356
6713
6793
7003
7023
6832
6782
7033
6973
7074
7124
7053
7003
6953
6763
6302
7264
7164
6262
6603
6802
6863
7364
6653
6142
6473
6321
19186
6973
7084
6362
6963
7084
7024
6472
6853
7163
7053
7103
7343
6743
7113
7053
6493
6903
7294
6803
6993
6843
6412
7094
6984
7213
6974
7054
6883
6642
7163
6763
6933
6252
6752
6452
6292
6172
6452
6292
6833
6582
6623
5070
7604
6823
3406
6933
7063
24266
3657
7053
7174
6522
6783
6772
7004
7354
7084
6822
6593
6552
6392
6523
6963
6843
6903
6703
6903
6202
6332
6822
6662
7003
6593
6473
6743
3236
6602
3457
6772
6913
7113
6833
6493
6633
6602
7083
3426
6803
6742
6813
6572
6362
6833
6994
7023
3326
6953
6933
7083
6502
6602
6693
6583
3466
7003
6823
6803
6953
6703
6523
6773
6863
6833
7785
6472
6352
7254
6692
6782
6682
6642
7104
6883
3296
7153
7173
6773
6602
6473
7985
3377
8777
3407
6803
6954
6943
6462
6683
6923
6763
6933
6893
6452
6462
6422
6933
7014
7754
6492
6722
6542
6683
6382
6542
7114
6783
7043
6903
6742
6813
3336
6743
6722
6813
6752
6302
6532
7434
3376
6612
6573
6863
8657
6733
7093
6553
5440
6593
5069
6923
5460
6593
5450
3316
6993
4909
6512
3326
6702
4940
8246
3336
6984
4919
5050
6643
5410
6563
6321
3637
5129
6272
5350
6613
3557
4969
6813
5630
7704
6853
3727
5651
6282
5621
7023
4879
4979
6763
5450
6322
6232
4879
5070
6783
4940
7114
6011
4929
5931
4629
4989
6662
6662
4869
6753
6322
6352
4879
6422
4849
6752
6232
3687
6111
6963
6692
4970
6823
6602
6041
4739
6322
6492
4729
6732
6863
7124
4819
6883
3277
4960
6673
3306
6092
4749
6743
4929
7945
4669
7004
3246
6763
4909
7043
4939
6772
4889
6692
4839
6723
3557
4959
6822
3186
6162
4809
6813
4939
6442
11512
6753
6742
6803
6713
6542
6793
6412
6702
6492
6792
6642
6813
6742
4829
6813
4689
6302
6492
6222
6493
7003
6732
7153
6582
6933
6402
6903
6081
6752
7053
7053
6312
6763
6913
6092
6752
6953
6883
6983
6332
6452
6372
7064
6693
6803
7033
6984
6182
6703
6773
6733
6612
6463
6342
6202
6622
6943
6772
6943
6673
6943
7003
6853
6753
6933
6853
6692
6823
6693
7173
6392
6763
6442
6552
6331
6362
6492
6492
7945
6552
6843
6702
6722
6803
6482
5931
6823
6712
7193
6923
6613
6913
6813
6933
6662
6222
7314
6944
6883
6883
6923
6853
6883
6723
6893
6893
6763
6482
6903
6582
5000
6021
4849
6543
6172
6602
6192
6131
7304
6211
7955
6222
6823
6663
6692
6793
6913
6632
6582
6493
6612
6543
6663
6473
6532
6853
6603
6523
6813
6262
6833
6241
6442
6652
3827
6783
6933
3517
6552
3597
6803
6242
6582
6452
6602
6312
6472
3557
5440
6693
5460
6622
5400
6792
6131
6673
6382
6863
6171
6993
6242
6642
7695
6773
6412
6822
3737
6482
6643
5410
6743
3587
5670
6643
6732
5521
6201
6422
5971
6733
6642
6372
6843
6923
6482
6252
6883
6613
6252
6552
6652
6282
7995
6722
6382
6553
6542
6192
6031
6582
6622
6843
6823
6372
6301
6582
6582
8105
6412
6322
6412
6403
6432
6462
6552
6813
6362
6622
6823
6261
6142
6181
6612
6502
6643
6693
6392
6262
6282
6382
6111
6112
6141
6402
6783
6963
8195
6292
6522
6803
6732
6392
6201
6512
6513
6332
6412
6292
6623
6693
6933
6833
6021
6322
6352
6242
6382
6262
6362
6873
6813
6623
6662
6372
6292
6041
6252
8165
6192
6232
6432
6903
6622
6622
5450
6242
5411
6453
6182
6462
6162
6853
6642
6593
6723
6593
6502
6462
6382
6612
6703
6322
6141
8236
6843
6612
6191
6432
6322
6653
8285
6753
6132
7184
6663
7514
6392
6342
6432
6512
6873
6532
6202
6282
6562
6673
6773
6732
6222
6322
6172
6392
6112
6332
6241
6322
6522
6442
6342
6532
6643
7354
6312
6102
6092
6052
6282
7855
8155
6141
6071
6523
6442
7254
6072
6572
6102
6301
6091
5992
6582
6552
6633
6602
7003
6002
6352
6292
6342
6181
6151
6903
6853
7664
6262
6092
6553
6512
6402
6212
6111
6442
6162
6532
6402
6312
6452
6262
4729
6843
6553
8045
4639
6041
6102
6142
6332
6533
6643
5951
6222
6482
6683
6503
6512
6352
6673
6453
6122
6362
6222
6132
5190
6131
4568
6402
6111
6111
6192
6622
6161
6312
6132
6172
6352
6021
6091
6092
6342
6352
6632
6372
6272
6212
5951
6732
6623
5941
6703
6452
6552
6382
6573
6432
6532
6533
5992
5982
5911
6543
6713
6432
6031
6452
6492
6853
6663
6091
6763
4669
6783
4799
6532
5711
6583
6012
6503
4549
6282
4849
6503
6412
6111
7304
5921
6442
6643
6082
3597
5520
6412
4638
6493
4658
5801
6613
6673
6783
6061
6011
5941
5981
6502
4779
6572
4839
6582
6533
6522
6783
6362
6482
6382
4589
6362
5891
6542
4608
6452
6232
4959
5862
4558
6211
6462
6262
4769
6633
6692
4719
5982
6823
4789
6703
6422
6302
6192
6072
6282
4558
6452
6362
4628
6312
6372
6202
6161
6432
6583
6563
6312
6412
6522
6402
6182
5891
6132
6311
6091
5851
6372
6142
6542
6332
6302
6582
6402
5801
6492
6272
6232
6292
6482
6392
6463
6172
6542
6492
6302
6352
5750
5750
6582
6592
6382
6602
6542
6562
6432
6322
6472
6021
5811
6402
6282
6442
6412
6382
6392
6462
6342
6321
6582
6582
6252
6452
6452
6582
6413
6222
6362
6663
5551
4669
6663
6212
6452
6542
6653
3586
6231
5901
6191
6662
3667
6092
6432
6051
5971
5881
5791
6232
6142
5801
6602
6552
6723
6362
6352
6402
6582
6131
6533
6362
6332
6452
6473
8886
5630
6492
6302
5691
6402
6462
6623
6011
6191
3226
6121
5821
6513
6132
6613
4578
6392
5630
6252
6412
5981
4739
6592
5761
6131
17292
6733
4839
6372
7584
5891
7193
6312
6562
6071
5831
6802
7073
6172
5881
6592
6512
6422
6382
6663
5871
6312
6442
6382
6572
6152
6242
6422
6111
5921
5941
6291
5991
6503
10520
6362
4619
6011
4679
6392
6262
6382
6292
9908
6282
6442
6733
6162
6191
6162
5781
6422
6442
8766
6853
6031
6282
6502
6512
6693
6262
6362
6362
6382
6232
6232
6342
6382
6212
4438
6593
6251
6542
5791
5981
6402
6382
6322
6352
6191
6272
6301
6442
6162
6122
6362
6292
5631
6262
6232
6362
6262
6242
6122
6362
6252
6382
6131
6302
6352
5691
5651
6342
6432
6382
5691
6442
6422
6542
6342
6682
6342
6492
6322
6231
6181
6372
6231
6442
6131
5771
6272
5982
5951
5460
6061
6302
6232
5661
5781
6532
6222
6433
5460
6221
6322
5581
8857
6292
6101
6432
6261
9247
6362
6272
6101
5581
6633
6542
6181
5671
5851
6442
5671
5710
6011
5921
6292
6122
5831
6392
6342
6512
6442
6222
6102
6151
6111
6352
6252
6482
6402
6061
5911
6242
6372
5520
5671
5881
6182
6582
6352
6241
5651
6472
6452
6152
6022
5902
6161
6412
5611
6402
5921
8345
6382
6513
6031
6483
6202
6352
6382
5621
5350
5751
5961
6682
6221
5621
6182
6261
5912
8967
6502
6081
4468
7314
5821
6302
6472
6281
4669
6241
3426
8325
3496
6031
3447
6352
4599
6352
3597
6132
4609
7634
4769
5991
4769
6712
3526
6201
4329
5851
3437
6021
3616
7544
5811
3577
5921
3477
5911
3136
5951
9288
3116
5821
3567
5951
3377
5941
3396
6001
4158
5780
3486
6082
3707
6011
3446
7985
3887
6362
4518
7133
3347
3356
3056
7644
3547
5911
4849
6261
3226
6552
3116
5971
3517
8646
3096
5831
3176
6081
3377
6282
3106
5931
3426
6132
3427
6923
3507
6432
4619
7544
3607
5941
5891
3546
6011
7153
5851
6332
6442
5701
4269
6081
6152
6372
6191
6232
6011
5982
6272
5751
6071
6332
6322
6192
6252
5720
6202
6372
6131
6392
5841
5761
5882
4349
5881
5911
4418
6192
6292
4318
6042
5791
4508
6302
6221
5540
5701
4549
5621
5892
4318
5580
5770
6021
5891
6001
6302
6252
6402
6222
6342
5932
5731
6202
6052
6202
6232
5721
5771
6242
6132
6001
5681
6132
6071
6131
5982
5641
6202
5490
6252
6121
5601
6352
6352
5700
6392
6352
5961
6172
6061
6222
5561
6132
6141
6222
5831
5701
6122
5390
6022
6041
5781
6271
5721
6252
6422
5841
5691
6081
6102
5661
6372
6483
6001
5711
5550
5841
6041
6101
6422
6101
6282
6162
6012
6171
9488
6071
6402
6352
5701
6001
6031
5931
6172
6081
6262
6282
6031
5911
6292
5942
5591
6042
6272
6121
6232
6272
6082
6572
5630
5791
6322
6232
6252
6242
6352
5360
5400
5530
6232
5991
6022
6242
6021
6372
5781
5761
4348
5570
5490
5380
6152
6031
5510
5882
5731
5921
6122
5981
6222
5300
6242
6092
6192
5681
5420
5891
5640
5601
6322
6212
6191
6072
6152
6101
6091
6261
5270
5410
6292
5941
6211
5580
6162
6122
5520
5951
5981
5771
6111
6211
5811
5912
5971
5881
5751
5570
6051
6081
5841
6191
5431
6101
5560
6212
6272
5571
6072
6071
6031
5791
6182
5911
5480
6101
5561
6101
6191
5450
6252
6212
5921
5791
5841
6161
6242
6873
5490
6162
6081
6121
5912
6151
5781
3296
6141
6192
6161
5460
5921
6161
6081
6162
5862
5631
5641
6042
6141
5199
6062
6432
6001
5961
5811
6031
6102
6141
6182
6272
5841
5451
5942
5310
5420
5750
5871
6212
5961
6202
5911
6001
6082
6482
5901
6162
6091
5871
5921
6211
5891
4418
5551
5831
6012
4328
6251
5761
5630
5871
6081
4388
5982
5811
5701
5761
5891
5981
5470
5701
5701
5710
5841
6031
6071
5981
6131
5791
5801
5690
5941
6272
6142
5710
5691
5871
6061
6302
5961
6171
5951
5761
5901
5721
5791
5681
5771
6793
6232
5961
6382
5740
5791
5811
5841
5680
5982
5470
5590
5601
5891
5981
5511
5851
5741
5761
5781
5691
5471
6041
5571
5761
5620
5811
5831
6051
5580
5791
5971
6011
5951
6443
5651
5551
6011
6272
6001
5660
5691
5981
6061
5480
5581
5620
5460
5520
5730
5701
9117
6012
5962
6111
6111
5620
5470
5581
5861
5971
6141
6071
5931
5801
5610
5480
6091
8246
5901
5961
5601
5881
6012
5501
5511
7424
5320
5911
6202
5882
5600
5781
5571
5931
5490
5811
5790
5871
5701
5760
5440
5420
5490
10540
5901
5751
5620
5260
6282
6182
5871
5630
5660
5430
5851
5430
5711
5931
6122
6121
5701
5670
5801
5871
6081
6132
5771
6031
5831
5971
6122
6051
5340
5841
5300
5901
6021
5811
6282
6071
5931
6031
5781
6091
5971
5911
4579
5681
4348
5731
5961
8205
4188
4258
6242
4218
6001
6172
6002
4319
5982
4349
6112
4729
6102
4128
4368
5881
4218
5841
5922
6192
4328
5350
3166
5461
7374
5981
6062
5881
4429
5340
4268
5931
5500
5741
5931
5911
6012
5751
4469
5941
4368
5801
5892
4298
6191
5570
5511
5570
6091
5962
6362
5981
6191
5361
7183
5601
6863
5571
6532
6161
5951
5701
5691
5761
6673
6001
6332
5641
7284
5971
6332
5561
7263
5360
7123
5411
5520
5510
5881
5711
5861
5882
5781
8076
5471
5591
5741
5962
6031
5631
5631
6603
5861
5801
5631
6382
6162
5962
5661
6793
5541
6943
5471
5791
9057
6051
5630
6021
5731
6813
5490
6542
5130
5861
5741
5560
5741
6131
5591
7735
5470
6111
5431
6753
5450
5741
5951
6773
5530
5500
5781
5952
5851
4238
5130
5630
5871
5240
5330
5660
5591
4859
5750
4729
5691
5731
6232
4769
5821
4308
5721
5901
5781
5821
5721
4177
5781
4198
5891
4027
5851
5420
5520
5791
3106
5511
5701
5841
5060
5761
5170
6011
5691
4799
5219
4378
6041
5530
5721
5902
5661
4127
5911
5451
5921
4228
5791
4168
5911
5260
5761
5911
4058
6121
4308
5490
5621
5611
4318
5731
3207
5390
5120
5200
5751
6002
5560
5250
5330
5560
5310
5511
4809
6061
5811
5450
4078
6001
6061
5861
4318
5831
4178
5671
6102
5520
7965
5580
5289
6162
5481
5571
5190
5951
5751
5380
5871
4289
5931
4078
5800
5210
5872
5951
5902
5851
6052
5932
5811
5330
4178
5821
6052
5911
5871
5801
5340
5240
5350
5240
5560
3917
6062
5771
5730
5922
5882
4148
5801
4990
5761
5911
5661
5610
5580
5671
5340
5330
5160
5760
5630
5881
5300
5240
5871
5500
5921
5270
5470
5270
5751
5701
5892
5651
5941
5600
5821
5531
5711
5090
6072
5691
5701
5591
5461
5170
5430
5129
5801
5200
5401
8096
5179
5501
5550
5130
5891
5771
5841
5490
5059
5771
5080
5670
5831
5651
5751
5911
5580
5721
5431
5520
5560
5531
5651
5550
5901
5561
5560
5741
5531
5270
5340
5561
5671
5881
5561
5220
5179
5911
5710
5851
5721
5800
5451
5581
5821
5671
5590
5841
5791
5781
5731
5410
5700
5610
5641
6002
5650
5590
5831
5911
5751
5821
5911
5330
5370
5661
6041
5631
5460
5490
5681
5911
5750
5541
5270
5651
5891
5781
5751
5650
5831
5731
5751
8236
5640
5731
5430
5370
5641
5641
5701
5711
4067
5390
5731
4248
5200
4038
5851
5730
3146
5581
4398
5811
5781
4138
5821
5600
4228
5540
5821
5531
4459
5200
4108
5921
5340
5530
5600
5711
5821
5711
4198
5921
5841
3967
5811
5821
4038
5631
5911
5741
5561
5400
5531
5671
4889
5801
5740
5831
5721
5661
5570
5190
5330
5540
5400
5590
5871
5731
5169
5540
5551
5801
5540
8086
5630
5941
5811
5680
5661
5640
5640
4028
5130
5120
7554
5560
5790
5510
5190
5160
6322
5661
5561
5300
5450
5701
5460
5691
5220
5681
5070
5771
5620
5631
5260
5210
5530
5581
5520
5020
5100
5520
5270
5109
5190
5571
5821
5610
5220
5010
5660
5781
5530
5580
5641
5109
5360
5641
5651
5150
5239
5540
5561
5581
8206
5650
5099
5069
5591
5601
5511
5089
5380
5591
4949
5500
5761
5831
4999
5249
5260
5260
5561
5110
5470
5731
5260
5270
4990
5660
5881
3927
5660
4088
5681
5821
5581
5700
4188
5561
5551
5430
5290
5230
5481
5169
5580
5250
5491
4148
5500
5811
5170
5210
5090
5701
5571
5630
5901
5661
5591
5510
5750
5611
5661
5661
5720
5200
5641
5580
5130
5821
5650
5460
5580
5640
5661
5570
5570
5780
5611
5180
5801
5801
5210
5390
5581
5551
5520
5912
4939
5450
5290
5109
5540
5470
5640
5551
5660
4879
5661
5530
5410
5330
9678
5701
5621
5661
5110
5330
5109
5330
5170
5440
5480
4960
5240
5350
5520
8707
5461
5520
5441
5521
5711
5680
5530
5069
5580
5871
5560
5600
5831
4900
5571
5680
4950
5120
5170
5711
5570
5470
9408
5671
5420
5710
5581
5009
5410
5591
5550
5520
5410
5580
5540
5200
5240
4910
5670
5601
5490
5550
5480
6071
5771
5370
5300
5600
4979
5460
5590
5461
5120
5480
5029
5640
5570
5070
5370
5490
3918
5831
12795
5431
5240
5430
5431
5610
5470
5420
5560
5099
5520
3847
5711
7785
3907
5581
5751
4028
5791
5320
5691
5230
5150
5190
4979
3967
5160
7694
3997
5560
3918
5401
5470
3897
5230
5711
3898
5490
3997
5551
5390
5460
4097
5150
5350
3947
5340
5771
3987
5060
5711
3777
5390
5350
3907
5340
5510
4007
5440
5641
3887
5601
5580
3898
5611
5691
3907
6513
5571
5501
5129
5270
5110
3827
5230
5230
3948
5130
5040
3717
5010
5260
4117
5660
5551
5169
5229
5390
5180
3847
5521
5510
3827
3988
5080
4178
5721
4929
3907
5580
3817
5491
3978
5340
3947
5550
3827
5711
3887
7764
3838
5390
3928
3917
3997
5219
4007
5390
3817
5400
3797
3858
4980
3947
5631
5070
9017
5611
5460
5360
3977
3878
5180
3957
4037
5610
3977
5199
3898
5270
5590
3948
5460
5440
3927
5560
5381
5630
5651
3887
5491
5711
5531
5621
5420
5561
5631
5761
4859
5530
5470
5230
4929
5530
4769
4989
5390
4899
5079
5451
5580
5370
5420
4779
5300
5460
5590
4839
5110
5049
4849
5410
5390
5130
5500
4829
5109
5290
5080
5501
5380
5180
5350
5300
5420
5580
5481
5210
5410
5380
5260
5260
5290
5560
5370
5450
4949
5350
5330
5441
5240
5531
5120
5411
5461
5561
5420
5370
5371
5690
4057
5260
3947
5310
5470
5581
5600
3877
5350
5240
5280
5390
5610
3827
4899
5390
5179
4909
5470
5490
5000
5420
5109
5480
5300
5149
4969
5600
5109
5651
5070
5179
5270
5330
4869
4679
5159
5110
4769
5129
5230
5891
4920
5511
5240
4960
5210
5410
5461
5461
5270
5460
5631
5210
5330
5140
7414
5240
5591
5441
5340
5400
5310
5010
5631
5200
5200
9688
5330
5430
5510
4979
5089
5069
5340
5000
5721
5370
5370
5490
5651
5340
5370
5601
5411
5470
4969
5370
5360
5270
4779
5270
4939
5390
5430
5340
5520
5500
5590
4859
5410
5460
5340
5491
5110
5370
5390
5200
5400
5240
5280
4969
4999
7855
5059
5090
5249
4920
5039
4930
5340
5381
5400
5410
5270
5460
5249
5260
5350
4859
5180
4819
5009
5561
5229
4920
5351
5410
5501
5410
5190
5350
5240
5240
5300
5400
5320
5170
5300
4729
5260
5391
5280
5250
5119
5360
4779
5520
5050
5500
5300
5571
5280
5270
5050
4789
5000
5420
5160
5090
4939
4989
4598
5200
5230
5310
5320
5420
5430
5199
5310
5079
5170
5421
5250
5350
5330
5300
5471
5109
4829
4548
4779
5200
5009
5360
5189
4829
4809
4919
5129
4799
4909
4930
4749
5169
5180
4850
5551
5130
5290
4979
4759
5150
5310
5029
5290
5431
5120
5300
5360
5430
4759
5260
5020
5490
5350
4849
5260
5490
5410
5340
5441
5190
5411
5109
4739
4679
4959
5340
5420
5150
5371
5621
5149
5080
5330
5099
5220
5179
5270
5300
4870
5160
4879
5140
5310
5340
4799
5029
4739
5290
5190
5381
5169
6623
5229
5200
4679
5370
5210
4940
5029
4999
5099
4619
5300
4749
4939
5220
5390
4789
5069
4819
4769
5109
5210
5250
5340
5230
4759
5129
5170
5260
5190
5260
5551
5160
5400
5500
5480
5521
5240
4789
4930
5079
4889
5180
5500
5310
5080
5160
5149
5169
4859
5520
5179
5019
4889
5230
5090
5040
5300
4789
5120
5000
5310
5310
5150
5070
5009
4989
5340
5590
4709
5370
4598
5099
5210
5259
5170
4689
5109
5050
5260
4699
4930
5000
5110
5010
5160
4498
5079
5160
5390
5159
4909
4829
4669
5190
4729
5020
4619
4718
4739
4809
4849
4729
5120
5330
5119
5270
5040
4789
5200
5140
5280
5209
4719
7224
5120
5420
5040
4799
5150
5120
5220
5140
5070
5260
5159
4739
4829
5350
5069
5080
5000
5160
5240
5290
5180
5249
5370
5200
5320
5010
4729
4779
4589
4298
4989
4809
4829
4408
4829
4138
4679
5249
4789
4729
5220
4829
4820
4839
4889
4939
5219
4900
5350
4909
4959
5109
5010
4939
5130
4859
5260
5190
4899
5100
5239
4749
5019
4659
4859
4718
4739
4679
5240
5290
5200
5150
5019
4930
5099
5481
5110
4689
4979
4779
4578
4699
5159
5250
5130
5240
5150
5289
5331
5260
5009
5400
5290
7515
5080
5230
5170
4759
4478
5170
5190
5170
4609
5190
5119
4568
5070
5340
5140
5010
5219
5070
5120
5009
5230
5130
5060
5069
4890
5119
5239
4929
5039
7484
4829
5260
5090
4669
4949
5010
5130
4999
5290
5060
3527
5049
5380
3617
5230
5069
5119
5260
5229
5109
5120
5149
5209
5089
5019
5060
5009
5059
5049
5089
5050
5020
4899
4860
4749
5200
5150
4389
4909
5210
5100
5099
5110
5139
4649
4528
4529
5100
5110
4539
5190
5199
5150
5050
4628
4769
4639
4889
4889
5179
5070
5110
4548
6742
4759
4980
5109
4959
5120
5070
5000
5100
5811
5050
5130
5100
4850
4789
4639
4709
5169
4899
4950
5129
5210
4879
4709
4909
5741
4959
4859
4849
4738
4819
5160
4939
4989
4879
4909
4579
4819
5230
4488
4979
4819
4499
5079
5109
4989
4959
5090
5220
5000
5039
4508
4949
5120
4979
4970
4949
5050
5040
5250
4969
5070
5110
4979
5230
5189
4869
5129
4859
4518
5009
4969
5471
4659
4879
4779
4779
5009
5190
4829
4779
4599
5050
5190
4679
4989
4739
4529
4989
4448
4439
4969
4939
4719
3607
5300
4920
4999
5010
4669
3637
3487
5119
5060
4508
4959
5140
5259
5330
5209
5189
5060
5039
4959
5220
5109
5120
4529
4498
5330
4989
4869
4929
5130
4969
4829
5170
4969
4829
4930
5059
4980
4609
4989
5150
5079
5120
5130
4999
4980
5250
5269
4759
5099
4980
4949
4468
5099
5240
5069
5069
5120
5110
4810
4478
5120
5420
4990
5099
5119
5199
5019
5140
5000
4989
4949
5180
5080
4889
4859
5059
5169
5209
5050
4699
5019
4849
5020
4980
4959
5049
4729
5020
4949
4869
4589
4369
4949
4899
5009
4749
5200
4959
4759
5029
5130
4949
5190
4839
5060
4759
5079
4949
4479
4879
4419
4679
4880
5019
4498
4839
5139
4489
3497
4518
4619
3567
4929
4960
4438
4919
3396
4779
4659
4719
5069
4759
4929
4869
4719
4889
4618
4930
4959
4879
4910
4990
4639
5500
4819
4789
5050
5099
4890
4980
4448
4959
4529
5130
5099
4849
4980
5030
4739
4499
4880
4940
3487
4699
4889
4869
4909
4729
4889
4408
4829
5050
3507
4789
4869
4839
4809
4809
4709
4910
2705
4488
5720
3056
4829
5932
4859
5540
4969
5641
5109
5009
5039
9508
4799
4819
4929
2395
4649
5060
4829
4478
2715
4899
4899
4819
4859
5019
2355
4639
4959
4669
5180
4880
7304
4989
4799
4849
4559
5060
4970
4919
4799
4598
4849
4719
4819
4859
5009
5009
4929
4899
4559
4819
4859
4619
5040
4889
4869
4899
4699
4779
4969
5059
4589
4648
4478
4508
4839
4869
4990
4919
4969
5049
4899
4759
4979
4699
5120
4929
4899
4909
4999
4919
4899
4709
4689
4728
4960
4869
4989
4859
5029
4799
4869
4579
4599
4900
4729
3516
4559
4779
4829
4448
4749
4489
4879
3306
4669
4880
4398
4679
4649
4929
4649
4799
4970
4649
4308
4619
4759
4749
4689
4638
4479
4529
4438
4679
4669
4949
4799
4578
4438
4158
4769
4779
4348
4508
4398
4839
4718
4569
4549
4519
4318
4548
4539
4949
4358
4840
4418
4749
4729
4729
4619
4729
4338
4729
4809
4839
4268
4409
4819
4759
4628
4318
4388
4559
4329
4258
4489
4378
4799
4639
4478
4869
4849
4689
4639
4678
4979
4919
4389
4609
4548
4799
4368
4418
4338
4549
4849
4468
4578
4238
4448
4518
4829
4999
4729
4789
4348
4499
4419
5230
4779
4369
4278
5360
4819
4960
4869
5029
4488
4298
4418
4689
4759
4850
4669
4298
4528
4789
4438
4839
4649
4850
4388
4438
4288
4949
4879
4689
4268
4889
4789
4779
4939
4178
4879
4659
5060
4358
4869
4588
4388
4919
4889
4699
4810
4940
5050
4759
4879
4769
4999
4679
4698
4929
4989
4438
4940
4789
4799
5200
4368
4709
4559
4809
4418
4418
6653
4779
4759
4749
5099
4929
4709
4378
2625
4569
4369
4699
4819
4839
4779
5059
4909
2404
5039
2334
4719
4328
4398
4829
4398
3547
4729
3457
4789
4429
4619
4228
3416
5090
4799
4689
4379
4839
4729
4699
4649
5039
5059
4628
4799
4689
4338
4298
4779
4308
4519
4609
4739
4729
4208
4438
4629
4147
3296
4779
4779
4699
4819
4619
3407
4198
2514
4468
4268
4178
4358
4789
3236
4669
4148
4869
4759
4679
4238
4398
4298
4338
4418
4679
4318
4198
4699
4669
4859
4779
4629
4739
4739
5059
4258
4278
4328
4418
5010
4589
4699
4248
4218
4539
4369
4458
4469
15840
5070
4539
4228
4248
4729
3356
7945
4409
3506
4088
4789
3306
4218
4699
3397
4208
5080
3336
4258
4699
3417
4228
4418
4489
3246
4589
4589
4679
4499
3266
4688
4469
4769
4338
4689
3407
4508
4548
5089
4548
4559
3587
4849
4779
3407
4379
4278
3496
4619
4759
4489
3377
4258
4578
3356
4258
4168
3507
5149
4639
4659
4338
3416
4709
4889
4308
4469
5109
4708
4699
5030
4910
4779
4569
4819
4739
4609
4278
4598
4338
4738
4288
4299
4588
4639
4809
4429
4268
4127
4789
4438
4248
4469
4769
4729
4468
4578
4168
4198
4488
4429
4559
4358
4799
4669
4719
4338
4729
4188
4268
4699
4178
4278
4618
4849
4499
4368
4979
4779
4588
4678
4609
4509
4789
4569
4047
4569
4478
4619
4629
4719
4708
3356
4569
3577
4599
3346
4448
4649
4639
4478
3346
4568
3316
4108
4619
3236
4668
4328
3316
4489
4659
3286
4679
4518
3126
4449
4499
4599
3346
4699
4759
3486
4689
4719
4719
4558
3356
4348
4298
3216
4358
5219
3186
4559
4448
4589
4699
4669
3336
4669
4659
4439
5150
4688
4829
3266
4528
4468
4719
3286
4348
4499
3286
4950
4508
4659
3296
4629
4569
3236
4508
4589
3206
4198
4408
3366
4759
4578
4759
4598
4008
4489
4548
4358
4308
4329
4278
5921
4638
4619
4488
4399
4669
4318
4538
4067
4248
4138
4578
4498
4749
4248
4538
4689
4147
4368
4699
4488
4558
4599
4699
4559
4479
4439
4529
4729
4669
4579
4499
4288
4478
4509
4629
14257
4609
4769
4529
4508
4478
4017
4178
4649
4749
4649
4168
4538
4428
5100
4559
4479
4628
4588
4589
5741
4829
5290
4458
3707
4569
4659
3347
4638
4588
4439
4688
4568
4629
4578
4508
4659
4919
4328
4679
4919
4268
4589
4639
4559
4578
4138
4258
5440
4368
4589
4559
4258
4699
4969
4409
4518
4588
4498
4308
4739
4569
4709
4228
4238
4498
4629
4508
4488
4088
4298
4459
4489
4237
4268
5149
3938
4668
4579
4559
4568
4659
4489
4419
4509
4659
4388
4359
4318
4538
4208
4588
4418
4638
3146
4469
4599
3196
4218
4218
3286
4558
4829
4478
6703
3988
4218
4408
4539
4438
4488
4538
4499
3978
4499
4549
4278
4399
4388
3216
4338
3196
4588
4338
4458
4298
4669
4348
4188
4529
4218
4268
4468
4218
4228
4459
4368
4989
4158
4469
4669
4298
4469
3897
4588
4178
4649
4338
4558
4529
4318
4258
4408
4008
4488
4438
4068
4358
4448
4409
4458
6763
3797
4559
4478
4238
4288
4509
4539
4259
4909
4117
4459
4338
4819
4498
4408
4469
4479
4399
4077
4699
4368
4048
4709
4528
4679
4058
4078
4108
4428
4398
4408
4639
4409
4057
4549
4568
4148
4639
4558
4578
4588
4448
4168
4639
4548
4398
4459
4539
4488
4549
4739
4358
4448
4408
4398
6763
4528
4158
4518
4458
4488
4489
4038
4528
4579
4529
3938
4578
4608
4428
4188
4008
9147
4689
4188
3096
4399
4258
4088
4098
4559
3186
4558
3997
4468
4849
4649
2304
3997
2435
4268
3917
4088
4638
2425
4168
4539
4418
4288
4318
4598
4568
4669
3376
4428
3116
4017
3156
4399
4478
4529
4207
4108
4258
4308
4478
3948
3998
4428
4208
3206
3917
3256
4318
4488
4469
4418
4419
3085
4389
3968
4528
4459
4378
3256
4369
3096
4429
3908
4368
3216
3927
3276
4458
4418
4389
4548
6893
3286
4608
4388
5681
4439
3818
3045
4278
4479
3997
4258
4749
3807
3947
2475
4388
4068
3937
4528
4428
4388
4438
4769
4248
3968
6552
4238
4228
4408
4508
4328
3977
4479
4478
3858
3948
4578
4218
4438
4028
3837
4368
4288
4378
4358
4118
3967
3927
3917
3867
4018
4498
4088
3878
3867
4138
3847
4408
4148
4489
4388
4508
4488
4389
4419
4439
4378
4448
4197
4097
4318
4408
4398
4519
4148
4318
4308
4469
4188
4298
4268
4408
4638
4378
4057
3917
4038
4138
4328
4238
4508
4569
4499
4078
4469
4268
4278
4248
4359
4238
4539
3937
4138
4208
3948
4499
4348
4459
5190
4188
4498
4409
3998
4178
4418
5049
4338
4408
4318
4208
4008
4368
4789
4148
4058
4268
4458
4228
4258
3988
4048
4308
4027
3747
4388
4258
4448
4087
4348
4108
4399
4208
3105
4308
4028
3968
3988
4228
4448
4228
4158
4198
6272
4187
4408
4228
4518
4078
3958
4068
2374
3887
2414
4368
2364
3988
4208
2505
3957
2284
4298
4177
2405
4098
2454
4038
2255
4088
2324
4278
2074
32101
2425
3938
2334
3136
4389
2174
4037
2444
4097
2084
4088
2404
3967
2394
3887
2414
3968
2835
4098
2395
3928
4088
2255
4358
4408
3186
3907
2275
3998
2314
3978
2394
3948
2144
4638
2395
3837
2275
3887
4128
4018
2465
3366
2545
3316
2344
3356
2234
3457
2445
3366
2334
3456
2424
3878
2114
3877
4628
3958
2495
3887
2344
3907
2454
3967
2044
3827
2414
4007
2334
4018
2375
4018
2505
4158
2275
4088
2164
3968
2124
4017
2445
4027
2234
4048
2334
3878
3557
2124
3446
2414
3476
2375
3376
2475
3357
2445
3416
2414
3977
2375
4228
3427
2334
4118
2414
4007
2334
4238
2995
3827
2394
4248
2405
6843
2315
3967
3256
2745
3437
2434
3487
2425
3968
3417
2445
3907
2334
4158
2354
3957
4127
3797
3897
4288
3887
4658
3877
3917
4198
4398
4258
3877
4198
4038
4248
4218
4217
4408
4498
4218
3787
3697
4118
3907
4358
4348
4078
4177
3847
4228
3717
4498
3857
4228
4218
4127
3978
4198
3978
3787
4238
4078
4088
4037
3807
3807
3887
3717
3927
3627
4358
4078
4028
3817
4138
4158
4198
3847
3687
3667
3717
3687
3687
4108
3697
4258
3697
3968
3717
3747
4138
3957
3616
3617
3737
4138
3798
4208
4158
4228
3988
3928
4238
4098
4088
3637
3928
3767
4268
3817
4198
3887
4138
3937
3837
4208
4108
4148
3737
3757
3697
3657
4018
3988
3616
3757
3787
3777
4028
6492
4388
4108
3757
3727
3687
4148
3647
3787
3867
3957
4288
4138
4077
6282
4168
3667
3696
3938
4288
3967
4228
3687
3757
4087
4148
4238
4228
4238
3947
3947
4188
4238
4068
4118
3727
3837
4178
4849
3907
4158
3988
3857
4248
3075
4068
4268
4117
4098
4047
4468
4769
4098
4518
4028
4448
4117
4027
4218
4088
4208
4379
4248
4037
4178
4128
4068
4048
4188
4028
3977
4198
3046
4107
3987
4057
3827
4167
4438
3978
4097
4127
1994
4008
4238
4248
3987
4178
3998
3687
4027
4118
4098
4288
4228
4088
4108
3908
4078
4068
4027
3827
3787
3907
3747
4048
4088
3917
4228
4168
3797
4038
4117
3767
3777
3797
3687
4068
4368
3697
4058
8797
4418
4178
3677
4127
4038
4308
3737
4298
4208
4197
4198
3677
3827
4148
3727
3957
4168
4038
3987
4038
4058
3957
3937
3998
4018
3887
4128
4088
3887
4008
3887
4088
3878
3978
3527
3957
3958
3737
3447
3978
4098
3987
4168
3556
3727
4168
4068
3987
3898
4128
3427
3887
3997
3937
4148
4087
4038
3607
3847
3968
3867
7515
4198
4107
3948
3968
3617
4238
3697
3617
4047
3656
3597
3877
4037
3566
4058
3938
4118
4118
3917
3506
3587
3937
3807
3968
4178
3697
3898
4268
3948
3577
4007
3897
4058
3657
4178
4118
4058
4108
3907
4077
3637
4007
4088
4008
4038
4058
3707
4248
2906
4158
3877
4378
3897
2825
3947
2896
4078
3977
4949
3927
3877
4047
6341
3927
3857
3927
4067
4047
2885
4017
4057
4098
4047
3997
3517
4168
4258
2756
3777
3997
2755
3997
4048
2925
4097
4027
2905
4087
4038
2816
4008
3888
2906
3897
3998
2845
4048
3757
4027
3637
3928
4067
4128
4048
4078
3977
4058
4067
4338
3977
3557
3897
3838
3917
3878
3616
3868
3938
4017
3587
3857
3858
3456
3656
3907
3757
3947
3597
4088
3988
3817
3456
3787
4318
3828
3647
4028
4458
3657
4218
4027
3727
3967
3596
3847
4168
4208
4518
3587
4047
3918
3918
3487
3847
3616
3717
3437
3847
3417
4288
3917
3536
3526
3527
3477
3677
3968
3817
3717
3527
3497
3567
4128
3847
3967
3807
3557
3536
3497
3586
4198
3827
3877
4498
3476
3557
3486
3908
3947
3466
3908
3376
3506
3827
4077
3496
4268
3527
3507
3406
3527
3917
3377
3947
3587
4038
3978
3928
3767
3798
3838
4278
3617
3947
3917
3697
3487
3757
3627
3807
3907
3717
6442
3426
3556
3496
4068
3797
3507
3456
3507
3517
4017
4098
3567
3617
3346
4178
3868
3927
3557
3407
3527
3717
3797
3727
3577
3636
3848
4037
3507
3787
3577
1984
3497
4068
4198
3957
3526
2866
3447
3947
3486
3526
3857
3888
3487
3827
3436
3798
3967
3657
3867
3597
3787
3827
3817
3907
3636
3467
3737
3727
3617
3596
3657
3797
3587
4057
3687
3757
3467
3487
3557
3848
3507
3978
3887
3788
3938
3677
3737
3567
3757
3797
4058
3927
3888
3837
3888
4108
3927
3877
3878
3807
4037
4047
3977
3838
3837
3417
3426
3837
3777
4028
3667
3938
3828
4127
3887
3838
3787
3848
3908
3767
3897
3827
3988
3817
3607
3897
4007
3887
6532
3798
3356
3667
3787
3757
3877
3807
3817
3977
3797
3847
3556
3487
3898
3897
3727
3797
3797
3747
3416
3897
3236
3767
3837
3627
3817
3677
13044
3807
3818
3566
3877
4048
3556
3697
6853
3747
3808
3516
3677
3777
5090
3456
3787
3477
3897
4018
3707
3878
3747
3837
3777
3436
3576
3897
3637
3908
3777
3637
3416
3697
3677
3947
3837
3787
3897
3587
3767
3857
3857
4809
3958
3827
3767
4228
3767
3817
3717
3837
3827
3737
3517
3396
3597
3847
2905
3727
2765
3647
3817
3947
3577
4038
3617
4007
3697
2706
3567
3907
3807
3606
2665
3516
3817
3747
3987
3376
3286
3737
3667
3888
2785
3857
3837
3828
3827
3667
2855
3967
2614
3667
3967
3727
2736
3918
2695
3747
3917
3616
2815
3847
2655
3838
4227
3827
3657
3617
3807
3647
3877
2755
3547
3938
2645
3557
2735
3637
3016
2655
3817
4278
3757
3767
3897
3737
2104
3617
4018
1864
3496
3717
3356
3627
3987
2755
3717
3787
3727
4037
3767
2706
3897
3687
3847
3787
3617
3686
3957
3637
3697
3747
3828
3637
2765
3677
2735
3567
3757
3947
4088
3817
2765
3727
3717
6552
3677
2655
3797
3817
3827
3707
3727
3336
3696
4359
3327
3757
3938
3777
1773
3607
3697
3446
3667
1714
3737
3547
3537
3998
3546
3637
3797
3446
3297
3306
3296
3667
3717
3637
3186
3767
3807
3687
3457
4148
3296
3737
2735
3667
2735
3667
3516
3687
3847
3626
1784
4158
3497
3827
3627
3697
3606
3837
3817
3467
3156
3627
3717
2805
3397
2715
3777
3617
3817
3858
3597
2665
3817
3847
3727
3887
3396
2625
3296
4428
3487
3767
2805
3637
3697
3667
3657
3517
14447
3577
3677
3576
3717
3978
3507
3837
3807
3757
2645
3717
3577
3687
2695
3637
2635
3677
5330
3597
15640
3396
3667
3847
3567
3647
3587
3807
3596
2785
3587
2685
3667
3656
3577
3637
3577
3356
3767
3576
3407
3597
3877
3596
3587
3757
3797
3687
2815
3476
2505
3727
3697
3697
3767
3246
2655
3777
3186
3617
3937
3777
2575
3677
3767
3557
3807
3778
2775
3747
3627
3617
3657
3336
2595
3647
3717
3586
3697
3757
2815
3557
3326
1963
3607
3646
3166
3597
3276
2776
3667
3767
3807
3607
3517
2615
3597
13195
3697
3697
3738
2585
3567
2635
3637
3737
3777
3277
2545
3727
3376
3546
3787
2615
3647
3707
3476
3787
3336
2645
3797
3657
3677
3437
3466
3657
3216
3737
3206
3517
3617
3136
3697
3576
3487
3817
2465
3627
3347
3627
2595
3527
2605
3587
3366
3426
3616
3517
3467
2595
3376
3426
3216
3446
3727
2585
3587
3256
3427
3807
3597
2574
3527
3657
2475
3547
3596
3267
3246
3196
3527
3567
3566
3737
2534
3486
3737
3487
3216
2595
3476
3456
3436
3728
3627
2865
3547
5350
3587
3717
3487
2545
3416
2525
3697
3557
3597
3426
3787
3787
3627
3556
3697
3547
3476
2464
3457
3487
2585
3156
3626
3497
3396
2544
3797
3537
3607
3797
3817
3727
2435
3557
2364
3577
3266
3687
2434
3497
3536
3216
3517
2695
3436
2634
3637
3607
3587
2575
3606
3647
3617
3847
3757
3216
3296
3527
3527
2846
3537
2585
3507
3586
3446
3467
3616
2525
3597
3406
3547
3516
3457
3657
3526
1983
3647
1944
3516
3176
3567
3136
3196
3717
3256
3376
3587
3516
3466
3717
3456
2645
3427
2535
3437
3477
3646
3457
3617
3507
3196
3477
3216
3547
3597
3667
3587
3556
3266
3667
3657
3397
3637
3516
3547
3767
3657
3256
3677
3617
3556
3607
3456
3286
4227
3576
3737
3606
3176
3666
3437
3436
3787
3416
3166
3517
3476
3466
3526
3496
3046
3476
3426
3366
3436
3587
3437
3406
3396
3436
3436
3367
3497
3557
3507
3035
3567
3587
3456
3507
3597
3447
3497
3727
3266
3466
3416
3597
3446
3537
3457
3366
3537
3427
3466
3457
3427
3497
3396
3427
3577
3317
3426
3407
3546
3376
3536
3556
3487
3606
3466
3166
3406
3527
3557
3467
3357
3347
3316
3406
3497
3377
3577
3297
4729
3767
3176
3186
3416
3507
3377
3076
3457
3417
3306
3436
3206
3417
3677
2685
3567
3577
3166
3356
3497
3366
3486
3466
3477
4629
3416
3267
3066
1663
3306
3376
3386
3576
3407
3266
3216
3406
3476
3447
3477
3025
3327
29946
3407
5360
3256
9708
3326
1723
3386
3046
3306
3286
1864
3416
3286
3526
3406
3377
3236
3446
3426
3346
3416
3426
3397
3456
3427
3457
3106
3437
3447
3437
3286
3496
3186
3396
3567
3136
3727
3146
3377
3426
3457
3868
3426
3186
3456
3407
3387
3357
3367
3367
3466
3577
3426
3397
3407
3336
3667
5029
3556
3486
3457
3457
3617
3356
3407
3517
3336
3366
3437
3456
3377
3406
3306
3477
3617
3387
3646
3437
3186
3276
3327
3426
3487
3737
3447
3386
3667
3396
3367
3526
3046
3386
3286
3216
3136
3176
3526
3377
3246
3256
3446
3437
3447
3336
3286
3296
3297
3186
2975
3427
3467
3366
3176
2555
3096
2425
3317
2886
3437
2525
3407
2375
3416
3086
3266
3477
3176
2285
3386
3417
3216
2945
2365
3196
3467
3677
3396
2405
3276
3025
3356
3567
3266
2374
3436
3396
3456
3346
3116
3326
3406
3186
3297
3306
3317
3086
2475
3397
3106
2385
3166
3387
3396
3156
2315
3306
3276
3406
3366
3356
3797
3526
3466
3377
3186
3336
3226
3106
3256
3537
3156
3457
3326
3196
3026
3347
3276
3316
3186
3217
2975
3467
3326
3126
3246
3256
3597
3436
3166
3396
3176
3366
3386
3016
3286
3386
3015
3536
3367
3687
3246
3336
3446
2996
3236
5421
3417
3286
3086
3366
3356
3256
3476
3186
7805
3426
2956
3307
6081
3226
3456
3257
3587
3386
3437
3346
3196
3457
2414
3537
2264
3497
3005
3237
2475
2364
3406
3136
3196
3376
3457
3246
3206
3396
3286
3226
3326
3487
3166
3346
3427
3036
3437
3317
3326
3306
3226
3256
3437
3516
3547
3347
3567
4739
3326
4729
3226
3297
3336
4278
3146
3216
3386
3507
3156
3226
3206
3256
3246
3256
3136
3145
3126
3447
3126
3286
3487
3055
3076
3366
2926
3286
3226
2775
3566
2985
3266
2975
2886
2965
3065
3346
3356
3267
3356
3396
3417
2976
3186
3096
2886
3115
3206
3135
3146
3186
3226
2876
3357
3356
3226
3005
3046
2966
3246
3416
3236
3467
3086
3487
3296
3176
2925
3226
3276
3287
3156
3246
3236
3537
3036
3075
2986
3396
3807
3236
3116
3206
3467
3056
3687
2926
3076
3266
3256
3287
3206
2886
3276
2886
3246
3316
3166
3246
3236
3256
3025
3006
2946
3216
3316
3006
3036
3176
3095
3246
2986
3346
2334
2745
3206
1693
4028
2966
2485
3306
2555
2465
2915
2475
2355
3357
2295
2274
2926
3106
3126
3236
3366
3116
3106
3276
3326
3267
3266
3186
3076
2856
3096
3316
3217
3317
3116
3216
3176
3096
3216
3396
3216
3246
3095
3316
3877
2986
3256
3066
3246
2996
3236
3256
3506
3296
3076
3066
3476
3276
3006
3176
3246
3227
3286
3416
3286
3256
3166
3206
3176
6061
3216
3096
3146
3196
2896
3216
2775
3226
3306
3216
3186
3246
2845
3236
3196
3226
3246
3316
2775
2896
3016
3276
3236
2956
3126
3256
3316
3096
3256
3297
2996
3106
3036
3186
2946
2965
3146
2936
2765
3106
3096
3146
3116
3096
3206
2836
3106
3206
3146
3166
3226
3186
3116
3186
2224
7114
3046
3086
3246
3095
3196
3076
3066
2886
3156
3186
3096
3006
2966
5751
3286
3106
3146
3025
3116
3085
3136
3316
3276
3036
3025
3095
2976
3055
3136
3006
3125
3306
3156
3096
2975
3086
3266
3065
3026
3016
3106
3096
3146
2955
2976
3076
2895
3296
2755
3216
3166
3196
3096
5691
2805
3156
3145
3136
2906
3066
3166
3006
3025
2965
3066
3035
2925
3116
2775
3166
3186
2996
3196
2916
2905
2885
2244
2985
3446
3156
3066
2254
5640
4198
3006
3206
2975
3236
3236
3046
3016
3076
3106
3065
2996
2825
2926
2986
2896
3025
3196
3166
2996
3066
3026
3176
3186
3036
2955
3206
3136
4358
2725
3828
5150
2916
4188
3036
3176
3126
4508
2885
2886
2926
4358
3015
4339
3075
3076
3035
3186
3217
4748
3085
4649
3006
4809
2895
3377
2815
4028
3106
4268
2915
3066
3046
3116
3156
4940
3026
3026
3076
3196
3186
3216
3116
2996
3115
3026
3196
2916
4739
3447
3076
2975
3095
3196
2735
3096
4328
3236
3166
3086
3166
2755
4098
2775
3226
14487
2816
2895
4969
2996
3086
3126
2956
3126
3085
3075
2925
2946
3096
2976
2896
3026
3607
3126
3086
3026
3156
3006
4298
2955
2936
3046
3456
2936
4228
3146
3948
2946
2866
3086
3006
2975
2886
3877
2625
3296
2955
2905
2845
2094
3036
2174
2184
2945
2996
2775
3627
2845
2635
3196
2935
3016
2846
2926
4158
3116
4227
2825
3417
2725
3967
2956
3126
2845
2975
3236
2806
2895
4379
3026
4388
3076
3036
3065
2955
2775
3707
2946
3006
3015
4228
2975
3977
2956
2715
3096
4218
2856
4328
2945
2695
2925
3256
2926
2925
2795
2956
2956
3176
3136
3046
2755
2795
2965
3066
2785
3116
3807
2995
3116
2945
2975
3046
4308
2986
4028
2956
2976
3126
3026
2675
4238
3016
3026
2695
4068
3116
3767
2775
2955
2826
2995
3096
6812
3036
2675
2765
2735
4288
3005
3076
3066
3016
3075
2986
3055
3146
4358
2986
3166
3006
3066
3206
3036
2915
3056
2846
3036
2945
3086
2895
3166
2164
3046
3085
2825
2856
3066
3006
2825
2816
3016
3046
3146
2966
2875
2735
2986
3016
2915
2916
3056
2765
3166
2966
2855
2916
2925
3066
2896
2965
2895
1633
2985
2915
2945
2855
1413
3056
2946
3236
2895
2986
2535
2775
2595
2866
3055
4258
3016
2504
2925
3226
2906
2094
2946
2575
2735
2996
2965
2104
2976
3386
2916
3176
2785
2094
2956
3075
2865
3106
2895
2004
2895
3056
2895
2685
2124
2786
2695
2945
2985
2915
2074
2855
2906
3046
2996
2826
2084
2956
2605
2866
3046
3006
2064
2796
2655
2885
2855
2825
2915
2825
3016
3006
2956
2776
2655
2936
2835
2945
2544
2495
3026
2816
3006
3006
3056
2785
2525
2735
2815
2465
3066
2024
3005
2695
2815
2706
2805
2905
2765
2685
2785
2866
2795
2885
2695
2845
2845
2925
2846
2935
2736
4919
2915
2905
2795
2906
2856
2775
2705
2966
3026
3046
2756
3005
3046
2905
2895
2795
2875
2845
2795
2856
2825
2845
2835
2875
2785
2825
2745
2736
2806
2775
2605
2756
2805
2485
2705
2405
2966
2995
3226
2786
2845
2584
2735
2785
2905
2976
2825
2865
2865
2896
2745
2775
2726
2895
2775
2685
3016
2535
2796
2956
2746
2816
2735
2836
2655
2675
2866
2735
3126
2855
2826
2895
2815
2604
2325
2986
2965
2976
2766
2084
3136
3326
2845
3166
2705
3246
3156
2765
2815
2835
2725
3166
2785
2645
2575
3076
2815
2615
2816
2024
2875
2845
2735
2975
2835
2034
2775
2896
2926
2796
1974
2685
2104
2785
2835
2825
2956
2685
2885
2825
2785
2034
2816
2845
2665
2094
2826
2094
2766
3076
2846
2926
2756
2715
1362
2705
2605
2865
2936
2625
2775
2715
2885
2866
2134
2545
1994
2886
2875
2675
2785
2054
2925
2765
2855
2926
2826
2755
2835
2856
2785
2775
2825
2825
2856
2845
2875
2786
2785
2775
3126
2816
2655
2745
2705
2895
2505
2725
2835
2906
3717
2755
2805
2836
2906
2515
2785
2916
2876
2935
2504
2765
2826
2685
2976
2925
2805
2695
2665
2605
2725
2926
2735
2695
2826
2785
5119
2715
2886
2945
2875
1964
2946
2605
2865
2204
2775
1943
2836
2474
2876
2745
2765
2805
2885
2054
2775
2625
2155
2645
2675
2746
2124
2815
1473
5560
2084
2765
2595
2745
2916
2836
2765
2765
2675
2895
2936
2856
2906
2745
2595
1903
2845
2695
2835
2935
2705
2104
2756
2074
2866
2915
2014
2915
2756
2725
2164
2575
2084
5340
2705
2024
2846
2044
2685
2043
2986
2786
2825
3126
2785
1343
3116
2815
2896
2795
1944
2705
2685
2805
2745
2705
2725
2855
2725
2886
2635
1933
2705
2855
2695
2575
2094
2835
1984
2796
2494
2615
2003
2675
1914
2495
2554
2786
2825
2735
2004
2625
2695
2805
2735
2715
2014
2444
1954
2685
2715
2835
1943
2644
1964
2785
2695
2805
2665
2484
3707
2766
2074
2795
2725
6713
2494
2685
2074
2785
2905
2023
3045
2394
2785
2795
1883
2795
2565
2766
2765
2184
2765
2615
3106
2445
1883
2775
4869
2625
2735
2595
2054
2665
2014
2725
2735
2735
2575
1973
2776
2695
4930
2575
2795
1914
2735
2695
2725
2716
2084
2445
2515
2655
2695
2655
2925
2525
2525
2635
2685
1954
2745
2685
2785
2895
2495
1954
2765
2545
2775
2755
2796
1924
2776
2494
2765
2936
2795
2785
2795
2695
2866
2625
2725
2695
2635
2705
2053
2695
2174
2785
1393
2605
1413
2725
1393
2535
2635
1382
2675
2916
2574
2485
2595
2966
2515
2756
2615
2955
2755
2645
2715
2505
2775
2746
2715
2715
2705
2715
2675
2896
2735
2574
2716
2706
2495
2785
2785
2775
2765
2815
2835
2455
2444
2475
2736
2665
2816
2695
2855
2786
2836
2655
2445
2675
2655
2705
2795
2615
2765
2575
2565
2605
2785
2705
2595
2625
2325
2434
2595
1233
2605
2415
2495
2515
2384
1793
2544
2585
1933
2665
1933
2675
2335
2585
1854
2294
2735
1823
2544
2555
1864
2735
2515
2475
2575
1894
2635
1823
2525
2745
2635
2575
2455
2645
1884
1974
2585
1974
3146
1282
2905
1533
2404
1292
2425
1523
2385
1392
2344
1373
2545
2004
2494
1373
2465
1823
2405
1393
2475
1373
2534
1372
2354
1423
2365
1964
2554
1392
2094
1392
2946
1503
2164
1342
2124
1473
2455
1553
2896
1242
2605
2354
2555
2525
2585
2555
3176
2695
2495
2665
2284
2565
2635
2464
2584
2725
2365
2445
2886
2525
2635
6983
2545
3557
2615
2555
2555
2895
2665
2625
2564
2575
2515
2635
2465
2524
2505
2946
2545
2635
2585
2705
2605
2635
2565
2746
2505
2555
2615
2765
2495
2445
2595
2635
2334
2625
2445
2735
2625
2575
2355
2415
2475
2635
2564
2605
2465
2474
2445
2474
2715
2445
2676
2625
2455
2455
2595
2665
2535
2484
2565
2424
2484
2494
2645
2685
2725
2715
2585
2766
2555
2515
2775
2595
2595
2564
2615
2444
2595
2565
2585
3526
2535
2625
2615
2615
2635
2444
3276
2384
2625
2264
2494
2294
2424
2765
2665
2395
2334
2665
2385
2425
2605
2565
2415
2365
2465
2435
2615
2675
2574
2454
2444
2595
2515
2474
2505
2464
2605
2515
2495
2515
2545
2244
2394
2324
2585
2525
2465
2505
2264
2494
2465
2535
2474
2495
2435
2485
2525
3026
2535
2494
2485
2455
2665
2465
2575
2675
2544
2494
2485
2485
2535
2665
2475
2675
2515
2465
2415
2464
2405
2495
2494
2404
2374
2485
2515
2685
2234
2535
2194
2284
1714
2364
2364
2595
2525
2845
2444
2545
2394
2555
2405
2404
2374
2364
2124
2134
2535
2625
2504
2454
2936
2405
2515
2284
2245
2525
2465
2414
2504
2435
2524
2645
2414
2474
2455
2494
2424
2755
2484
2374
2495
2515
2374
2655
2464
2475
2445
2424
2385
2435
2535
2435
2374
2475
2455
2635
2535
2445
2304
2475
2544
2455
2384
2465
2434
2464
2765
2454
2335
2484
2605
2334
2454
2364
2535
2415
2375
2455
2404
2345
2435
2324
2455
2404
2405
2535
2535
2374
2224
2796
2716
2514
2485
2505
2495
2384
2394
2935
2365
2444
2475
2445
2364
2424
2725
2505
2605
2324
2375
2515
2534
2545
2464
2415
2464
2575
2385
2404
2364
2234
2384
2355
2355
2375
2475
2425
2324
2264
2444
2194
2245
2765
2164
2355
2414
2735
2405
2404
2314
2364
2444
2375
2394
2314
2335
2195
2164
2254
2404
2475
2164
2264
2295
2394
2364
2394
2605
2454
2294
2304
2284
1894
2365
2454
4999
2274
2485
2275
2404
2735
2415
2374
2334
2445
2404
2375
2384
2424
2354
2425
2314
2354
2245
2374
2245
2535
2274
2575
2385
2424
2354
2425
2405
2345
2384
2675
2114
2484
2525
2324
2314
2395
2134
2324
2424
2344
2324
2324
2635
2244
2345
2395
2405
2184
2435
2364
2294
2535
2244
2315
2375
2334
2424
2334
2324
2414
2374
2405
2464
2455
2124
2364
2424
2094
2184
2264
2315
2425
2374
2314
2284
2685
2404
2254
2505
2375
2144
2264
2344
2514
2485
2525
2224
2355
2464
2385
2335
2394
2305
2304
2404
2144
2305
2595
2445
2335
2324
2345
2424
2395
2174
2404
2284
2354
2364
2665
2575
2124
2384
2404
2515
2094
2204
2144
2274
2364
2434
2305
2395
6813
2264
2294
10791
2325
2485
2365
2344
2365
2465
2274
2474
2344
2284
2274
2215
2355
2444
2365
2084
2334
2314
2365
2455
2445
2314
2254
2264
2094
2565
2235
2244
2224
2034
2295
2334
2254
2154
2285
2605
2294
2295
2314
2074
2364
2334
2284
2345
2485
2244
2305
2064
2244
2455
2174
2254
1983
2244
2265
2325
2254
2254
2254
2344
2315
2124
2264
2225
2264
2254
2034
2275
2264
2054
2294
2034
2124
2455
2504
2194
2414
2064
2164
2134
2074
2295
2335
2365
2335
2104
2305
2204
2474
2114
2544
7815
2214
2064
2044
2234
2294
2365
2344
2063
2094
2104
2275
2365
2194
2114
2395
2295
2354
2194
2324
2414
2365
2295
2084
2294
2224
2314
2364
2274
2124
2224
2415
2064
2344
2174
2264
2214
2304
2354
2254
2305
2284
2185
2245
2234
2355
2365
2254
2245
2184
2335
2254
2064
2024
2224
2625
2104
2365
2354
2264
2164
5430
2174
2294
2304
2054
2254
2284
2264
2484
2294
2314
2304
2355
2184
2184
2124
2355
2245
2254
2094
2344
2274
2234
2375
2224
2274
2244
2194
2084
2195
2074
2314
2324
2415
2214
2294
2174
2265
2314
2584
2274
2314
2254
2195
2364
2194
2394
2254
2164
2394
2194
2024
2154
2375
2254
2285
2094
2324
2324
2395
2144
2104
2014
2434
2244
2024
2204
2214
2294
2245
2355
1993
2314
2084
1944
2214
2374
2094
2154
2114
2335
2294
4197
2164
2224
2074
2074
2043
2234
2234
2245
2104
2154
5510
2234
2285
2285
2184
2234
2174
2144
2134
1944
2104
2294
2204
2425
2224
2315
2004
2254
2144
1974
2164
2234
2124
2284
2124
2154
2014
2184
2204
2104
2355
2195
2585
2034
2284
2405
1934
2184
2204
2144
2154
2194
2134
2154
2124
2094
2224
2204
2004
2765
2154
6873
2264
1994
2104
2184
1994
2214
2064
2184
2084
1954
2023
2154
1884
2164
2144
2405
1994
2244
1964
3287
2023
2034
2204
1984
2014
2224
2104
1964
4699
1984
2204
2194
2254
2194
2285
2234
2655
2074
1964
2275
2274
2254
2275
2164
2225
2114
2224
2264
2215
2114
2084
1994
2104
2255
2154
1974
1914
2164
2053
2204
2014
1964
2013
2335
2144
2194
2225
2014
2024
2174
3206
2054
2245
2054
2195
2264
1934
2044
1984
2084
2234
2975
2244
2414
2204
3005
2024
1944
2004
2284
2234
2975
2225
2695
2044
2264
2454
2244
3226
2144
2144
2063
2976
2314
2294
2113
2295
1933
2014
2004
2525
2224
2314
1863
2174
2294
3046
2003
2134
2284
2234
2225
3136
2705
2344
1964
1954
2104
2054
2194
2014
1873
2004
1964
2084
1924
1873
1874
2024
1894
1984
2114
2024
1964
2174
1914
1503
1923
2033
2344
2034
2114
2034
1894
2064
2074
1883
2215
1963
2205
2084
1984
1943
2204
2014
2114
2034
13716
2044
2034
2054
1903
2033
2124
1783
2014
2013
2124
1953
2104
2064
2244
2855
2345
2615
2174
2084
1964
2064
1933
1853
1923
2154
2064
2074
2073
2034
2215
2094
2074
2074
2134
2665
1974
2104
2094
2014
2135
2104
2215
2114
1924
1954
2224
2084
2104
1984
2003
2184
2034
2024
2104
2043
2084
2285
2174
2093
1994
1884
2024
2204
2144
2174
1984
2014
1993
2194
2084
3217
2104
1493
2004
2074
1944
2013
2244
2084
2013
2195
1984
2004
2054
1473
2104
2114
1954
1823
1984
1973
2144
2044
2024
2895
1974
2314
2134
2004
2104
2024
1974
1964
2134
2024
2043
2134
3427
1994
2154
2043
1062
1983
1934
2004
1503
2084
992
2254
2304
2044
1613
2084
2124
1943
2024
2004
2154
2335
2053
1983
2033
2084
2034
2024
1993
2004
1903
1924
2124
2114
1964
2124
2094
1994
2054
1984
1843
1933
1964
2114
2024
2103
1974
2044
2134
2114
2024
2205
2054
1763
1903
932
1964
952
1964
2024
2003
1924
1894
2034
1873
1733
1834
1914
1773
1894
1703
1673
1814
1924
1964
1944
1963
2064
1933
1874
1973
1342
1843
2145
1844
1944
1964
2044
1913
1963
2214
1853
1924
1933
1893
1603
2114
1864
1984
1924
1873
1773
1954
1924
1923
2094
1964
1843
1833
1853
1863
1864
1984
1964
1874
1744
1823
1834
2645
1874
1803
1814
2014
1834
1914
1903
2004
1903
1833
1833
2234
1783
2875
2024
1994
2094
1994
1934
1993
1984
1864
1964
1893
1793
2064
1873
1954
1934
1964
2043
1894
1934
1954
1854
1954
2645
1843
1834
1784
1913
1964
1984
1874
1923
1924
1893
1933
1873
1783
2434
1873
1944
2034
1904
1923
1824
1833
1934
1864
1944
2174
1953
1804
1884
1883
1823
1904
1983
1974
1984
1914
1894
1894
1804
1914
1803
1984
2044
1804
1733
1844
1934
1903
1764
1863
1723
1994
1944
1794
4248
2044
1853
2024
2004
1914
1984
1983
1954
1453
1924
1443
1954
1953
1984
2053
1954
1413
1903
1814
2044
2004
1954
1853
1743
1854
1913
1983
2034
2004
2174
1853
2014
2094
1864
1903
1864
1984
1894
2014
1934
2154
