1092
3467
5780
5070
7223
5160
7214
3778
7324
5120
7624
3727
6733
3597
6863
3527
7033
3627
6883
3557
6973
3537
6893
5280
7203
5360
6873
3467
6862
3536
7113
3516
6953
3536
7163
5140
6903
3566
6973
3607
6913
3507
6853
4178
6853
3566
6954
3957
7093
5431
7394
3547
7063
3507
7174
3957
6863
3667
7073
5019
7294
3407
7194
3988
7203
5390
6954
3627
7885
3677
6873
3907
6913
5350
7173
3547
6933
3647
6993
3537
6873
3557
7173
5280
7314
4007
6963
5240
6883
6712
7103
3567
6723
3516
6582
4048
6913
3517
7093
3627
7294
5431
8456
3466
6873
5230
7284
3586
6924
3587
6863
3847
6923
3657
7615
5330
7154
3526
7083
5169
7183
5501
6943
3477
7084
4028
6973
4098
6673
3507
6823
3637
7364
5330
6963
4028
6823
3537
6883
3627
6772
5220
7324
5230
7074
3557
6823
3456
6873
3937
7263
5230
7093
3477
6833
3587
6823
4388
6983
3656
6953
3527
7103
5380
6983
3947
6813
3476
6883
3556
6983
3496
6793
3527
7043
5250
7053
3477
6663
3907
6733
3587
7063
4008
6873
3526
6843
3677
7073
3968
7063
3497
6823
3486
6863
5149
7053
5411
7694
3567
7093
3998
7303
5300
6843
3526
6603
4609
6944
3938
6652
5290
6903
3576
6883
3346
7124
3527
7555
3506
6843
3988
6763
4018
7153
5050
6783
4038
7013
3497
6953
4018
6783
3977
6592
3998
6753
3988
6913
4028
7194
3847
6913
7164
7144
7234
7103
6943
7074
7224
7203
5200
7674
5160
7093
7084
7785
7294
5100
7364
7013
7124
7284
7033
7223
7093
6953
7184
7163
7424
7204
7284
7053
6983
7233
5120
7054
7274
7394
7023
6842
8746
7314
7103
6953
7124
7234
7153
6672
6913
7243
6923
7174
7324
7073
6583
6412
7063
7243
7234
6973
6672
7173
6783
6833
6863
7323
7334
7023
7143
7053
7134
6923
7183
28053
7143
7244
7234
7353
7464
7123
7584
6893
7154
8576
7283
7294
7023
6953
5129
6572
7274
7053
7083
6943
7183
7243
7013
6923
7063
7043
6442
7023
7084
7123
7264
7064
7173
6943
7264
7224
7273
7123
7354
6973
7123
7184
6963
7213
7353
7113
7053
7454
7103
7474
3887
6803
7244
7404
7915
6673
7344
6613
7063
6693
7344
7183
7163
7263
7344
7224
7123
6873
7054
7103
7284
6833
6843
7194
7023
7203
7304
6853
7074
7224
7153
7234
7283
7073
6963
7063
7314
7013
7114
7154
6713
6933
7033
6953
7103
7233
7284
6752
6893
6482
7154
7143
6983
6853
7214
6983
7104
7013
7203
7354
7133
7014
6973
7063
7193
6553
6402
6974
6903
6783
7143
6984
6993
7144
7113
6812
7384
7154
7123
7003
6863
6953
7173
7114
7234
7014
6933
7734
6903
7213
7183
7123
6993
7083
6983
7063
6973
7273
7013
7033
6853
7083
7173
7053
7204
7044
7053
7254
7063
6863
6622
7113
6973
7003
6803
7224
7073
7153
7074
6763
7113
7003
6863
7074
7124
6392
7104
6503
6513
7153
6582
6593
6853
6903
7284
7084
7163
7294
7053
6773
9218
6693
6652
7003
6532
6612
7264
7063
6683
6963
7033
7074
7063
6923
7124
6873
7234
6963
7123
7153
7154
6742
6893
6913
7183
7024
7164
7093
6903
6944
6893
7244
6873
6853
6823
6873
7114
6573
6382
6993
6863
7103
6402
7264
7003
6994
7053
6432
6592
7364
6722
6863
7114
6433
7213
6903
6954
6993
6523
7124
7133
7585
6733
6883
6523
7164
6402
6262
6863
7183
7094
6352
6372
7074
7154
7013
6963
6532
6923
7223
6963
7103
6772
7074
6322
8696
6893
7164
6883
8276
6312
6643
7003
6923
6943
7243
6913
7084
6211
7043
6372
7053
6833
7064
6142
7184
6302
6442
6883
6953
6873
6823
6793
6001
6422
6973
6843
6693
6983
6352
6964
6893
7153
6873
6252
7113
6994
6853
6693
7033
6823
6803
7063
6372
6883
7013
6812
6412
6031
6772
6302
6733
7083
6672
6993
6412
6422
6984
6362
6332
6623
6862
6202
7094
6522
6963
6843
6422
6121
6282
7013
6632
6402
7104
6352
6342
7083
7043
6803
6583
7103
7003
7213
7003
6974
6944
6863
7133
6883
6833
6893
6953
6452
6833
7033
7023
6182
6352
7073
6562
6873
6783
7243
6953
6051
6883
6933
6943
6862
6883
6933
6883
6613
6873
6984
6983
6813
6933
6983
6832
6292
6251
6202
5951
6923
7174
6813
4899
6382
7023
6693
7244
6713
8696
6983
7454
6883
6592
6583
6812
6783
6903
6994
6953
6994
8486
6953
6903
7043
6893
6923
7014
6963
7073
7003
7203
6883
8306
7183
7824
6753
6943
7123
6813
6873
6412
6432
7013
7043
8155
6863
6602
6833
6802
6853
6663
7043
6673
7023
7073
6783
6883
7094
6913
7054
6633
7023
6893
6513
6863
7124
6793
7023
6983
6963
8576
6953
6543
6993
8215
7173
7163
6152
6953
6842
7033
6702
7123
6402
6652
4959
6813
6793
3647
6833
6583
6512
6863
6863
4920
7084
4819
6863
4698
6973
6692
6903
7033
6823
7083
4829
6883
6933
6202
6762
6983
7063
6712
6953
4969
7104
6933
6042
6813
6793
6733
4869
6813
6803
6863
6843
4939
7084
6843
6883
6572
6903
5861
6793
6412
5761
7814
4959
6993
6994
6713
6943
6893
6823
6813
6793
5972
7083
6753
6753
6993
7023
6272
7013
6983
6984
6643
6822
6993
6983
6603
6422
6692
6702
6923
7053
6222
6953
6442
6412
6823
6823
6903
7163
6934
6162
7014
6853
6792
6683
6562
8285
7163
6883
6112
7033
6853
6692
6954
6964
6933
6312
6823
6813
6973
6673
6532
6872
6592
6742
6152
6933
6943
6792
6372
6172
6983
6963
6623
7083
6222
6612
6863
7504
6692
6853
7003
6923
7494
6211
6843
6853
6231
6763
6973
6953
6302
5771
6683
6793
6933
6221
6893
6673
6021
7103
6713
7014
6732
6663
6803
6742
6462
6572
6832
6722
6843
6803
6612
6722
7014
6813
6131
6773
6803
6222
6272
6282
6613
7094
6903
6132
6272
6222
6622
6873
7023
6182
6663
6812
6883
6252
6562
6893
6823
6973
6863
6722
6793
6772
6302
6683
6943
6793
6723
6753
5992
6532
6863
6883
6773
7124
6622
6643
8446
6662
6623
6052
6612
6051
5911
6071
6302
6021
6612
6352
6613
4989
6763
6703
3286
6913
6653
6563
3537
6943
6813
6452
6392
6382
6532
6332
6742
6623
6202
6342
6252
6572
6883
6663
6693
6573
6753
6112
6402
6743
6523
6593
8136
6212
6542
3216
6562
3276
6532
6772
6964
6262
6232
6553
6382
6843
3226
6953
6532
6632
6382
6262
6933
6783
6783
3266
6793
6662
6723
6341
6482
6232
6302
3256
6733
6582
6533
6692
6352
6412
6603
6823
6672
6402
6212
6171
6612
6512
6562
6392
6422
6903
6763
3186
6723
7133
6642
6261
6271
7274
3216
6662
3407
6443
6813
7795
6292
6403
6332
6572
6653
6743
6262
6382
6332
6772
6572
7113
7664
6472
6252
6472
6132
6302
6643
6492
6723
6633
6503
6502
3407
7885
6302
6563
6853
6392
6382
7294
3206
6342
6292
6763
6743
6532
6542
6453
5320
6322
4859
8777
5430
6492
5360
3156
6562
4789
6332
3216
6772
4739
6763
3266
6723
4659
4849
5991
5550
6503
6071
3537
4949
6162
5250
6392
3506
4729
6472
5491
6683
6492
3577
5991
6372
5490
6823
4729
4809
6432
5300
6302
5821
4809
4648
6662
4649
6703
5851
4719
5761
4508
4859
6512
6663
4609
6673
6001
6252
4759
6202
4759
6803
5951
3446
5370
6623
6442
4819
6583
6612
5891
4529
6181
6072
4719
6622
6682
6683
4739
6652
3166
4840
6492
3256
6102
4538
6683
4749
6563
4589
6442
3166
6452
4839
6572
4819
6482
4649
6453
4749
6463
3507
4899
6673
3366
5891
4639
6572
4689
6282
7184
6492
6632
6402
6662
6292
6883
6252
6712
6351
6532
6702
6723
6392
4789
6532
4529
6011
6201
7895
6272
8196
6673
6763
6443
6762
6101
6573
5891
6552
6772
6883
6102
6452
6722
5871
6662
6642
6542
6802
6142
6151
6723
6672
6452
6422
6723
6673
5992
6482
6472
6463
6292
6482
6212
6072
6663
6793
6672
6442
6763
6592
6573
6473
6692
6362
6603
6362
6673
6533
6712
6161
6332
6282
6342
6011
6412
6212
6211
5981
6282
6612
6402
6713
7975
6372
5951
6492
6693
7003
6663
6472
6692
6643
6262
7134
5851
6582
6562
6642
6753
6562
6652
6552
6382
6633
6552
6582
6121
6622
6152
4879
5891
4759
6602
5891
6532
6052
5921
6723
6633
7744
6061
6492
6623
6492
6342
6643
6492
6382
6542
6242
6311
8115
6232
6332
6422
6332
6312
6623
6091
6482
6152
6222
6572
3486
6582
6642
3326
6502
3447
6653
6211
6372
6502
6342
5941
6442
3307
5209
6382
5280
6453
5209
6453
6021
6522
6162
6482
6132
6712
6001
6603
6062
6683
6232
6522
3586
6181
6462
5149
6703
3326
5731
6592
6562
5300
6042
6212
5901
6452
6372
6021
6472
6442
6412
6061
6672
6532
6011
6242
6462
6281
6442
6432
6272
6312
6452
5961
5981
6261
6292
8185
6693
6232
6221
6402
6683
5871
6292
6102
6182
6021
6272
6382
6312
6572
6212
6392
6522
6693
5881
6021
6432
6522
6462
6603
6161
6011
6012
6272
5891
6042
6061
6341
6623
6632
6492
6171
6331
6643
6432
6312
6021
6211
7905
6162
6071
6021
6402
6482
6723
6683
6112
6202
17172
6221
6332
6162
6051
6673
6483
6513
6483
5972
6051
6041
6232
6382
6201
5931
6232
6442
6472
6352
5300
6081
5200
6352
5971
6352
6051
6553
6372
6382
6352
6292
6111
6222
6122
6512
6572
6151
6011
6492
6442
6573
6161
6222
6132
6502
6532
6532
6021
8436
6422
6662
6172
6041
6031
6292
6653
6392
5952
6252
6321
6412
6422
6532
6132
6151
5821
6091
6032
6112
6072
6022
6542
6342
6171
6372
6072
5861
5991
6031
5962
5721
6072
6483
6442
5931
5831
6262
6382
6362
6052
6883
5871
5932
6022
5731
6352
6472
6532
6422
6713
5891
6181
6122
6112
6141
5801
6502
6722
6683
6071
5901
6302
6463
6181
6022
5811
6222
5871
6272
6312
6192
6392
5921
4449
6572
6412
6372
4419
5851
5891
5741
6272
6322
6473
5700
6001
6171
6473
6342
6292
6332
6473
6282
5971
6062
5961
5901
5009
5971
4569
6322
5981
6062
5871
6492
6081
6072
6092
5921
6091
5821
5992
5921
6112
6262
6402
6191
6382
6041
5680
6362
6532
5751
6613
6402
6382
6282
6201
6182
6342
6352
5861
5741
5661
6332
6392
6091
6072
6301
6292
6583
6322
5701
6473
4438
6492
4719
6302
5470
6523
5790
6302
4759
6202
4669
6172
6482
5731
7143
5570
6312
6502
5821
3547
6672
6152
4448
6443
4518
5531
6272
6412
6532
5991
5791
5780
5831
6311
4569
6492
4638
6422
6362
6462
6342
6292
4789
6121
4479
6222
5770
6462
4498
6242
6051
4719
5851
4428
5981
6252
6102
4518
6492
6382
4518
5771
6522
4529
6302
6322
6372
6031
6272
6171
4478
6171
6202
4429
6212
6132
6082
6021
6272
6221
6132
6191
6262
6382
6402
6132
5811
5971
6061
5831
5670
6202
6022
6322
6462
6112
6412
6312
5611
6131
6121
6051
6382
6261
6262
6152
6081
6112
6282
6211
6182
5490
5650
6111
6332
6262
6312
6352
6282
6292
6241
6112
5751
5581
6202
6071
6321
6052
6132
6202
6272
6041
5992
6242
6311
6112
6262
6091
6432
6202
5981
6282
6452
5471
4429
6492
6212
6101
6261
6433
3457
5962
5831
6001
6332
3427
9357
6262
5911
5710
5590
5731
6131
6102
5540
6281
6362
6272
6282
6463
6252
6362
5921
6352
6042
6182
6322
6192
6412
5520
6452
6162
5530
6142
6382
6212
5731
6162
3156
5841
5590
6692
5881
6422
4599
6392
5481
6162
6212
5902
4498
6332
5781
5971
6322
6302
4830
6262
6372
5450
6823
5961
6301
5941
5670
6572
6943
5881
5630
6292
6201
6191
5640
6262
5741
6412
6182
6332
6412
6112
6091
6382
5941
7594
5661
6181
5650
7224
6031
6031
4449
5630
4429
7614
6042
6172
6061
6312
6162
6082
6472
6071
6201
6151
5500
6181
9137
6091
6432
5751
6201
7925
6132
6432
5991
6151
6292
6302
6191
5841
6091
6001
5941
4238
6192
6081
6221
5711
5460
6132
6232
6212
6152
5981
6071
6242
6301
6052
6001
8556
6151
5460
6192
6072
6081
6031
6221
6011
6121
5971
6162
5992
6132
6062
5731
5450
6111
6082
6232
5521
6292
6242
6112
6182
6392
6342
6062
12464
6041
6051
6252
5921
6162
6052
5460
6041
5731
5841
5290
5941
5901
6092
5481
5570
6362
6222
6292
5450
6042
6172
5451
5961
6101
6081
6072
6122
6202
6252
6031
5961
5530
6221
6382
6052
5581
5591
6052
5521
5440
5781
5991
6152
6001
5721
6082
6171
6322
6142
6031
5881
6011
6111
6302
6042
6202
6241
5801
5641
5891
6282
5410
5431
5621
6071
6192
6282
5941
5390
6162
6262
5851
5631
5511
5871
6102
5300
5901
5650
7224
6092
6181
5961
6222
5992
6281
6062
5440
5169
5600
5821
6251
6172
5570
5901
5932
5600
6162
6272
5691
4248
5831
5711
6162
6242
6012
4509
5911
3406
5671
3246
5891
3316
6061
4428
5931
3446
5891
4508
6042
4578
5590
3026
5761
3396
5831
3286
5861
3417
5831
3286
5761
5700
3386
5831
3387
5751
3096
5741
5972
3045
5641
3417
5801
3276
5791
3357
5892
3306
5581
3407
5651
3416
5540
3366
5761
3366
6933
4468
8616
3256
3266
2896
6693
3416
5641
4568
5801
4208
7314
2996
5551
3396
16511
2966
5601
3016
5651
3307
5811
4138
5710
3286
5771
3386
5661
5250
6162
4498
6503
3587
5360
5581
3386
5590
5771
5450
5941
6423
5401
4108
5801
5831
6151
5882
5881
5921
6051
6152
9287
5871
6011
6182
6082
6111
5641
6041
5971
5911
6072
5510
5511
5660
4309
5741
5831
4248
5921
6292
4168
5701
5640
6673
6192
6051
5330
5540
4278
5400
5750
4298
5410
5841
5941
5751
5811
5941
6082
6021
5991
6192
5811
5651
5790
5991
5911
6022
5390
5661
6052
5961
6072
5470
5981
8486
5901
5701
5410
5611
5340
5991
6041
5350
5981
6182
5621
6061
28333
5771
5902
5871
6041
5300
6012
5872
5811
5631
5760
5781
5280
5781
5790
5620
6212
5691
5921
6182
5771
5641
5841
5961
5360
5871
6142
5961
5420
5290
5650
5921
6042
6002
5991
6122
6011
5841
6001
6141
5961
5901
6111
5411
5861
5921
5700
5921
5931
6122
6212
5801
5621
5991
5811
5410
5991
5961
6072
5921
6142
5931
6041
5550
5621
5991
6232
5971
6092
6673
5310
5420
5140
5902
5750
6012
6001
5861
6061
5600
5660
4278
5310
5420
5441
5811
5981
5451
5740
5490
5701
5911
5961
5942
5009
6131
6042
6102
5560
5290
5701
5481
5420
6152
6132
5981
5821
5811
5951
5871
5961
5169
5310
5952
5881
6041
5400
5891
5951
5390
5891
5841
5571
5700
6032
5471
5871
5801
5771
8286
5280
5892
5861
5601
5851
5390
5921
5400
5901
5901
5471
5831
5861
5781
5811
5901
5711
5661
5721
5280
6081
5841
5180
6022
5931
5791
5601
5500
5971
6061
5921
5210
6082
5841
5811
5801
5942
5440
3106
5771
5911
5951
5410
5901
5861
5911
6041
5720
5540
5320
5691
5951
5039
5831
6141
5941
5871
5741
5901
5851
5941
5972
6132
5560
5159
5942
5180
5230
5630
5631
5851
5691
5771
5891
5861
5821
6011
5811
5921
5801
5791
5731
5861
5751
4318
5290
5541
5991
4168
5991
5661
5741
5520
5881
4058
5580
5701
5550
5640
5701
5711
5531
5460
5620
5581
5551
5761
5811
5720
6021
5590
5711
5571
5791
6012
5741
5580
5410
5590
5750
5951
5701
5821
5560
5550
5480
5480
5581
5601
5631
6783
6101
5750
6022
5460
5660
5520
5530
5761
5691
5220
5381
5521
5791
5731
5390
7544
5501
5560
5751
5450
5420
5631
5390
5621
5540
5640
5691
5741
8356
5650
5671
5780
5780
6212
5510
5420
5691
5771
5921
5361
5511
5771
5821
5250
5370
5491
5210
5300
5520
5510
5951
7975
5700
6001
5791
5460
5470
5411
6041
5740
5851
5941
5831
5590
5440
5611
5811
5691
5730
5731
5490
5560
5751
5310
5320
5170
4959
5781
5811
5530
5361
5600
5290
5760
5310
5721
5771
5831
5561
5641
5210
5260
5250
5871
5661
5621
5660
5030
5831
5912
5550
5290
5510
5230
5109
5050
5521
5720
5800
5801
5601
5510
5751
5710
5831
5861
5561
5681
5650
5801
5911
5650
5100
5841
5290
5751
5690
5700
5821
5871
5690
5761
5611
5801
5851
5961
4308
5681
4047
5610
5881
5841
9819
4098
5831
4208
5841
5901
5761
4188
5921
4238
5922
4318
5680
4128
6092
5611
4127
5902
5700
5971
4188
5140
3015
5340
4118
5641
6242
5941
4268
5080
4078
5731
5210
5520
5741
5751
5801
5421
4308
5871
4158
5691
5661
4137
5942
5481
5330
5560
5761
5911
5931
5721
7845
5210
5691
5370
6422
5631
6542
5941
5621
5491
5480
5761
5981
5681
5731
5260
5390
5521
5681
5440
5310
5250
5461
5370
6813
5280
5590
5560
5730
5721
5640
5490
5170
5380
5671
5711
5791
5330
5400
6492
5711
5581
5370
5170
5610
5561
5480
5841
5490
5390
5159
5561
5431
5700
5480
5731
5511
6583
5410
6031
4989
5421
5580
5320
5701
5931
5340
5530
5470
5530
5260
5390
5380
5440
5941
5350
16351
5200
5580
5821
5710
4108
4949
5420
5661
5190
5210
5620
5230
4628
5560
4479
5430
5671
6162
4679
5591
4087
6001
5650
5670
5530
5550
4138
5640
4098
5811
3947
5631
5260
5360
5641
2996
5421
5580
5631
4939
5580
5100
5621
5520
4669
5120
4078
5861
5210
5641
5721
5490
3998
5651
5270
5731
4088
5471
4268
5721
5060
5621
5630
3978
5651
4158
5340
5270
5972
4088
5500
3066
5210
5280
4989
7935
5871
5460
5280
5210
5500
5150
5491
4959
5761
5651
5180
3888
5801
5700
5781
4087
5841
4218
5570
5791
5410
5260
5330
5239
5972
5310
5330
5120
4028
5631
5220
5551
4048
5841
3867
5631
5039
5891
5761
5891
5771
5861
9768
5771
5019
4037
5550
5961
5721
5691
5701
5300
5140
5189
5170
5390
3917
5721
5490
5651
5791
5681
3898
5570
4799
5280
5550
5500
5500
5440
7524
5160
5110
5099
5540
5601
5560
5119
5069
5471
5340
5580
5300
5120
5170
5560
5461
5701
5600
5640
5540
5741
5430
5480
5060
5581
5561
5530
5461
5310
5080
5260
5120
5660
5130
5139
5671
4920
5160
5110
4849
5650
5520
5640
5130
5080
5721
5020
5421
5550
5460
5551
5621
5380
5470
5340
5310
5591
5269
5541
5461
5881
5360
5560
5520
5310
5150
5300
5511
8516
5630
5340
5039
5100
5631
5500
5691
5451
5590
5330
5420
5651
5550
5501
5701
5530
5540
5700
5330
5571
5681
5480
5710
5430
5671
5741
5621
5610
5490
5741
5300
5250
5370
5560
5400
5330
5511
5320
5550
5470
5371
5310
5611
5701
5530
5561
5430
5550
5510
5581
5581
5460
5610
5259
5250
5491
5381
5681
5500
3948
5259
5511
3997
4959
3927
5690
5641
3006
5501
4318
5851
5571
3987
5671
5380
4078
5360
5350
5330
4358
5019
3967
5761
5070
5370
5510
5510
5971
5590
3897
5781
7784
3907
5791
5601
3918
5340
5560
5641
5230
5240
5420
5551
4820
5471
5681
5911
5641
5551
5401
5009
5260
5180
5270
5400
5741
5721
4919
5450
5481
5560
5590
5441
5481
5520
5500
5580
5540
5470
5570
3857
4990
4929
4859
5430
5530
5470
5079
4920
6191
5460
5461
4849
5250
5460
5441
5350
5109
5620
4769
5530
5550
5470
5190
4919
5570
5430
5330
4939
5150
5360
4839
4950
5010
5430
5551
5370
4849
4909
5540
5500
5451
5230
5381
4959
5330
5360
5430
4869
5080
5320
5551
5290
5430
5350
4769
5010
5391
5380
5371
4869
5250
5390
4789
5350
5581
5801
4829
5210
5009
5090
5370
4900
5200
5471
7815
5130
4930
5470
5320
3828
5440
3968
5510
5391
5590
5330
6201
5340
5351
5119
5049
5139
5300
5120
5460
5240
5420
3887
5510
5661
5009
5080
5020
5640
5340
5631
5370
5240
5400
5340
5450
5481
5530
5360
5600
4779
5390
5420
4999
5561
5401
5250
5370
5440
5530
5400
5330
5470
5400
4949
5500
5360
4949
5209
5320
5380
5280
5490
4759
8636
5089
4839
5431
5310
5470
5420
5540
4709
5420
5401
5160
5149
5440
5590
5280
5440
4909
5110
4799
5130
5230
5239
5260
4769
5070
5099
5401
5611
5270
5300
5180
5340
5531
5570
5340
4869
5451
5601
5490
5601
5401
4859
5430
5570
4889
4949
4959
5370
5270
5260
4929
5571
5320
5470
5350
4849
5300
5430
5480
5269
5300
5480
8025
5220
5089
4779
5510
5370
5391
5361
5200
5571
5320
5370
5120
5310
4970
5120
5150
5030
4850
5401
4859
5540
5269
7685
5060
4890
3727
5440
5049
5290
5290
5460
5229
5440
5730
5130
5390
4779
5411
3637
5401
7404
3637
5320
5199
3958
5380
5280
5340
4960
5179
5060
4839
6191
5070
5962
3847
5481
3808
5300
5180
3767
5109
5461
3727
5270
3858
5531
24577
5280
3857
5149
5240
3847
5260
5300
3848
4779
5460
3667
5320
5260
3938
5219
5210
3907
5391
5390
3867
5360
5440
3727
5591
5550
3727
5640
5290
5250
5060
4999
5140
3837
5029
5099
3857
4930
4839
3627
4829
5199
3987
5380
5571
4849
5130
5040
5119
3667
5290
7875
3797
3878
4990
4068
5560
4759
3817
5420
3757
5410
3848
5220
3867
5300
3887
5330
3807
5109
3847
5320
3667
3738
3887
5330
3837
5360
3707
5411
3667
3797
4799
3807
5521
5009
5581
5391
5300
5290
3877
3757
4939
3947
3947
5440
3847
4919
3827
5240
5300
3827
5230
5330
3877
5320
5219
5360
5390
3767
5430
5390
5290
5400
5300
5370
5370
5230
4669
8496
5371
4969
4840
5250
4619
4839
5300
4719
4810
5080
5210
5120
5350
4688
5230
5210
5260
4769
5090
4810
4739
5240
5109
5009
5380
4609
4939
5150
5000
5320
5110
5049
5260
5280
5260
5410
5350
5120
5270
5280
5139
5110
5190
5350
5390
5310
4839
5210
5520
5340
5210
5290
4879
5270
5320
5230
5239
5200
5119
5280
3928
5079
3777
5270
5139
5179
5300
3727
5140
5119
5190
5129
5250
3677
4679
5230
5030
4659
5280
5240
4939
5090
4929
5360
5290
5039
4859
5440
5029
5330
4969
4850
5140
5099
4869
4489
4939
4849
4608
5100
5159
5049
4769
5160
5130
4729
5009
5300
5230
5190
5230
5210
5460
5150
5270
5079
5110
5250
5350
5270
5250
5180
5240
4819
5461
4930
5130
5851
5150
5220
5280
4850
4930
4879
5140
4849
5360
5150
5140
5351
5260
5089
5119
5420
5049
5370
4839
5120
5270
5210
4539
4900
4939
5010
5210
5340
5250
5330
5260
4889
5230
5200
5070
5300
4980
5249
5230
5240
5090
5120
5089
5019
4890
5270
4899
4879
5209
4849
4879
4779
5471
5049
5259
5290
5160
5200
5250
5140
5240
4729
4939
4618
5040
5431
5089
5189
5120
5190
5370
5230
4969
5130
5029
5109
5120
5100
5069
5070
5049
4469
5230
5190
5199
5200
4850
5230
4549
5330
4999
5240
5300
5240
5080
4949
5170
4709
4940
5159
4899
4949
4829
4779
4639
5039
5130
5210
5179
5130
5210
4969
5199
5320
5000
5159
5100
5160
5080
5240
5050
4889
4658
4288
4589
5450
4969
5139
5090
4659
4709
4739
4930
4779
4739
4879
4698
13295
5200
4648
5420
5060
4950
4719
4559
4869
5099
5170
4970
5189
4849
5160
5130
5200
4548
5049
4669
5029
5200
4578
5050
5140
5210
5030
5240
5040
5260
5060
4538
4548
4619
5100
5230
5090
5070
5180
7194
5140
5179
4899
5170
5139
5140
5169
4599
5059
4638
4879
5270
5360
4568
4819
4559
5149
5030
5170
5019
4608
5070
4990
4559
4980
5060
4859
5060
4779
4859
4488
5100
4679
9137
4950
5189
4679
4809
4649
4739
5090
5110
5060
5169
5170
4678
5300
5069
5180
5129
5130
5170
5059
5149
5210
5260
5300
5100
4739
4679
4839
4688
5130
5260
5230
4989
5169
4910
4989
4729
5160
8927
4879
4649
4980
4659
5000
5109
4619
5070
4749
5099
5010
5009
5050
4799
4679
5310
5230
4649
5230
4679
5070
4969
5060
5049
4699
5090
4919
5060
4548
4749
4919
4839
4929
5049
4368
4949
5019
4819
5160
4739
4579
4498
5090
4468
5069
4519
4668
4588
4699
4789
4609
5080
5080
5030
5089
5020
4579
5160
5029
5209
4990
4509
4559
4960
5060
4909
8526
5070
4969
5129
4989
5089
5039
4959
4559
4628
5139
4979
4789
4829
5129
5029
5040
4879
4880
5119
4940
5120
4749
4489
4609
4298
4018
4469
4519
4659
4609
4658
4098
4619
5050
4588
4629
4969
4769
4950
4708
4759
4939
5049
4729
5099
4949
4809
5029
4769
4759
5109
4558
5060
5290
4698
5000
5109
4508
4869
4529
4769
4569
4479
4598
5220
4959
4919
5039
4869
4829
5030
5109
4980
4619
4959
4649
4489
4518
5039
4939
4920
5130
5079
5210
4929
4980
5060
5159
4919
5120
5069
5109
5049
4589
4379
4939
4979
5009
4529
5139
5100
4379
5009
5069
5140
4739
5070
4859
4889
4910
5040
5020
4879
4949
4909
5060
5010
4829
4919
5050
4608
5100
5020
4639
4739
4789
4999
4889
5049
4889
3426
5160
5240
3547
4909
5000
5190
4870
4939
4939
4919
5060
5019
4950
4759
4970
4889
4919
4929
5060
4849
4999
4779
4658
4679
4950
4959
4238
4809
4840
4819
5240
5150
4889
4528
4329
4378
4919
4809
4378
4929
5000
4839
5020
4519
4789
4388
4678
4779
4979
4849
4889
4438
4889
4739
5030
4929
4789
4859
4830
4849
4929
6382
4970
4929
4949
4819
4579
4528
4729
4899
4900
4809
4909
4949
4669
4598
4638
4909
4749
4649
4678
4609
4679
4829
4859
4809
4759
5010
4538
4889
4880
4468
4869
4849
4439
4899
4709
4970
4850
5050
5019
4950
4889
4378
4890
4969
4779
4929
4919
4899
4839
5110
4799
4939
5090
4849
5030
5080
4689
4759
4789
4479
4959
4889
5080
4438
4829
4548
4639
4899
4929
4679
4428
4509
4899
4919
4489
4879
4819
4458
4819
4418
4218
4779
4779
4468
3547
5109
4799
4909
4829
4388
3446
3386
4809
4829
4458
4930
5010
4879
5000
4989
4819
4950
4949
4929
4919
5060
4899
4348
4388
4980
4749
5000
4909
4979
5030
4678
4969
4729
4859
4739
4969
4919
4418
4769
4889
4869
5140
4889
5150
4789
4849
4980
4719
5019
4899
4829
4358
4809
4869
4819
4879
4849
4930
5110
4408
4959
5070
4839
4950
4939
5140
4859
4819
4769
4699
4889
4899
5120
4929
4699
4859
5029
5030
4869
4629
7735
4819
4738
4799
4759
4729
4549
4739
4839
4679
4559
4358
4679
4779
4769
4709
4989
4839
4619
4869
4930
4839
5009
4799
4809
4669
4528
4769
4739
4759
4147
4529
4829
4979
4579
4779
5050
4489
3546
4408
4568
3436
4910
4950
4268
4669
3286
4618
4548
4428
4970
4689
4599
4779
10690
4909
4679
4779
4819
4729
4779
4919
4708
5320
4449
4689
4729
5029
4578
4779
4268
4779
4509
4699
4859
4669
4779
4789
4618
4298
4789
4649
3557
4549
9498
4819
4689
4668
4478
4318
4679
4940
3436
4619
4849
4649
4679
4729
4539
4498
2614
4448
5510
2795
4708
5690
4669
5430
4809
5431
5160
4899
4939
4839
4729
4729
4668
2364
4608
4929
4668
4388
2575
4779
4800
4669
4729
4759
2244
4529
4839
4599
4840
4779
4599
4749
4569
5059
4318
4869
4799
4829
4749
4588
4679
4679
4539
4799
4809
4779
5670
4809
4548
4779
4929
4569
4839
4799
4578
4719
4569
4659
4819
7635
4488
4518
4479
4468
4899
4789
4669
4759
4929
4749
4508
4829
4719
4589
4839
4749
4588
4609
4859
4638
4900
4648
4548
4639
4689
4729
4739
4799
4880
4669
4889
4658
4458
4709
4598
3407
4359
4569
4698
4499
4729
4409
4749
3277
4649
4729
4057
4388
4489
4208
4829
4619
4669
4529
4338
4258
4528
4739
4468
4548
4349
4339
4208
4248
4518
4890
4658
4348
4288
4128
4609
4589
4138
4458
4288
4739
4569
4508
4398
4368
4268
4308
4548
4709
4428
4388
4288
4739
4479
4469
4328
4689
4148
4629
4559
4628
4218
4488
4719
4699
4518
4178
4378
4388
4218
4248
4358
4328
4648
4569
4268
4648
4769
4178
4438
4538
4870
4748
4298
4408
4318
4639
4238
4368
4279
4358
4799
4388
4559
4298
4368
4538
4579
4880
4468
4759
4118
4418
4328
4639
4569
4258
4078
4709
4719
4829
4559
4849
4248
4398
4248
4448
4439
4508
4589
4328
4518
4558
4369
4569
4408
4719
4238
4368
4188
4839
4869
4629
4288
4739
4628
4599
4739
4018
4659
4499
4809
4248
4759
4508
4268
4579
4829
4589
4689
4699
4608
4779
4759
4759
4799
4549
4528
4899
4609
4127
4809
4839
4749
4920
4289
4518
4358
4969
4318
4258
4468
4629
4549
4589
4889
4679
4539
4228
2465
4429
4188
4448
4679
4728
4558
4789
4759
3236
4809
2215
4459
4319
4108
4669
4298
3366
4539
3286
4719
4408
4489
4058
3357
4809
4609
4659
4198
4679
4658
4509
4499
4729
4608
4518
4719
4578
4108
3988
4649
4168
4338
4438
4418
4629
3998
4339
4348
4028
3236
4909
4608
4559
4468
4438
3256
4057
2404
4338
4118
4108
4238
4639
3186
4578
4098
4649
4499
4598
4168
4328
4138
3978
4318
4558
4448
4208
4428
4489
4679
4910
4449
4539
4629
4659
4118
4097
4088
4288
4559
4409
4468
3937
4008
4389
4258
4378
4178
4689
4699
4398
4117
4087
4539
3176
4258
4098
3326
4017
4709
3065
4078
4608
3256
4087
4709
3226
4729
4428
3317
4118
4118
4378
3246
7154
4077
4529
4158
3196
4478
4498
4328
4308
4518
3296
4288
4559
4850
4258
4398
3286
4749
4669
3196
4198
4108
3407
4438
4688
4609
3226
4098
4559
3266
7044
4018
3306
4509
4509
4328
4118
3336
4539
4569
4137
4268
4558
4598
4558
4618
4649
4539
4268
4589
4729
4609
4088
4078
4419
4528
4147
4148
4549
4488
4599
4068
4167
4048
4559
4088
3937
4238
4629
4499
4309
4529
4729
4178
4359
4308
4268
4088
4318
4489
4518
3998
4579
4068
4168
4458
4167
4168
4369
4428
4408
4218
4679
4709
4339
4589
4308
4208
4449
4489
3967
4749
4399
4568
4388
4488
4719
3256
4368
3176
4348
3336
4349
13545
4579
4879
3286
4308
3186
3938
4589
3176
4549
4289
3296
4338
4518
3146
4519
4328
3075
6893
4328
4569
3226
4528
4509
3246
4418
4479
4518
4498
3236
4258
4228
3136
6572
4738
3026
4419
4458
4318
4519
4478
3236
4378
4398
4318
4439
4368
4127
3186
4359
4379
4649
3085
4348
4559
3186
4809
4509
4418
3176
4389
4429
3146
4499
4338
3576
3938
4188
3227
4569
4508
4548
4328
3918
4328
4158
4308
4038
4158
4108
5110
4428
4408
4198
4218
4508
4919
4448
6312
4038
4068
4488
4438
4409
4067
4488
4518
4008
4348
4709
4349
4429
4488
4499
4469
4268
4088
4198
4659
4548
4499
4448
4128
4428
4508
4478
4348
4428
4498
4368
4429
4348
3987
4098
4448
4628
4459
4198
4398
4448
4558
4658
4850
4429
4478
4759
5430
4579
4719
4378
3546
4399
4559
3156
4428
4419
4118
4398
4519
4629
6903
4358
4458
4568
4198
4568
4598
3977
4499
4809
4448
4429
3948
4147
5310
4489
4388
4588
4048
4508
4339
4268
4368
4489
4358
4088
4619
4688
4609
4188
4097
4478
4699
4218
4177
3987
4218
4248
4318
3958
4078
4378
3717
4388
4328
4859
4358
4348
4288
4298
4358
4498
4268
4078
4358
4308
4088
4388
4178
4448
3095
4379
4458
3036
4047
4107
3156
4227
4378
4278
4338
3797
3948
4218
4298
4428
4278
4449
4398
3908
4188
4338
4207
4017
4198
3076
4268
3176
4499
4278
4308
4278
4288
4178
4108
4198
4108
4168
4318
4228
4167
4418
4338
4238
4128
4318
4338
4329
4278
3777
4379
4017
6462
4258
4900
4288
4077
4047
4208
3907
4448
4268
4028
4378
4308
4338
4399
4499
3737
4468
4308
4088
4148
4349
4288
4038
4518
3897
4248
4318
4458
4338
4358
4449
6552
4278
3867
4288
4068
3878
4328
4579
4478
4018
3927
3907
4208
4348
4268
4208
4298
3968
4228
4378
4057
4328
4278
4448
4358
4388
4037
4409
4368
4278
4258
4348
4378
4428
4659
4058
4197
4578
4308
4328
4338
3858
4388
4268
4198
4348
3967
4348
4458
4429
3837
4348
4458
4348
4008
3807
4248
4488
3958
2976
4308
4177
3908
3938
4358
3056
4358
3998
4479
4699
4529
3126
3897
2304
4178
3847
3997
4349
2344
4078
4338
4448
4027
4238
4328
4428
4438
3046
4279
2915
3808
3015
4198
4238
4378
4128
4128
4168
4228
6873
3817
3938
4218
4148
3095
3817
2956
4248
4198
4228
4198
4248
3126
4309
3957
4268
4328
4248
3106
4198
3006
4158
3808
4348
3086
3797
3085
4208
4178
4348
4308
4429
3196
4498
3998
4268
4168
3777
2986
5671
4338
3818
3998
3005
3857
3927
2364
4107
3877
3837
4358
4258
4178
4218
4839
4298
3967
4118
4088
4037
4168
4709
4168
3837
4268
3707
3847
3797
4438
4208
4358
3747
3827
4258
4288
4288
4108
3897
3877
3857
4148
3837
3787
4409
4068
3787
3898
3968
3737
3797
4348
4228
4278
4127
4338
4348
4408
4299
4248
4258
4148
3907
4108
4278
4067
4258
3807
4078
4508
4378
4669
4308
4127
4258
4248
4258
4138
3887
3877
3897
4258
4298
4278
4148
4178
3937
4218
4178
4248
4098
4138
4088
4158
3917
4017
4078
3938
4318
4197
4268
4989
6232
4429
4138
3807
4008
4318
7073
4167
4128
4168
4038
3828
4268
4158
3958
3797
4348
4479
4208
4188
3777
3818
4077
3918
3717
4258
4238
4298
4057
4438
4098
4168
4278
3016
4188
4007
3887
3917
4098
4319
4118
4027
3927
7264
4047
4338
4188
4178
3687
3847
3978
2224
3817
4138
4068
2254
3977
3838
2295
3898
2204
4158
4087
2284
3848
2295
3908
2174
4017
2234
3908
2014
6492
2304
3798
2274
2945
4098
2084
3998
2304
3898
2014
3897
2304
3827
2304
3677
2295
3797
2274
3867
2335
3928
4068
2124
4358
4147
3086
3807
2194
3927
2205
3857
2284
3938
2014
4569
2285
3998
2244
3788
2284
3908
2415
3256
2214
3316
2354
3176
2124
3367
2264
3306
2244
3146
2315
3827
2054
3838
2785
3837
2365
3797
2244
3767
2294
3788
2014
3857
2274
3777
2304
4037
2294
3927
2475
4108
2234
3937
2054
3847
2024
3787
2294
4148
2835
3998
2224
3798
3306
2074
3366
2314
3366
2324
3326
2264
3266
2314
3296
2255
3847
2274
3947
3256
2344
3867
2174
3988
2294
3917
2255
3757
2324
4057
2254
3857
2164
3838
3256
2725
3296
2245
3346
2365
3837
3336
2315
3386
2184
6502
2325
3788
3898
2996
3837
3977
3717
4228
3667
3798
3987
4188
4097
3597
4028
3958
4178
4148
4128
4178
3957
4017
3667
17893
3988
3737
4359
4198
4158
4108
3657
4078
13947
4218
3768
4038
4308
4067
3947
4038
3867
3497
4238
3868
4067
3807
3557
3677
4008
3627
3878
3797
4138
3977
3988
3516
3907
4048
3917
3657
3547
3486
3567
3517
3557
3957
3667
4107
3457
3828
3637
3567
3997
3988
3707
3446
3707
4017
3706
4338
3877
3997
3917
3757
4148
3997
4017
3536
3717
3617
3767
3597
3987
3837
4037
3686
3656
4007
3967
3947
3697
3617
3536
3867
3947
3877
3977
3637
3737
3717
3647
3927
4048
3948
3757
3647
3627
4028
3617
3597
3687
3918
4147
4017
4058
3977
3968
3577
3587
3987
4128
3947
4147
3497
3667
4048
3997
4028
4118
4117
3828
4358
3927
3978
3947
3917
3747
3687
3918
4438
4178
4539
3717
3727
4067
2916
4058
4027
3958
3907
3937
4038
4278
3857
4188
4097
3987
4027
3998
4028
4018
4138
4208
3987
4038
3817
4058
4018
3897
3887
3988
4068
3988
2835
4008
3877
3948
3717
4138
4108
3867
4077
4017
2034
3857
4218
4097
3837
3977
3937
3606
3857
3937
3877
3948
4138
3927
4018
3777
3967
3918
3727
3838
3606
3737
3737
3797
3937
4288
4058
4178
3897
3727
3877
3657
4007
3667
3567
3907
4058
3486
4078
3867
4108
3977
3466
4068
3977
3887
3687
4188
4047
3978
3997
3616
3637
3897
3576
3848
3847
3828
3947
3807
3807
6533
3747
3927
4148
3807
3838
3977
3697
3818
3787
4027
3927
3877
3576
4038
4378
3597
3406
3858
3918
3827
3917
3526
3626
3888
3817
3907
3878
3877
3356
4077
4027
3978
3827
3737
3897
3466
3787
3958
3787
3567
3998
4008
3797
3697
3527
3907
3497
3477
3877
3677
3557
3887
4017
3817
3817
3837
3857
3938
3677
3656
3507
3847
3948
3948
3877
3576
3897
3967
3837
3437
3797
3817
3877
3456
3887
3917
3827
4238
3867
3667
4028
4038
3908
3917
3938
3968
3607
3917
2825
3997
3727
4038
3777
2725
3767
2865
3987
3968
5070
3898
3797
3838
3747
3928
3727
4108
3727
3938
2756
3787
3807
3997
3887
3908
2946
3968
3927
2675
3768
3767
2755
3987
3997
2855
3928
3887
2705
8165
3928
2775
3897
3777
2796
3797
3737
2725
3958
3788
3877
3396
3897
3788
4047
3908
3917
3847
3858
4198
3968
3847
3397
3667
3677
3867
3828
3507
3817
3828
3937
3477
3757
3757
3386
3627
3877
3587
3938
3657
4128
3867
4128
3306
3667
3857
3818
3667
3928
3888
3556
3897
3907
3827
3918
3517
3757
3977
3898
3887
3587
3978
3797
3647
3467
4278
3446
3517
3427
3346
3277
3737
3868
3486
3387
3457
3346
3537
3807
3687
3707
3357
3377
3426
3797
3637
3847
3777
3426
3416
3357
3406
3546
3827
3807
3487
3446
3316
3407
3897
3837
3527
3376
3326
3446
3697
3907
3456
3476
3377
3366
3407
3346
3797
3406
3907
3426
3858
3828
3697
3667
3526
3627
3757
3366
3828
3988
3686
3407
3788
3497
3707
3777
3597
3517
3336
3507
3587
3837
3777
3376
3316
3798
3566
3767
3927
4419
3456
3366
3877
3857
3727
3306
3436
3356
3456
3697
3727
3777
3387
3757
4017
3376
3557
3427
1863
3467
3737
3657
3847
3296
2745
3436
3937
3366
3526
3747
3807
3326
3837
3316
3798
3797
3536
3707
3396
3567
3787
3557
3797
3396
3416
3547
3877
3467
3477
3606
3677
3476
3867
3627
3607
3437
3587
3517
5741
3416
3867
3647
3617
3867
3697
3536
3777
3687
3908
3877
3687
3627
3667
3837
3797
3707
3547
3817
3727
3958
3927
3737
3877
3667
3646
3396
3677
4198
8166
3527
3827
3607
3687
3527
4638
3697
3787
3837
3788
3798
3637
3727
3727
3537
3587
3837
3787
3697
3677
3477
3757
3737
3657
3808
3507
3547
3978
3617
3607
3526
3497
3597
3567
3717
3627
3767
3707
3256
3857
3186
3737
3667
3556
3737
3646
3687
3677
3657
3526
3817
3868
3617
3707
3887
3577
5110
3547
5701
3757
3907
3306
4789
3326
3566
3768
3707
3617
3627
3667
3637
3287
3296
3667
3667
3778
3557
3606
3316
3487
3667
3817
3727
3657
3757
3557
3586
3677
3527
4128
3758
3597
3627
3627
3657
3727
3737
3647
3727
3547
3367
3386
5551
3637
2605
3737
2705
3687
3707
3556
3587
3837
3567
3677
3697
2615
3527
3627
3647
3537
2585
3547
3677
3707
3687
3276
3136
3557
3637
3647
2645
3928
3526
3707
3687
3617
2785
3627
2615
3647
3747
3797
2575
3557
2595
3567
3537
3566
2564
3667
2605
3757
4308
3737
3757
3507
3737
3557
3627
2625
3306
3737
2585
3437
2665
3567
2895
2575
3677
3787
3637
3717
3917
3546
1984
3467
3737
1903
3516
3737
3336
3537
3817
2525
3557
3877
3537
3697
3677
2615
3607
3647
3637
3777
3516
3566
3757
3637
3607
3597
3777
3537
2635
3547
2605
3577
3627
3727
3757
3586
2725
3707
3657
3626
3657
2585
3727
3627
3687
3707
3707
7824
3657
3978
3206
3717
3758
3527
1724
3447
4037
3487
3516
1674
3516
3457
3337
3316
3436
5831
3567
3306
3286
3206
5791
3867
3606
3516
3236
3666
3617
3607
3266
3536
3146
3697
2625
3566
2564
3547
3497
3616
3657
3527
1693
3487
3506
3396
3587
3587
3517
3687
3677
3276
3166
3467
3606
2625
3276
2615
3727
3647
3717
3646
3496
2525
3827
3687
3597
3577
3226
2555
3276
3848
3206
3667
2655
3557
3537
3487
3516
3606
3577
3486
3637
3346
3717
3717
3537
3657
3827
3587
2555
3898
3407
3657
2555
3637
2615
3507
3937
3567
3477
3256
3597
3647
3497
3366
3506
3587
3616
2725
3537
2524
3536
3507
3457
3586
3546
3106
3517
4078
3336
3497
3687
3717
3617
3637
3516
3617
2605
3546
2434
3526
3707
3537
3627
3196
2544
3547
3186
3577
3617
3787
2575
3507
3557
3467
3807
3607
2535
3516
3557
3567
3456
3166
2665
3496
3567
3547
3386
3547
2665
3387
3376
1914
3466
3577
3046
3266
3306
2485
3557
3537
3637
3527
3346
2545
3456
3346
3476
3546
3496
2585
3707
2534
3667
3577
3607
3256
2525
3606
3337
3566
3627
2505
3507
3497
3356
3587
3196
2635
3597
3597
3577
3236
3316
3507
3166
3507
3165
3356
3456
3015
3487
3517
3487
3507
2465
3386
3186
3556
2375
3427
2465
3457
3206
3336
3537
3416
3286
2645
3296
3436
3176
3216
3526
2475
3457
3116
3346
3627
3506
2535
3336
3366
2425
3637
3416
3095
3146
3026
3356
3406
3476
3306
2525
3456
3526
3297
3125
2545
3407
3326
3396
3406
6402
2444
3356
3306
3437
3457
3456
2525
3446
2535
3687
3327
3557
3357
3497
3477
3527
3327
3527
3416
3417
2435
3326
3517
2495
3236
6032
3406
3346
2365
3546
3376
3406
3547
3477
3486
2464
3576
2405
3427
3026
3536
2345
3426
3436
3106
3536
2545
3527
2475
3537
3556
3437
2445
3507
3617
3858
3557
3506
3126
3166
3496
3457
2605
3406
2515
6072
3357
3346
3276
3397
2635
3456
3507
3466
3366
3347
3577
3557
1894
3417
1733
3516
3096
3347
2986
3096
3417
3197
3216
3467
3326
3306
3506
3447
2624
3356
2645
3336
3397
3507
3356
3496
3316
3196
3396
3086
3426
3367
3487
3467
3476
3246
3457
3366
3497
3347
3556
3376
3506
3577
3166
3547
3366
3527
3367
3317
3356
4158
3296
3587
3567
3016
3617
3396
3346
3527
3427
3046
3456
3326
3407
3456
3336
2886
3227
3477
3417
3387
3386
3427
3326
3246
3266
3376
3276
3366
3377
3326
2976
3387
3517
3317
3316
3416
3386
3266
4669
3327
3316
3266
3417
3366
3347
3407
3406
3327
3256
3326
3297
3266
3356
3266
3326
3467
3276
3377
3316
3366
3296
4138
3467
3416
3367
3417
3035
3336
3387
3416
3426
3346
3246
3206
3337
3337
24186
3397
3467
4839
3506
3046
3146
3316
3387
3366
2995
3456
3457
3206
3407
3076
3336
3356
2335
3567
3306
3026
3267
3487
3196
3446
3397
3377
4649
3246
3296
2916
1633
3186
3056
3306
4008
3286
3076
2976
3286
3296
3326
3206
2895
3166
3166
3427
5250
3226
4579
3026
1633
3256
2946
3236
3296
1874
3156
3156
3437
3357
3186
3266
3417
3045
3337
3246
3287
3316
3145
3427
3357
2895
3346
7154
3426
3256
3276
3096
3336
3376
3075
5139
3026
3306
3386
3406
3767
3517
2976
3356
3346
3376
3326
3236
3236
3336
3456
3136
3337
3356
3316
3296
4308
3367
3296
3306
3346
3326
3347
3276
3216
3266
3306
3247
3317
3307
3247
3477
3346
3226
3447
3427
3316
3146
3397
3296
3277
3417
3366
3317
3336
3296
3236
3246
3246
2916
3266
3166
3066
3166
3096
3196
3296
3216
3146
3166
3247
3066
3155
3276
3226
3146
3076
2865
3276
3256
3206
3126
2424
2955
2305
3186
2785
3367
2354
3236
2284
3276
2985
3186
3357
3186
2244
3838
3246
3337
2896
2324
3086
2955
3217
3306
2345
3246
2966
3227
3417
3316
2325
3276
3276
3176
3256
3146
3226
3266
3136
3256
3136
3196
2905
2404
3166
2946
2264
3176
3437
3156
3136
2244
3166
3066
3206
3266
3176
3346
3216
3286
3186
3126
3397
3166
2955
3186
3336
3196
3356
3256
3206
2906
3236
3246
3276
2916
3035
3737
3366
3206
3035
3166
3166
3136
3346
3176
3176
3096
3427
3206
2905
3166
3246
2995
3457
3036
3036
3196
3286
3436
2896
3256
2875
3256
3046
3076
3266
3236
3166
3426
2946
3446
3266
2905
3286
3416
3075
3326
3236
3406
3166
3146
3216
2955
3346
2314
3237
2415
3286
2835
3086
2334
2304
3467
2856
3136
3196
3296
3237
3126
3226
3226
3116
3366
3276
3065
3296
3166
3006
3367
3176
3256
3346
3356
3206
3366
3396
3226
3176
3286
3537
6733
3978
3126
3176
3216
4328
2955
4228
3237
3316
2965
3086
3025
3146
3256
3116
3046
2976
2805
3256
3086
3045
3336
3216
2966
3176
2966
3156
3156
2785
3236
2895
3115
2906
3046
2845
3066
3216
3257
3176
3065
3266
3246
2795
2996
3055
2826
3096
3276
3066
3086
3105
2916
2785
3166
3156
3176
2875
2845
2985
3136
3237
3246
3106
3005
3056
3076
3056
2815
3126
3146
3116
3116
3166
5610
3146
2945
3036
2915
3106
3246
3186
3115
3166
3296
2955
3797
2815
3095
3136
3156
3216
3066
2826
3186
2896
3036
3146
3085
3176
3166
3226
5580
2866
2855
3146
3126
2906
3035
3176
2995
3106
2855
4098
2174
2615
3116
1643
3566
2935
2445
3146
2464
2465
2835
2385
2395
3016
2214
2344
2855
3046
3216
3056
3296
3036
2906
3176
3086
3146
3146
3116
3126
2725
3086
3226
3156
3196
3076
3156
3096
3066
3026
3206
3095
2966
3026
3286
3687
2886
3126
2895
3226
2936
3126
3176
3096
3096
2955
2856
3397
3105
2825
3116
3236
3216
3135
3266
3326
3136
3176
2896
3116
3096
3076
3086
3006
3196
2765
3085
2705
3196
3206
3096
2986
3126
2816
3286
3256
3116
3056
3166
2655
2875
2916
3216
3176
2905
2825
3216
3276
5300
3156
3066
2805
2986
2986
3026
2976
2905
2936
2835
2675
3016
2966
3055
3156
3095
2985
2805
2976
3156
3116
3016
3155
3045
2995
2986
2495
3176
2986
3076
3065
2995
2955
2926
3045
2766
3216
2925
3026
3006
2906
3095
3055
3136
3016
2946
3065
2955
2966
2985
3045
3056
3056
2966
2765
3015
3026
2906
2935
2995
2925
3036
2995
2946
3036
2995
3045
2906
2976
3015
3096
2745
2985
3005
2695
3166
2796
3036
2916
3025
2985
2895
2755
3025
3086
3056
2775
2985
3066
2956
3026
2895
3116
2946
2976
2976
2856
3086
3156
2835
3115
2695
2685
2775
2174
2865
3126
3036
2996
2134
3056
3216
2946
2966
3216
3056
2976
2896
2815
2906
3086
2935
2956
2876
2885
2855
2695
3106
3046
3126
2986
2995
2996
2996
3126
3035
2916
3266
2995
3918
2635
4178
3065
2845
3055
2906
3917
3015
4158
2765
2806
2966
3136
2956
4508
3076
3006
3026
3998
2946
4658
2955
2945
3086
3877
2816
2956
2716
3156
3025
3186
3015
4458
2906
2745
3035
4138
2956
4078
2986
3055
3066
4118
2955
4008
3036
2956
3216
2705
3847
3086
2976
2996
4027
3115
2695
3106
3176
3096
4127
5480
3126
2846
3317
2775
2976
2605
2796
2805
3046
3006
4438
2976
3486
2865
2935
3006
2895
2826
2875
2886
2725
2956
3987
3036
2955
2936
2906
2926
3006
2875
2895
2976
2936
2956
3055
2936
2956
2785
2745
2935
3006
3286
2795
4078
2635
2915
2865
2845
2856
2044
2996
2054
2034
2825
2826
2635
3867
2766
2555
2795
2925
2935
2835
2865
2996
3126
2946
5079
2886
2665
3307
2896
2825
2655
2825
2866
2725
2895
2975
2835
3116
2916
3186
2975
2885
2735
2966
2985
2945
2926
2976
3156
3878
3006
2685
2895
2906
2825
4158
2956
2685
2906
3066
3346
2935
2655
3166
2876
3035
4608
2975
3586
2615
2866
3025
2866
2965
2965
2755
2905
2916
3427
2805
3056
2955
3036
2925
2855
2976
4037
2614
3055
3066
2865
2485
2936
2936
2866
2765
2965
2635
2785
2926
4118
2946
2575
2665
2645
2955
2926
2886
2815
2886
2935
2975
3055
2985
2965
2855
2996
2956
2936
2876
2896
2886
2846
3146
2845
2795
3056
2966
3026
2064
2986
2996
2705
2745
2995
2855
3015
2795
2765
2956
2916
2996
2715
2725
2766
2946
3015
2745
2745
2745
2945
2886
2785
2785
2815
2645
2885
2815
2896
1583
3357
5750
2795
2825
1372
2605
2845
2765
2805
2896
2444
2715
2445
2645
2755
2054
2805
2535
2846
3006
2775
1994
2765
2976
2706
2836
2775
2014
2856
2855
2735
2875
2756
1954
2726
2565
2795
2905
2755
1933
2826
2936
8085
2495
2004
2715
2815
2896
2785
2855
2014
2806
2825
2805
2885
2856
2044
2875
2514
2735
2976
2955
2034
2735
2565
2776
2886
2855
2815
2775
2836
2935
2715
2765
4989
2775
2705
2725
2525
2524
2876
2835
2855
2746
2806
2605
2504
2675
2625
2324
2965
2024
2775
2535
2535
2655
2705
2535
2786
2535
2845
2755
2765
2725
2605
2655
2635
2855
2725
2736
2705
2624
2745
2875
2745
2785
2805
2675
2585
2785
3146
2915
2665
2955
2775
2866
2725
2705
2776
2855
2685
2685
2855
2826
2775
2826
2705
2575
2695
2665
2685
2655
2555
2635
2655
2375
2615
2334
2985
3246
3106
2685
2696
2455
2675
2655
2765
2725
2645
2696
3377
2835
2645
4538
2635
2906
2725
2605
2686
2565
2625
2755
2485
2776
2685
2625
2655
2625
2875
2584
2915
2755
2555
2865
2715
2565
2064
2736
2776
2815
2775
2074
2826
3517
2946
2625
2585
2786
2885
2685
2655
2655
2695
2795
2715
2505
2795
2745
2685
2454
2715
1874
2746
2776
2665
2625
2785
1864
2805
2645
2795
2614
1853
3206
1903
2625
2685
2695
2735
2655
2715
2765
2796
1994
2785
2725
2624
1924
2545
1914
2615
2695
2685
2705
2786
2655
1322
2746
2525
2655
2715
2504
2765
3106
2745
2785
2034
2484
1994
2735
2825
2665
13726
1773
2755
2665
2946
2746
4719
2865
2675
2755
2625
2645
2725
2715
2665
2665
2715
2715
2705
2705
2675
2705
2564
2775
2615
2786
2344
2675
2765
2786
3707
2645
2635
2565
2635
2445
2615
2625
2665
2745
2404
2635
2765
2635
2745
2795
2695
2905
2686
2735
2725
2735
2675
2635
2695
2635
2745
2645
2705
2765
2745
1954
2725
2464
2695
2024
2575
1823
2785
2475
2685
2635
2485
2585
2715
1914
2795
2544
2003
2505
2686
2775
1944
2766
1393
2865
1994
2935
2425
2585
2785
2725
2785
2645
2495
2685
2845
2665
2695
2715
2384
1934
2705
2625
2685
2775
2725
1964
2645
1984
2725
2695
1853
2745
2695
2696
1924
2474
1943
2675
2715
1934
2715
1884
2585
1873
2775
2635
2695
2876
2735
1323
2705
2655
2685
2615
2103
2625
2595
2625
2595
2725
2645
2696
2605
2805
2525
1894
2545
2564
2665
2715
1933
2575
1883
2625
2355
2545
1904
2614
1934
2364
2525
2634
2665
2575
2004
2635
4679
2665
2615
2635
1933
2395
1954
2564
2645
2505
1864
2515
1874
2575
3076
2956
2665
2355
1984
2545
1934
2775
2525
2825
2384
2595
1913
2625
2675
1823
2655
2555
2635
2454
1803
2625
2645
2605
2896
1914
2655
2485
3076
2414
1873
2605
2565
2415
2465
2565
1843
2515
1913
2534
2695
2505
2364
1834
2615
2635
2535
2344
2765
1874
2715
2385
2745
2595
1943
2454
2384
2695
2705
2515
2435
2444
2364
2465
2595
1913
2595
2886
2595
2715
2344
1863
2655
2384
2605
2574
2675
1813
2585
2414
2665
2615
2725
2625
2785
2625
2555
2544
2605
2665
2655
2745
1944
2605
1954
2554
1343
2505
1463
2585
1333
2415
2445
1303
2515
2715
2465
2284
2575
2465
2535
6553
2334
2464
2565
2454
2595
2435
2685
2635
2525
2525
4909
2635
2755
2504
2726
2615
2595
2585
2405
7133
2625
2705
2625
2595
2605
2314
2344
2405
2625
2625
2534
2635
2716
2525
2524
2645
2334
2625
2525
2685
2716
3286
2625
2284
2485
2515
2295
5490
2364
2475
2274
1883
2475
1222
2605
2585
2485
2565
2205
1743
2475
2515
1693
2525
1774
2615
2254
2394
1773
2234
5050
1803
2655
2435
1774
2214
2564
2445
2494
1794
2414
1773
2425
2495
2484
2474
2425
2535
1774
1823
2405
1844
2725
1252
2715
1353
2415
1252
2375
1372
2425
1272
2195
1262
2565
1863
2445
1303
2604
1393
2424
1232
2264
1293
2404
1272
2334
1292
2274
1844
2525
1312
1914
1293
2895
1422
2054
1282
1963
1312
2485
1453
2786
1212
2555
2234
2465
2425
2465
4850
2805
2485
2444
2565
2324
2475
2524
2385
2465
2524
2334
2395
2565
2495
2474
2876
2445
3576
2484
2485
2455
2544
2554
2575
2505
2615
2435
2575
2455
2525
2485
2535
2464
2595
2505
2595
2535
2575
2454
2505
2505
2464
2375
2665
2444
2314
2535
2535
2214
3006
2415
2675
2424
2485
2325
2484
2505
2435
2395
2495
2324
2434
2384
2414
2615
2345
2575
2435
2375
2444
2594
2394
2375
2525
2715
2505
2415
2534
2534
2695
2514
2495
2515
2454
2484
2435
2545
2485
2464
5210
2464
2425
2524
2555
2424
2515
2405
2535
2464
2475
2585
2254
2786
2284
2385
2215
2404
2114
2354
2424
2465
2415
2194
2404
2334
2355
2274
2425
2294
2184
2444
2324
2434
5260
2524
2335
2375
2384
2304
2425
2324
2385
2415
2455
2445
2375
2355
2194
2254
2145
2365
2495
2344
2304
2124
2304
2375
2374
2374
2375
2514
2375
2625
2454
2414
2384
2374
2425
2324
2294
2435
2414
2454
2555
2374
2444
2424
2405
2485
2474
2444
2425
2364
2375
2325
2344
2425
2344
2464
2384
2424
2334
2164
2335
2114
2264
1703
2285
2264
2395
2384
2504
2414
2264
2385
2345
4589
2324
2385
2374
2054
2144
2394
2355
2435
2425
2334
2294
2375
2104
2164
2395
2415
2335
2375
2485
5470
2364
2275
2425
5249
2385
2385
2695
2365
2294
2435
2385
2205
2525
2435
2424
2495
2395
2365
2455
2294
2364
2375
2374
2485
2455
2295
2234
2184
2355
2424
2414
2275
2365
2324
2315
2455
2435
2174
2254
2355
2345
5210
2275
2365
2324
2274
2444
2384
2204
2335
2304
2335
2394
2345
2414
2345
2274
2124
2756
2344
2655
2375
2365
2435
2314
2374
2995
2244
2394
2365
2245
2324
2344
2284
5460
2444
2194
2324
2405
2305
2484
2404
2505
2414
2475
2244
2274
2305
2404
2244
2545
2295
2064
2344
2374
2134
2244
2314
2134
2174
2675
2104
2294
2314
2615
2245
2254
2274
2294
2275
2254
2315
2194
2164
2104
2074
2195
2314
2354
2004
2255
2234
2225
2314
2214
2244
2324
2244
2194
2284
1873
2315
2295
2385
2214
2305
2234
2234
2565
2385
2304
2165
2354
2435
2144
2304
2385
2235
2464
2265
2305
2445
2274
2004
2365
2274
2224
2355
2195
2334
2254
2234
2234
2244
2315
2084
2334
2315
2255
2264
2274
2044
2224
2245
2164
2434
2264
2565
2244
2255
2255
2244
2034
2234
2334
2114
2245
2205
2094
2234
2334
2264
2204
2275
2344
2274
2304
2284
2254
2174
2294
2435
2033
2274
2185
2214
2244
2565
2295
2304
2194
2314
2084
2324
2324
2054
2404
2354
2274
2304
2265
2154
2245
2354
2264
2194
2304
2255
2324
2394
2164
2615
2335
2355
2294
2244
2304
2304
2244
2114
2285
2244
2274
2275
2264
2284
2344
2294
2305
2294
2094
2835
2194
2224
2205
2284
2375
2354
2305
2184
2204
2154
2294
2244
2234
2184
2224
2294
2164
2365
2164
2255
2114
2044
2324
2284
2245
2014
2314
2244
2274
2335
2325
2245
2255
2335
1983
2484
2144
2124
2155
1954
2154
2184
2104
2114
2214
2194
2214
2154
2144
2004
2174
2244
2274
2194
2244
2254
2265
2144
2224
2274
2144
2184
1933
2114
2204
2445
2094
2355
2154
2214
2144
2024
2144
2114
2164
2084
2023
2164
2154
1984
2074
1903
2104
2033
2264
2175
2144
2034
2094
2054
2014
2204
2174
2124
2274
2044
2074
2444
2194
2114
2014
2184
2194
1983
2004
2134
2264
4930
2294
1984
1994
1933
2414
2134
2424
1984
2184
2154
2265
2154
2204
2245
2295
2214
2024
2164
2124
2205
2324
2194
1903
2254
2214
2014
2195
2154
2194
2154
2254
2325
2194
2094
1903
2124
2124
2154
2104
2274
2194
2114
2154
2214
2194
1994
1974
2145
2164
2034
2144
2294
2184
2154
2344
2154
2204
2164
2003
2234
2184
2224
2184
2144
2235
2184
2244
2215
1974
2034
2224
2144
2114
1954
2154
2154
2425
2104
2154
2214
2194
2365
2374
2103
2064
2194
2204
2254
2094
2174
2184
2164
2404
1954
2154
2164
2164
2174
2174
2094
2134
2224
2164
2164
2164
2114
2134
2214
2285
2144
2034
2154
2205
2204
2013
1994
1944
2214
2264
1964
2064
2264
2184
2164
2275
1994
2104
1994
1893
2074
2124
2034
2144
2104
2074
2164
2114
2004
1994
2064
1904
2023
2134
2054
2124
2154
2034
2164
2104
2064
2254
2074
2003
2023
2164
1994
1883
2004
2104
2104
2084
2175
2204
1783
2054
2094
1894
2074
2164
2104
2174
1973
1964
1763
2094
2084
2014
2304
2074
2244
1833
2023
1984
1853
2144
2114
2104
2114
2124
2134
2194
2415
2164
2114
2175
1924
2084
2034
1943
2094
1933
2114
2495
1993
2064
2054
2064
1903
1793
1864
2054
1813
2064
2004
2184
1814
2114
1873
3126
1834
2875
2114
1813
1914
2184
1844
1904
2174
1904
2124
2064
2094
2134
2175
2044
2104
1993
2144
2214
2124
2114
2114
2164
2114
2094
2094
2064
2024
2144
2014
1833
2074
2124
2054
1813
1853
2053
1994
1943
1913
1823
2013
2144
2344
2074
2114
1864
1874
2034
2094
1973
1984
1874
3307
2014
1863
2815
2013
2003
2054
2114
2054
2164
2185
2174
1954
2705
1913
1913
2094
2164
2114
1924
1904
2083
2134
2154
1984
2054
2034
2074
2114
2104
2164
2074
2205
1844
1884
1893
2124
2103
2064
1934
2856
2164
2174
1864
2184
2064
2104
2074
2835
2064
1924
1853
1864
2034
2645
1914
1984
6382
2766
1874
2034
1884
1763
1784
2024
1834
1884
2024
1903
1814
1854
1904
1422
2074
1893
2084
2064
2014
1944
1904
1973
2014
1944
2054
1904
1974
1974
1924
1903
2023
1924
2064
1924
2024
2104
1994
2054
4569
1924
1853
1794
2295
1894
1993
1943
1994
1913
2034
2415
2074
1944
1844
1974
2184
1944
2004
1783
1793
2054
2004
2004
1914
1874
2124
2174
1983
1954
1964
2033
1953
2054
2034
13876
2004
1884
2064
1984
1884
1963
2074
2004
1913
1924
2003
1974
1984
1964
2004
1944
2215
2024
2074
1974
1903
1804
1873
2144
2084
2054
1843
1894
1914
1994
2084
2886
1973
1423
1914
1913
1884
1874
2184
2094
1933
2054
1944
2054
1934
1453
1903
2024
1913
1563
1893
1874
1974
2024
1884
2745
1994
2134
2014
1924
2044
1914
1923
1973
1893
1954
1963
2144
2876
1964
2034
1954
982
2154
1934
1934
1442
1973
942
1904
2023
1984
1453
2014
2014
1893
2034
1944
2003
1943
1974
1884
1984
1993
1984
1833
1823
2074
2104
1793
2014
2044
1854
1933
1994
1924
1913
1933
1743
1773
1843
1974
1813
1853
1853
2034
2043
1944
1994
1994
1933
1703
1763
912
1793
902
1874
1874
4168
5931
1834
1864
1894
1683
1813
1833
1674
1893
1703
1723
1744
1873
1864
2013
2044
1933
1893
1873
1884
1432
1923
1974
1764
1834
1824
1954
1973
1763
2004
1844
1964
1883
1904
1513
1964
1814
1884
1964
1784
1773
1894
1914
1833
1734
4309
1743
1783
1784
1794
1874
1814
1933
1874
1923
1773
1744
1984
1973
1763
1744
1783
1764
2084
1923
1893
1933
1783
1754
2024
1793
2554
2014
1974
1823
1893
1873
1883
1803
1763
1784
1834
1753
1964
1803
1883
1793
1883
1874
1673
1733
1703
1823
1953
2555
1763
1793
1763
1853
1864
1864
1764
1773
1913
1903
1933
1754
1793
1813
1914
1854
1894
1833
1884
1733
1793
1934
1883
1884
2014
1843
1793
1763
1853
1773
1814
1894
1884
1874
1794
1794
1764
1783
1743
1743
1823
4188
1763
1703
1774
1844
1843
1763
1773
1683
1894
1883
1753
1893
1894
1873
1914
1893
2003
1924
1884
1893
1423
1893
1383
1873
2084
1893
1623
1734
1352
1793
1663
1823
1923
1833
1933
1703
1703
1803
1793
1893
1824
2063
1763
1994
1964
1853
1793
1904
1913
1964
1853
1753
1753
