44324
32461
49693
51056
62367
38753
65834
33142
59522
44093
61716
30798
59873
29907
58110
30607
59401
31139
57899
42169
57969
31660
67166
37140
70633
47279
60504
32641
83477
31800
59271
26069
59642
51187
71134
43432
67577
28954
51537
30036
56726
29365
46788
33143
47700
29957
67547
33163
57128
42330
60003
46288
56426
29325
65974
34014
65403
31880
60825
52930
67296
35457
67487
41357
60313
36158
62458
28985
63510
30518
57388
36839
64451
48912
61305
39534
56516
34034
57649
29035
58039
29395
59121
44444
61025
32131
58229
51026
60854
44945
57539
28894
56767
25267
56386
34776
54683
28374
58410
24005
59302
41809
57408
24486
65123
43401
64541
23794
55995
32661
63851
27192
75622
24436
61435
41718
67467
23855
55936
59292
65793
54954
65985
28564
55154
33003
62548
32211
59682
37000
55564
33232
65283
47059
65052
37250
79841
32562
56126
30127
64792
44243
65994
43241
76414
36990
46528
32281
57057
25367
60314
52859
50635
37691
60524
27351
64722
28925
56076
32661
63890
34525
65954
35857
64041
32391
77827
40967
59933
32541
64561
28464
61105
28855
67978
36318
58440
32271
61276
32411
66325
27973
55124
32842
57247
28774
56336
32080
55765
31569
66395
28724
63700
27813
65393
44123
57969
41118
60514
28654
57518
31800
59422
41598
55675
28373
54693
29876
65393
32822
57267
48311
58801
32301
55525
37751
68620
32711
57288
28333
55795
31660
62648
48021
58280
42600
47079
31699
54533
32351
59853
31539
55685
31940
70453
31700
55234
45345
55624
39124
60444
32211
73609
73910
80843
60413
66436
58891
56206
67357
75512
55405
65182
42450
61476
67537
60484
68009
42951
58650
70202
58901
60343
61776
68940
58651
58139
50425
60224
60323
60554
59973
59452
60243
58600
44423
59041
77205
72697
63640
59803
66245
60584
59221
58049
68138
58710
58751
64041
61496
60344
65023
71826
56476
72817
63369
55875
59822
65894
66525
59752
64962
51247
61666
65533
64211
65904
64962
50555
63289
61285
58129
65303
60754
65513
59882
58801
59171
65043
64201
64872
59121
49413
59132
55174
59612
65874
72767
71534
43822
52218
75252
71936
69221
58992
68248
73458
70292
60264
59261
59522
55194
65834
57980
59001
58149
78618
58841
58651
65092
58550
70032
59583
62678
61035
67667
60303
49734
49303
60423
58289
58400
58410
58781
59923
33213
55735
60003
56436
58269
55164
58991
59082
58189
57018
63680
57117
57839
58440
62097
58791
61065
58550
60063
58931
59242
72997
69411
64001
60433
64912
59212
58340
50535
50174
75192
70673
49022
58149
59091
62268
60033
66155
58049
50836
60645
59021
58159
57307
66936
51356
67928
75512
63029
65513
58400
78929
63220
59993
58831
60584
69000
59502
68389
50144
68208
58360
71385
67317
59322
58079
58039
58951
51247
58991
58550
54793
59271
49994
58270
59262
67728
61165
64581
63209
59732
57929
68389
60444
59161
66926
57618
70393
74400
65634
59171
58560
58541
69060
58760
59171
59302
81814
73649
84078
58520
59392
58650
59582
58380
58821
65914
62548
58621
57518
55474
62778
60514
59553
58090
49533
71164
59452
59893
59662
62066
58080
59752
58079
69501
53220
49273
64993
45646
60163
53791
60595
58400
60274
59492
58270
58991
77636
58270
58891
55385
56126
56176
60023
61416
67478
74660
58340
55044
65302
64241
60554
57839
59712
58430
59061
59642
60714
59582
58580
97062
58650
65904
75042
63860
59783
64963
59472
58710
64622
89378
58000
55926
56547
55855
58741
66886
55555
45185
59793
59171
58530
46798
69190
59372
78928
59582
53050
53331
58800
56086
60043
59222
65884
59663
59723
90660
59582
53381
53701
60474
76985
58630
59171
56496
50074
55204
54512
58110
75332
71455
53842
60955
49493
65774
67167
63008
53130
66315
59012
58169
62338
60383
58600
53451
56587
59512
67267
56576
67286
62588
58109
71665
62838
58180
65172
49783
59322
62037
58501
53501
60975
59151
59291
57529
80441
55795
54473
59582
49804
58010
59402
59362
53100
56898
65153
59081
81394
77616
53080
58060
58731
58230
61816
52018
59261
58451
58079
58190
68879
69611
62127
58510
76123
73749
58180
63539
60353
54342
58039
60684
57959
64211
55815
58670
61235
72276
62408
64170
57318
58320
68609
67247
66645
62087
67948
59622
54683
60574
55334
68239
66996
55084
63359
53912
54543
58600
64271
58440
59853
59302
75692
59041
58380
57799
58741
58139
79600
58621
61606
70974
62197
56417
65754
59823
65073
54312
58230
66044
54753
59542
54883
58851
63520
54062
48672
74069
64231
58300
72387
76284
59101
59472
78137
58420
71835
72196
58741
49914
58650
62357
70363
60755
57789
57168
59041
59432
60855
44554
67998
56336
58280
62057
65213
56557
67838
58631
62107
56837
57307
59482
74550
60353
63690
59793
59863
59112
61025
57389
68690
49854
49633
59332
66675
57659
67006
58881
64592
84499
74130
66034
50756
71033
71525
59723
70453
52829
67547
58741
77385
58651
72587
58080
67968
69841
79029
49373
96321
57839
65533
49082
61446
60594
58881
59753
74981
58851
68399
56577
58440
59172
57929
78998
65974
75452
68389
65994
61395
69621
64962
65343
69361
62077
55985
71404
64942
58410
58971
53291
69310
42661
63660
57568
31609
54713
59191
53471
82926
59602
46107
58560
42580
58681
35266
60013
57969
50274
58379
59062
58771
49483
57509
58871
56476
58911
58620
59282
58160
59612
42420
62037
59462
60945
64421
65934
57478
48151
66255
71375
65905
64652
42991
69020
73899
62608
58189
70684
56136
58901
61175
48121
69611
52679
58870
74310
64782
57939
64752
61716
66946
58760
57018
58881
66105
59813
64652
59051
71484
62828
65944
76364
94898
49754
58350
66024
59162
58290
65614
49814
62528
59472
60124
56938
55023
60594
68439
66255
58410
78708
62016
53480
58500
59472
60914
49633
63609
48982
67668
58521
60884
49864
73148
58380
61516
59843
66686
66224
67086
58640
59201
60774
55114
58561
71625
62829
53621
59272
69671
63610
55906
63139
68068
57719
58841
59452
61165
57278
63269
53541
65764
79058
58280
58420
77485
52910
70492
53090
45034
58711
60213
67397
47309
53470
59843
76294
78047
52799
76064
48912
53240
71685
59572
58039
66966
63029
59162
57689
59382
73047
63229
71024
65343
57759
60123
77295
59302
71475
58921
65624
62858
53611
52830
57729
78818
25486038
54332
53621
58460
53381
66355
66876
56456
52630
66836
48932
66866
53431
64702
67056
59703
57177
65804
66846
57548
58941
54031
59382
65263
58189
65343
58160
53441
58761
65393
59051
93096
68249
69361
58721
58129
58329
58761
65123
58861
53251
57237
52729
61826
54071
70042
63951
57558
46657
58390
67247
24406
58330
116930
59502
32300
58330
59191
57649
60814
70693
68349
61977
63319
65273
63459
61727
63439
64131
61927
57979
59291
69881
58290
54303
55705
55134
59502
61907
55194
55695
55284
30928
56416
33994
58670
49883
57287
54373
58871
55554
54893
59001
28534
75462
58771
57157
55325
58209
58771
60454
58269
28824
57569
58561
67297
58199
57919
54302
70092
32281
49573
66545
58891
48391
60795
57358
67527
61095
65103
54653
64281
58300
64833
58400
67918
55475
54192
58991
57759
45526
59892
58170
59361
54863
61285
62327
28825
60384
29205
75101
58400
57688
55675
56847
55845
64942
49634
59422
54573
55915
49954
58149
59082
54453
55495
64461
54142
54903
54122
54733
57950
59021
58060
59602
58100
64241
31850
57579
55224
58099
66786
54813
56366
63540
29185
63760
55114
64411
58360
65934
63059
52219
47369
60574
35838
64802
49273
63259
63429
38673
66335
43682
73118
33453
65192
42410
59412
28403
59231
42861
43902
61896
47730
52940
69521
36840
54503
55034
47049
58770
35607
68258
58139
47409
55735
59763
33413
48151
61185
48281
51837
42190
41838
59111
51427
54773
53641
42390
41177
58390
42330
57538
62658
44984
53751
41288
37651
57548
58811
36008
59312
54111
55224
48411
45656
48751
57999
45416
35387
55054
58470
59632
46176
73579
59131
52870
48802
46157
53861
47659
58801
58079
61356
55855
58189
29846
54352
57929
29165
53131
50765
58289
42660
58310
48461
57939
35577
58009
48030
61045
41488
50094
41729
48942
41358
66235
33533
42800
57979
29305
57007
42309
67607
42861
57989
49654
58891
68639
57769
58771
67056
58280
58560
75312
58229
67928
59011
58119
58260
51477
58349
41047
57819
57238
53481
55885
66816
60033
64221
58530
73067
65373
62257
62557
69521
67938
60884
59762
79220
67387
52489
59913
76654
58420
57598
68849
53360
53961
61786
67127
59422
64822
67717
57658
70242
58691
87375
53010
67777
55294
63670
58159
73248
66455
74521
58560
68169
64842
63089
73408
57468
72576
58811
64902
62347
59071
58780
61636
55705
58911
54362
61906
55495
77787
52780
60664
58410
64171
61997
63169
62778
54482
58179
63680
59231
60484
57368
66646
64282
80592
58220
53310
59192
80191
62588
56967
57729
58070
59783
62919
58520
79340
58681
74170
48812
61626
41098
53030
47459
65103
52489
65072
53110
54673
66456
53141
66645
63730
65684
58430
61997
70322
57969
57758
56046
59141
65002
58520
57889
64271
57889
58360
62919
61246
57869
54543
63870
62248
46608
58019
40456
55003
58771
31339
58140
36138
57959
55695
58400
70893
57929
63750
76524
32501
49353
63991
48722
64341
48241
66395
55665
57498
64382
62207
54602
61977
54292
59151
79189
68719
64611
58951
30969
62798
58149
49283
61296
31690
46948
58069
57919
47279
75242
55505
46167
58550
59603
65774
58891
58490
59292
54794
57879
62207
56096
59342
58540
54774
58140
69882
58750
58731
60363
55464
56016
58170
49623
70844
59131
54954
54282
58730
62527
64752
64361
66615
61846
56116
62829
54523
49142
84068
58430
59011
73619
54252
60905
83547
57769
58781
57619
65092
54973
61626
63008
63530
46748
63279
64001
57718
63841
69761
69300
69802
61065
68058
65293
60714
62638
55945
54714
54402
58210
61736
65944
65222
48852
60795
46157
46618
55174
61135
54372
67016
58591
71344
58801
75512
58330
54182
54493
63239
61646
60524
55024
54743
67156
65834
65132
59633
48522
46548
47469
55435
68409
68098
64571
57429
64101
49854
64853
62508
62448
63489
62928
57969
68459
47630
59843
62377
64271
58671
66234
54222
54713
58059
58320
58871
62037
46758
58961
58050
55775
54182
55584
58480
65393
58430
54192
55354
65353
75252
57408
58710
57929
55214
57518
60073
55024
55134
55164
61156
58109
65543
59282
64631
55724
55074
55595
63109
55835
55935
55204
61456
58520
56016
54633
67948
64120
58730
54693
55775
56046
57368
60433
71976
65553
58240
70332
57458
61475
63951
62698
69441
65133
62057
55645
58380
62528
64050
55845
58180
58119
58660
57799
55484
54592
65483
55054
76003
67808
54713
57238
58190
36629
58551
63058
72487
42900
53120
54432
56096
58140
58510
69391
53611
69652
67938
59071
66966
67627
58179
75472
61405
57479
60514
58701
60434
47329
55745
41378
60574
46257
64131
55003
49283
58540
58540
57598
46518
55374
60865
54984
54573
57929
60895
74962
82836
55004
55214
52719
64582
58149
60735
58069
67207
58310
78358
59001
50265
56867
72166
53621
60895
54052
49834
57057
64411
53691
58440
58030
58460
65072
61146
70914
41979
57568
35667
64391
53410
49813
52699
58340
48371
112893
42029
66084
57899
53400
73058
68379
68398
58080
88366
26429
54302
64982
58290
58220
52829
53480
58330
59532
68739
52629
52519
53781
61216
59302
48612
57478
46327
59281
67457
58821
62107
67548
54011
57498
41909
66535
64021
61235
41789
59823
54222
49262
69451
42159
63880
58811
58179
42240
48963
58911
41858
53782
57909
41838
57599
64762
61065
57358
58781
68129
45195
48832
63309
48311
58821
66987
58641
64872
58670
67327
66946
62838
65463
59622
49704
58280
69331
56667
64441
55885
63199
56868
57258
65614
66605
63730
60203
64622
53060
70813
58490
57509
57468
72236
61476
67917
58259
59031
48561
58841
67036
45015
61747
58751
58060
58430
56406
59222
61246
58210
57227
49293
64331
53140
67207
48962
64631
57999
58259
66656
58821
59872
83968
73860
61476
57188
50375
58540
59411
60364
58029
57839
58180
57368
42490
66876
57849
64301
58650
58009
31900
64281
53241
61446
57849
35727
59862
66786
52839
60183
67558
57719
59312
67077
56166
65143
58881
58029
64140
64732
60614
66395
58480
69651
66205
64322
77205
59201
58219
51236
57829
61426
61806
67407
57578
65243
53320
59352
36158
61706
60313
61626
54433
65884
55615
49202
57618
59673
61485
58650
41227
72998
62017
64381
66926
57539
48541
66155
56446
57619
62658
58951
64461
55304
54372
64381
63810
54041
52439
59633
58249
57769
53641
70894
62789
70874
57779
65032
58130
51738
57869
58590
57618
59923
53100
57438
47529
60043
57809
56487
44123
53741
41398
85861
58080
81704
67327
109486
70442
58700
73268
58239
60845
66696
55435
74771
57479
80903
59552
56266
59402
60764
59111
57528
65654
57609
67637
95941
58059
50225
63750
94949
59803
41719
56967
65073
57929
62558
63540
67667
70653
57669
63881
64471
57698
58249
57117
67908
66545
53581
58671
53190
49293
58179
63880
74760
49463
69752
57338
58099
57949
59071
62037
58039
58290
52730
66154
62438
58350
53300
78849
61977
66485
63330
115778
58741
68338
67236
69010
70774
58841
57749
91672
58139
53681
78218
57588
58279
52909
54172
59231
58520
54062
75252
58410
72156
58130
61235
49022
66485
59241
71706
64572
57598
58089
51446
58400
66815
58640
57618
51937
58400
57528
59051
53681
52168
58971
52780
54132
54843
60093
57418
73418
59272
77616
76394
58390
49954
57839
58319
62568
58260
59282
58600
88407
58661
77166
52569
64041
58461
53400
54131
60364
67277
66716
63911
65493
57168
56396
65613
70102
62097
58861
59211
70984
68760
67818
63780
66405
58460
61966
58931
57949
78017
74219
59242
60054
60134
55826
65884
69911
57658
54081
69521
66074
53621
64301
64622
66505
54453
71555
62027
81754
57519
61896
58621
67978
31499
69140
31149
67296
31219
49914
34896
82786
31880
68279
42279
71695
36448
61305
40757
61706
35628
58610
36579
65122
37080
61957
34826
61156
59462
30367
54553
37261
54203
36829
54683
88046
31980
48271
35557
46037
31409
55024
36699
55625
31659
57990
26439
74630
31119
80130
36078
68539
31138
68028
46608
61966
31259
33964
31890
60514
36529
66685
46999
69060
26379
68158
36739
62067
31099
76595
31349
57619
36479
68328
31650
71765
36669
58561
34916
56206
35486
56987
61205
56757
41137
67518
38292
60354
54863
35126
74650
61646
61206
58280
42030
68449
42019
59712
59673
65885
64862
68559
81092
65042
64481
60494
68149
62067
58009
59302
69521
77476
66696
64171
58420
58891
63620
61015
61055
48641
61626
63921
47720
58790
65453
41538
62799
64120
40707
58289
62718
53190
50305
41338
62718
55284
41969
53460
58650
58731
49744
58931
75642
57909
55986
59202
58129
57849
61546
58039
73469
50034
57729
53672
52619
61295
62057
58721
55545
58330
57618
65724
64622
54784
54443
63359
49443
49363
60834
63971
58249
60163
67607
77766
68609
70152
62819
68619
52709
76394
70142
62187
56877
56256
56897
60714
55625
55996
44945
60604
75232
59211
67678
54944
53992
58660
57459
53921
57358
57799
58691
57589
53080
53631
61436
62788
58520
49082
58309
57038
58791
64662
70473
59221
58750
57198
52830
58430
70453
59321
57388
69591
59502
58470
73368
54643
76323
70021
71755
58250
69831
65433
53290
58330
68850
58860
52469
61205
58921
57628
59833
84499
57788
54643
54091
44353
59682
61887
58901
57328
68449
68640
69090
54994
48000
49172
61626
61085
58290
61415
53180
63710
54703
59662
67266
67107
58350
61035
58711
60534
49423
55374
52879
59603
54352
44414
58350
48521
58029
67928
57709
58380
64842
57459
52559
53220
58059
49333
58250
52839
59171
58480
57398
57809
58661
58761
69260
58039
53972
58150
52388
58480
45325
63720
59012
57478
71495
58250
53390
73198
53581
65313
66816
44333
64542
63950
57789
58461
66085
81553
53190
58210
53531
58750
75572
81013
65012
64281
75071
55354
61196
67898
66745
60504
53290
58631
57789
58620
61937
77015
61496
31639
57809
62337
67838
53110
58440
57799
59192
60604
59492
61115
62227
61225
59762
53040
58741
59262
58290
58590
58380
61235
58800
59512
57999
55515
58169
53480
49083
52489
53070
58310
58670
71916
62047
57438
73529
59031
64451
75843
57788
58700
58730
58761
72717
58670
59532
34986
53801
52689
49022
64862
63480
46758
63559
55595
67327
48341
56417
55344
55474
57167
58831
72807
54302
63840
54583
55123
54332
59843
61365
81854
66976
54372
56085
66375
81814
57809
66966
55174
55855
63460
58891
48352
54443
58500
54773
55886
46307
55164
54172
64051
58620
76003
64572
74420
63650
63650
79941
55124
55445
60434
63980
68579
62267
54202
59222
57579
74911
55084
55645
58149
58871
55344
67738
64090
55535
54243
61967
55174
58731
66586
55324
60954
58761
57528
62337
68208
54924
54602
49453
60574
62978
46498
49874
70272
58039
60845
63510
55755
59322
55284
55114
55404
57178
59041
64582
65513
57278
68148
46457
61716
58951
72066
59522
58921
73759
46458
55284
60534
63429
57438
82606
57909
55013
62438
60644
60143
53531
53431
62808
63960
66065
68008
63529
55595
54543
80852
52619
58060
57879
66736
58420
65143
58721
69270
52088
71235
58680
66626
59983
68479
58500
59372
53631
76073
58300
58450
59893
58200
58951
58049
63860
49092
54894
65133
64552
62688
67377
57778
59131
59101
61205
58470
57438
50355
58169
72486
52639
67267
66976
67828
49453
66696
57829
49233
71464
55765
65994
65273
42210
58400
46077
64220
58981
76363
42420
42239
56166
51517
72016
58640
65543
48882
64772
41949
64762
41328
57889
42470
58780
61806
45325
58260
65323
58200
47299
52720
32180
46888
42891
58560
59091
58811
54573
45706
35066
65394
52399
54943
54372
59772
57798
69551
41528
57819
50385
57939
58661
63379
67547
55825
54753
61456
77466
61376
61646
57558
77116
54743
64492
68790
56827
54873
57839
58259
64191
54903
60323
72286
65583
72747
61947
55183
53120
57829
64992
54422
67066
55154
62097
54393
60875
55445
65373
63580
57899
58580
58921
55725
55414
54943
49262
55585
49233
62527
46828
63149
58109
74520
85481
62378
67277
62207
54492
66124
56957
62608
64150
52849
55495
81533
58069
68910
57809
61245
55114
63510
53421
62137
47069
52629
59121
64501
54803
63710
57579
74781
55414
58170
68800
61075
58049
60033
53752
59692
66174
57348
64581
58841
53641
52780
56717
56587
75833
68729
55665
54853
73448
48481
55334
59192
46147
54422
63009
50705
57568
50155
57739
67918
56877
47790
58901
48111
49423
46006
58621
74881
61867
69050
32511
46527
59182
57989
53440
58240
53540
52679
55965
48291
60054
41598
49343
65192
58951
59633
58430
41418
72116
53381
58290
42711
61876
48020
60594
52979
58350
57538
44774
64651
35477
72868
55264
48652
48261
58120
32131
54332
52589
54182
58731
59612
61366
44624
73578
58310
70343
68849
52709
61045
55585
60093
50675
70112
58490
58661
45716
58730
42239
58170
68298
52018
52659
53210
62167
57699
46457
72847
67076
41828
58410
67528
66195
48171
57979
36058
87716
58079
59031
61416
82706
66204
57809
58801
49092
61476
46607
57518
79249
68920
57568
69481
57919
53571
69150
53641
61005
41769
61596
66024
57849
49804
65063
42119
59252
59171
75202
57879
51998
61956
78348
57579
61175
57679
60584
60614
66134
58890
68448
61045
66184
48632
60484
54563
68729
53010
74480
57629
65223
76214
65273
58700
64792
58350
73177
58130
61966
58330
67827
68419
57869
51867
58230
51888
86372
53030
59001
60354
63519
54573
59562
59752
65834
57819
56667
53480
61125
60964
60464
58501
68268
58600
58170
69841
57618
58340
54643
61636
61336
70623
54923
64471
58781
55294
60344
68469
68900
56166
54232
63961
58671
67437
58831
67397
55704
57979
58731
65123
67547
72917
75943
63269
75552
68309
61946
57839
58750
102222
50024
57989
66405
67016
58630
69310
59242
59292
58230
69851
57818
57588
58951
55324
55424
70022
48622
46578
63199
68559
58040
77316
58440
58841
45926
57939
59131
73870
58731
73699
59031
67086
51056
57569
63039
75031
55133
55635
65303
60494
57759
61415
41658
55164
67808
42701
56025
42029
64451
63399
36990
57979
60985
70152
76033
47990
58640
64992
48211
77406
65955
55053
54413
59732
42200
68489
59582
65012
65203
62698
66996
58380
41428
66104
59401
41178
59121
59322
43863
58080
70232
64050
54092
54622
58150
63931
70953
75181
49613
58039
64872
58760
59252
61105
55835
66615
52539
57969
68429
57368
65223
59412
57849
68619
57738
75222
58620
66956
74881
50105
61385
69081
58039
52839
52769
60985
52850
63069
57849
70893
53882
69762
57479
62187
49132
52719
58039
60484
58720
57428
55906
58330
60293
55695
93526
57027
55785
55525
58671
59823
58851
60414
55385
64181
54142
54002
53651
66085
58050
57819
60735
53661
58139
80511
65132
58711
57528
58901
54082
60374
66525
61726
72697
63490
65163
57879
57789
78558
66325
53100
58731
58129
78698
52840
59232
60895
52929
57438
59752
62818
52729
66966
55344
45966
67197
55995
55194
49453
54784
81554
53110
64532
77165
41879
58069
41828
58130
64602
69271
57328
47941
58550
68058
59122
55274
55364
58430
55925
54402
54603
61135
48171
76013
59973
45276
63239
64932
58079
65694
48521
63770
59733
65373
81243
67217
57678
67387
59202
63540
53561
62859
73268
44794
58921
57859
61706
71725
59322
55485
68058
66666
66566
60604
60103
57608
49673
53029
66635
57298
67417
60694
57769
53751
68819
54363
61575
49413
48882
57839
71855
60354
56777
58621
77676
61837
54302
55504
58109
58530
59291
75142
54332
59472
55294
66145
55374
64722
68569
55355
83316
57268
59362
68318
61726
63249
58660
78026
58971
81965
52299
76494
57728
59241
68739
58821
57769
58090
58861
53711
53410
44734
65263
57258
57789
53911
61546
66245
58831
79550
52469
73198
58329
58901
58901
63570
57659
61846
56155
62818
78407
57599
61386
57418
67076
82506
58571
73749
63580
63069
58339
59903
57769
61476
58019
59653
58400
60855
59512
74139
54753
59672
68439
48611
59021
59131
48121
57558
79359
75753
58340
67007
67577
66255
58951
57749
42329
58530
58079
41539
57458
64772
42239
57669
59292
48711
64591
54192
57688
55795
41929
72376
57799
41698
57087
41358
63980
69541
41869
64432
64702
43352
64311
34675
65564
49683
59041
41428
54152
72075
51848
59281
58099
41799
51728
64021
41679
64692
70883
41308
64742
52138
41809
48922
57799
59332
65444
73839
48151
75963
58550
52970
51597
57698
65233
54362
61446
53902
44634
55314
63620
48301
64602
54573
42289
64030
58831
47329
52760
57488
52940
53992
55705
62638
41719
59041
60474
41718
41638
56347
41197
49684
52549
41669
64411
44975
58570
46047
63299
47790
49193
42370
58199
41689
61987
42039
59051
49664
48070
46127
59091
51407
58320
53761
64411
54142
53150
64171
43662
64572
66585
55675
68239
69411
63931
47850
58580
59873
42270
48371
67568
41047
53390
41849
67427
77036
41127
49403
72526
41899
73609
57979
49193
57718
41038
71755
58470
67136
62818
60755
74079
58921
58119
53290
63219
48952
73738
52639
49743
53049
53090
75562
52990
56266
65633
52118
58871
65633
54643
58461
64021
58240
53260
66495
52789
52499
62237
76413
59332
58480
61666
68238
58390
57949
49733
62177
58070
60795
66876
58460
64512
54924
58681
48862
63339
57548
64461
67777
69431
64772
67236
49444
57970
66094
58129
58850
59272
60964
57879
58430
57959
58710
61686
61195
80942
41097
62828
41959
76424
58290
57879
58611
44965
56997
67838
59201
60985
58330
37581
61075
49604
58741
67427
57798
57970
59732
59442
66976
49884
57999
67618
45976
59412
57568
58831
69431
54503
58971
46617
63249
68288
95510
46628
56135
58891
63790
58139
43872
58260
65122
53250
59182
58671
58911
58139
61255
58480
58731
58149
58821
57518
81283
58440
58720
57718
59051
58891
59392
60754
57489
57859
64091
57428
64271
57970
65423
52399
61426
57418
63950
55204
70913
58039
59001
57529
59091
82546
57889
57849
49584
74039
64321
57408
64041
48401
53732
54914
55464
71144
58750
57669
67718
57848
63059
57388
65493
57629
67928
58019
75492
58570
65423
61897
64973
56667
58049
72797
58660
73108
60263
63880
67386
61025
54443
56426
57889
65343
61395
68779
66586
58480
57449
64652
48421
62869
63840
52940
49203
60083
49012
60133
58620
60334
59101
58170
60584
73378
58491
58701
58851
57899
58800
63920
57518
53651
58620
57849
57769
58210
55685
60153
53000
85361
62208
60404
57358
59262
58070
65974
66405
59212
58209
61125
60634
57849
46237
62117
53120
50085
58039
65373
62638
58410
57338
59222
58500
65012
58861
62578
57718
60254
59613
65874
57448
59142
45555
61747
53631
67678
67848
70293
57668
54293
55033
63459
54703
53040
55064
62959
53020
57819
58310
60644
60844
54263
50235
55184
63390
67647
65132
66795
63479
65804
64191
64602
64331
67256
66435
63540
58931
71435
68188
66726
58100
68088
58640
58069
62668
83177
57839
75051
61345
68840
65633
58530
58010
72516
57529
74720
59002
59221
57588
59723
61125
61195
63069
65774
55464
57378
59111
58219
57197
59673
54633
55986
52660
68579
67627
60133
24207607
51266
58340
67547
53982
75262
59312
58089
58200
84149
54233
53581
59102
51897
77757
66164
58220
45275
55765
66185
53400
50405
69761
58129
58601
58250
53320
58910
57959
58450
61806
59222
57538
58581
57739
69982
74951
82966
57789
58901
56006
61556
53701
58270
58410
53651
58600
67477
58671
60373
53340
57659
62478
60133
53701
69681
46056
54763
60865
58750
58700
52048
57819
58781
73979
59783
57438
58961
57418
58069
68308
48812
57638
57769
65544
58060
57659
61075
65413
58410
56386
67226
52359
80121
58911
63811
58340
52749
58029
62878
57178
57799
57207
54813
60895
49834
57819
66766
53822
52509
53060
60344
64651
53090
58771
64451
66526
64501
58420
52649
58480
67607
57839
64301
67858
74360
58049
56567
65192
69391
64211
56656
58260
67196
67297
65423
63750
63229
53210
84058
48361
67227
60675
59121
58189
58090
59072
57348
68660
59532
62127
54593
55734
64051
53090
47149
54412
53311
54863
56667
57798
46357
54974
58199
54152
55204
61406
63469
56115
58410
65714
54572
60764
51778
57438
55865
60003
59232
57478
46126
58650
54432
57679
61035
55174
71234
58240
55023
59441
52449
55785
54964
55174
52439
67898
48642
58821
58460
57969
63650
58751
64281
70693
66095
65994
67947
57528
55484
59993
57518
58300
73498
67327
59241
48411
64211
58921
67277
71595
60875
67457
58711
75562
52589
65303
71725
59462
58410
58921
57819
61276
65423
61786
66275
60945
64281
67187
61656
71194
54122
60884
62117
61415
65363
67317
66515
60635
53631
69711
57509
53451
58240
58450
54413
58200
58040
58019
49393
68068
57779
41778
86422
58610
47960
56065
64231
58370
64111
58189
68408
61866
72446
58871
64672
58480
66645
57448
58550
57778
73909
57408
58230
55023
64181
66355
58350
57688
68189
57578
56607
62768
65133
65363
64562
55284
69871
60674
65743
59001
52729
64732
49293
59983
58951
57809
54783
50856
58309
57799
66485
58460
72106
53420
70934
58340
61486
63159
58971
57769
63018
58380
66445
67186
62478
64912
58360
58260
57839
55014
54833
58750
66405
57929
57738
75181
55324
71775
55735
75973
58891
61265
55103
60404
61356
64681
64762
54583
59332
54662
57609
61636
64902
55034
58440
58389
53049
58350
64592
58981
57709
60885
58630
49704
58209
79791
58080
58760
58040
62949
62317
57629
59241
61596
57669
57608
68299
65222
73970
49213
68970
66936
67277
59652
68328
61887
59742
64040
49804
63600
59052
57267
58320
57669
53090
55915
58119
57759
61255
59431
61876
52409
59151
64101
54953
58710
64341
60905
43972
57599
58100
67537
57999
53070
42320
42029
49212
70192
53130
73348
75773
59141
57768
59342
64722
69742
65844
48371
71996
58410
57639
45726
58580
59642
55565
60293
69902
58541
63580
63520
65643
58009
57758
66355
57969
65153
62939
57799
57759
65714
58400
58520
68229
57819
57128
57629
57829
58531
60544
62417
53560
57799
59151
58390
85862
48772
57829
57558
48290
64572
68049
57899
57789
49764
58289
77416
82616
57618
67578
64712
57879
66675
66726
57919
59562
58450
58180
57378
62688
50294
56386
66134
62898
65374
57798
65233
75662
57899
54934
53621
52870
68348
61045
57899
48752
60764
73489
62678
58881
48882
65223
58149
68829
66555
57528
65513
58620
64512
65874
52959
64732
65323
68238
63259
67187
57939
63740
45396
45566
61416
42210
49644
77355
45927
57318
42149
57459
51547
52689
83076
56055
59312
60224
58210
56737
63319
70442
60855
55825
48882
61315
61886
56417
55475
55945
91221
59091
55915
58219
68579
58991
62107
74400
59001
57238
64551
70192
68860
61415
58259
67607
46357
56686
62147
64913
68068
70763
55084
62277
58330
71365
52630
64972
59402
68559
62668
59592
58851
61686
31229
54162
82966
32381
49283
78117
66555
53872
57779
88557
58430
58880
59342
62337
59342
71665
48592
28443
54853
67277
56436
52759
30838
57758
70243
61686
56487
58480
28774
63900
57889
57699
58551
67567
65333
57619
60684
63199
53550
64110
58460
65944
58099
64091
73388
78127
47489
56687
59923
56506
58961
77376
56146
59101
83297
67548
66405
57980
47380
59202
76073
58460
57569
58560
65033
56326
54773
54643
58651
58761
57899
76945
60894
57799
57278
58520
58340
55945
59592
57388
57668
63379
58410
57629
59572
57759
51968
57669
58320
67247
59401
61346
57337
56417
57749
58541
72266
59912
57047
48150
62137
57358
64381
57378
64541
59231
49052
45796
57388
57498
53300
56767
69992
53761
71495
68870
57469
80552
69781
53030
56977
66696
58811
56987
52719
53541
44775
52850
56125
58710
68579
56737
63379
52789
82506
66506
52719
56216
59261
60705
56817
65273
57749
75332
53992
58880
55945
73849
65784
68619
61756
61466
72928
64792
60785
69170
62167
68098
57358
61195
52389
55785
58320
68048
54372
53902
52629
57107
55735
53160
57117
57438
83116
56477
60273
56607
71014
52790
61596
61265
66806
57248
61877
55985
44764
57198
53220
57408
52899
62778
57799
53270
57618
53651
52669
63921
64662
57198
56737
60114
59281
46939
58901
59082
67978
54542
53341
57559
79690
57929
55464
58210
44975
64351
58009
57819
61205
58660
56637
55123
52228
77185
47750
57899
53120
57719
60594
56606
45776
57068
58561
57729
61256
77736
57859
64451
81684
66876
75222
65803
69361
62047
66035
66615
67407
63930
66465
58751
59242
57389
64842
57869
58721
71715
62197
56456
58299
57187
58771
53340
67206
73979
58840
59171
60364
65613
54453
58079
55655
61636
70122
58159
70803
58480
58821
65604
53511
53360
31980
56006
53430
49874
67136
58741
64541
57798
64181
36649
61385
32321
60664
70803
51127
78358
59822
57869
58781
47961
64051
54032
64361
61005
41558
67788
58370
56507
59292
58780
64441
58390
57729
62818
58540
73899
57388
68810
59151
53160
56777
58971
68559
58410
48822
67537
63350
55284
62969
59432
40927
115277
66344
58971
57398
58110
42180
61727
34475
70192
53190
62668
53581
70252
54953
63970
44704
57448
50055
64402
61586
58991
70633
55805
54914
60424
56797
61897
63680
65594
57779
64151
58460
57939
78317
59121
55755
54894
53030
53220
57257
62638
78097
56817
58630
65584
60033
55615
59733
58690
58810
73729
52789
52759
65233
41919
53330
52729
41448
71695
59181
41758
54413
57659
44244
53972
58309
41859
64321
61155
42600
55986
52429
49153
48912
61005
53170
65393
52730
46648
67437
67878
58009
53992
50244
41749
58059
68198
57488
53982
57749
41859
61415
58931
34806
52819
53110
34816
68589
57628
65793
42250
68368
72056
42921
44684
60714
41478
71695
75833
53902
52439
46337
59272
58951
60904
61216
72476
58691
58670
57208
66425
58880
58711
58540
57298
58510
71234
68710
53190
70021
59642
60644
59772
75302
66295
52789
52319
60364
58089
53210
70573
54273
70462
67618
61947
64742
53281
45235
53521
53110
61896
52198
58390
57950
58911
55395
58250
71254
60885
69841
53411
54833
68539
57939
59071
54121
74380
64091
58099
57959
74210
49192
58410
52950
53050
68198
58080
61365
67587
70152
58691
41158
61246
41469
58510
48281
57709
67417
55264
55915
58921
56657
45445
53741
61365
42600
59682
85761
35497
72106
59342
43993
68269
61997
41408
64431
57939
65583
41448
65173
59261
48111
52238
65103
73128
63209
40937
54733
64692
41057
45145
53191
48471
57308
58149
58240
59272
61396
54252
57619
59362
64031
68108
63650
64571
43422
69050
66846
64902
43622
67968
67737
41538
68809
49734
66365
41287
59161
58170
42510
66686
56928
42861
61266
52790
41939
64662
59222
64522
55695
53751
57909
59422
54082
53260
57829
64241
52679
67858
47510
55725
44283
48361
57749
58300
52789
53290
56116
58170
59011
58430
54783
58730
78979
44234
58800
58259
58660
58420
59361
57658
49934
62758
53330
57368
57569
57929
58610
57549
59222
58851
49554
62558
49644
62026
57899
58390
73298
58420
55144
54713
58120
65694
57989
53320
70243
57909
72506
68709
92113
66004
66595
59091
91412
58179
72627
80451
57839
73388
68098
44975
60163
72867
55384
64963
60063
62237
63179
57929
66636
65173
55654
60393
71254
58470
58721
48351
59241
58090
57348
52018
57258
60064
58330
48702
52609
62899
67858
59111
58911
58370
58159
53450
67046
50054
57719
60364
60605
69411
57699
77315
57358
60013
69230
67647
69271
52239
54953
49273
67637
58290
65453
66775
65905
58450
77646
48702
64973
65704
66655
66525
59041
66616
72526
68209
65614
64782
35267
48001
65413
52449
62618
65223
48070
56396
58039
73087
67938
67618
53581
55074
76684
57699
58210
68189
59081
59221
48190
77256
61205
56677
64701
49233
56687
41407
64672
70523
64261
59642
66615
46377
63069
47850
63540
56026
58310
55876
57719
56266
60935
60434
55815
58380
78669
67737
48671
53030
66365
54012
59262
64391
58771
65153
52810
59953
67177
53551
58460
68228
53190
55535
73358
67186
58751
65434
59372
75642
58470
72356
63650
59362
57618
60844
57208
59663
58180
58611
68178
62037
59191
57889
58941
58079
53110
59162
59623
60323
57438
57368
58340
54132
54022
58941
57728
70393
58240
67497
59212
64511
61275
68649
52268
65033
58390
58670
63640
69551
52899
66335
78688
57608
67117
58561
58359
57960
74912
76925
48551
58650
65793
58651
58991
59301
58951
58080
70322
58961
62978
57959
58089
68790
52669
65374
58501
57718
53030
53050
59732
58640
53080
41709
58370
58680
58550
53441
57939
48401
57449
63219
57679
57208
70593
38843
52639
44223
82887
64321
72487
68760
36369
63680
64962
58039
58330
61516
59693
66446
57869
42470
65664
59021
59712
41949
57789
81113
63570
74250
57318
68288
59211
67708
52699
60855
61406
68318
48090
61085
41388
58490
60134
59291
58190
61456
44744
67387
45385
62879
49553
57608
41518
58941
41969
57799
59562
57829
51046
54994
42219
67307
58620
78177
57839
58851
42370
68549
57839
65393
48171
53530
41258
65563
58781
53090
58721
41157
53311
51778
32531
58319
43863
53371
58370
58130
64261
70292
40917
57307
46367
59121
55524
96521
63821
61095
58280
52769
58360
70102
53451
53371
68349
59442
48882
62077
57278
58160
58721
58891
67978
52949
53170
53090
53170
53330
54212
58270
57658
52759
53842
61206
53651
52809
56937
57658
67758
57889
69261
77055
50385
66776
66826
57889
57939
59301
58861
57699
65113
57969
56657
59032
75201
63309
65353
61536
72226
65694
58350
58891
52008
46026
53310
76254
66836
58700
60023
59222
49173
61576
67307
59432
60434
59251
57748
59853
64181
52849
62167
55345
53360
75602
58781
64932
72767
64451
59232
57889
53010
49202
49813
57738
67808
69431
58731
55504
65914
57027
63350
83597
53350
59301
59312
57588
58780
61055
61476
57288
54212
52479
65573
58370
59111
53751
74380
61296
65293
65212
41758
64231
54282
55153
57558
58320
58992
58440
54944
71925
54693
57298
57959
60814
66816
55755
54462
56146
35467
55194
31800
61015
26751
56136
54463
34876
88266
31790
57017
49734
31880
63610
35386
55584
41368
63640
39956
55134
32010
64201
28213
54863
31530
41007
95670
29555
46238
31670
55224
31068
55154
31880
46307
31539
82746
31630
54663
36158
54593
31670
56426
54292
31419
63690
58811
47349
58500
31529
54192
31569
55405
30728
56186
31269
55184
46658
77386
36318
47078
36168
55445
35637
47279
35497
47720
34655
47319
31109
50966
36219
47689
32090
47940
36358
61706
31620
46577
31139
54823
32030
49162
31840
109787
35768
65043
34445
60204
27291
63459
31650
59712
31459
96031
31870
45716
30958
57378
36529
55664
37741
55594
40326
57027
26670
71665
31600
54954
47259
35257
64762
41348
53290
31660
54052
37831
50495
42450
47420
59823
62939
30858
46257
48932
28864
55183
30908
45906
31670
69681
31379
54904
33453
54983
31520
55004
36879
62798
47759
36178
47259
31489
47590
32080
55154
47389
44875
39774
36008
55294
38072
54172
81223
49082
57228
73609
59232
59011
66004
68148
66946
67928
69601
45927
49403
64331
57518
65624
48512
51997
57719
70713
64622
53691
59362
53320
57698
84008
58049
58540
53681
57819
53009
61546
53741
68479
58250
57849
53010
49373
52989
61706
70492
66455
65152
70122
53140
63069
52319
53591
46167
52979
72156
48772
57609
62518
68779
58049
64702
58490
53611
59331
68379
53110
59442
58430
54353
79389
54592
59462
52850
52208
82085
58269
53761
61656
58200
58340
59913
58440
58461
66165
59391
63029
57839
57899
59583
52899
54082
54092
57077
53441
62067
45937
57779
54532
54453
66715
58099
58149
56687
64923
53110
63770
58040
57859
54262
64451
52819
61315
54833
57208
64381
59241
54042
57939
61206
58389
53160
59682
53952
58029
64893
67728
63951
75512
74210
71133
61416
58690
68168
57949
71564
68599
59772
64342
59332
59352
57658
67537
53971
55374
65533
59823
58711
80842
57668
55103
64972
55414
59302
58751
72326
49012
58911
49403
63449
58761
67497
58339
61686
58320
64662
46638
58460
74280
49303
59932
59251
64802
57748
66395
58741
57869
68108
63910
69371
69250
59311
80692
58430
71726
58631
36068
65132
63790
67077
54333
68870
67206
67847
57699
75031
32161
54483
77226
57619
61686
75051
59121
58340
58500
58510
66325
67036
67988
59953
90300
58269
65063
57108
62147
62147
59842
57839
60794
55795
58380
58410
66635
49043
49242
55595
54873
63239
53190
57639
53441
57929
58811
70092
58530
53721
58010
58440
53561
57428
57889
59121
53641
67738
57949
60934
74641
62638
61055
73719
52529
65003
62377
49063
66265
67066
58430
61385
62137
66334
58390
58249
65293
58139
60063
67938
60124
57569
57308
57628
56807
58911
59522
52428
60925
60634
59702
58299
58380
61005
52579
65854
60204
67417
64671
65533
65714
58531
65724
74230
57658
60594
62838
44894
63750
48632
50045
60363
58570
67247
79740
57699
52879
68018
61966
55033
91743
66796
60274
60224
54512
60113
58991
73508
58260
66886
67918
53801
53831
60825
58220
57228
61907
52789
59783
59472
70563
54292
58280
57418
70783
45105
49112
65103
57268
59171
67076
58330
52879
65263
70623
62427
67006
58370
44303
62718
48521
57588
69662
58981
68529
34575
57278
47299
58330
67918
67758
77516
58030
64271
57909
58841
57559
57859
48742
59412
54983
59031
58080
56998
57889
59362
41739
60043
63009
42379
65283
58289
43491
70523
61205
45596
57458
57719
41578
59442
49182
42119
59592
57308
47459
58259
58170
47540
66755
53591
61015
62076
59252
57459
61366
58490
58530
58681
67146
59693
59632
49073
58070
57678
53721
68399
67918
52449
74219
84609
58009
53721
65122
59492
71906
52358
58159
63680
58190
59352
66284
63960
61596
53420
61355
58190
58850
53731
57869
64501
52789
57418
56807
59262
67407
62348
58039
79500
72446
58871
52308
65964
57688
60023
60654
66234
56637
58460
62278
51116
59572
61646
65333
60574
45596
61807
58540
54322
74330
59171
66986
59222
52639
68509
64712
58350
66616
67968
60764
54743
61386
48702
65143
58790
59021
69882
52299
52158
44995
59261
58180
62618
52990
60304
53090
49543
58100
44594
52169
49203
57157
53651
53792
66696
52639
57478
53431
62898
58641
74671
57458
69060
49312
58230
53250
49894
60865
57288
53140
48532
52869
58440
58500
54062
52499
52710
53090
53591
57889
59211
44934
53831
52679
53050
67016
64732
53341
58340
53962
71345
68278
57929
44603
67447
55114
45285
64050
64161
61686
61816
81002
57889
52478
56626
48511
29326
45465
75412
44754
58992
52519
42600
53280
57999
62648
52870
58320
58580
53421
57939
52269
68429
59432
53631
57708
53611
59452
58179
55074
67728
56396
53150
58721
61235
53821
52128
53991
67377
53651
58119
74951
57628
53240
61516
57799
60754
53551
57298
58620
57929
58640
50094
63900
52018
56587
59162
58690
58900
75382
49614
57558
59291
58490
53621
58880
63620
57368
66385
58060
57959
70863
59702
54753
44704
62348
65594
53541
58811
65604
58149
66225
67086
58660
65062
67447
58220
74320
51597
60804
54282
52749
75372
58871
70373
58140
59031
54533
59812
58179
57829
59573
67768
56426
47439
68840
58109
61867
47800
67457
67116
58651
58651
58901
57789
77546
58259
52879
59171
59953
61967
58720
57739
59382
70693
70463
67217
83577
60073
58030
49323
75783
67517
64802
58841
64762
58670
83778
53250
73238
53491
65914
74209
65393
68899
76654
57328
65874
52539
59502
58871
58040
85331
58170
67497
56467
69380
77266
58540
81594
65864
60414
66004
59412
58109
69851
60003
58400
64572
59001
65082
58000
58741
58319
72146
66105
59162
52229
68138
57869
69781
41839
58059
42690
60183
58320
58581
59291
71134
66546
67718
58540
41739
50194
59111
67488
62688
42029
64992
58640
57198
58520
52779
46277
63439
58340
66565
41768
59221
52118
58430
58340
58891
41808
58460
41589
71966
63529
70452
42991
49052
41178
58811
56857
69672
41909
58160
50265
58461
72557
78628
66025
67778
71244
65803
64170
42070
60053
58761
46557
67618
50906
66154
49673
46889
58280
54933
66645
57940
56246
57508
26840
61997
57859
28754
46488
49553
53441
59462
70102
35587
60634
61846
57579
87514
57428
41759
59001
63018
62768
59091
58069
66314
74531
57989
66204
58771
58700
58079
54122
58690
49093
62147
71103
50706
68619
58490
48220
68950
57618
67948
48771
43312
57188
57889
59121
63970
66656
54653
69551
47179
53521
57779
57839
58440
29556
50856
57208
66675
67958
30328
96572
59983
46427
64211
70553
66465
59281
52890
52680
64993
64431
57939
57549
58951
53671
83598
68229
58130
52659
57739
63048
58440
41869
61305
41558
58440
58130
58901
72126
59001
35196
57388
60774
72036
58650
59151
59732
63790
76214
59943
53281
77015
58941
49483
60524
41338
77436
58480
73959
58880
61967
41248
67236
67588
58570
57919
53681
47289
53241
56696
61616
58701
41728
61155
58571
58660
58961
58681
58400
62097
53110
59221
58309
68670
68008
58340
60634
66956
42039
57889
65614
68539
41378
64211
42751
58981
64962
58190
63169
53802
58600
49203
58891
59592
67868
59071
63550
41297
58080
42250
57819
57207
54543
63940
58891
56717
61165
68689
44714
59362
58059
71404
59372
57789
62017
66646
35036
70643
42369
66325
49022
65343
57889
60814
45025
72516
60684
64101
59322
61396
52289
66135
58640
59152
65744
49764
48351
58971
57308
57518
63920
53651
48451
69931
60844
62427
68899
49443
47440
55164
53330
43001
65484
57789
72937
53060
57378
41659
55274
65082
65733
49333
59573
49313
64502
53842
67266
59693
57468
45966
67597
42200
64422
68589
49483
53120
49854
58911
52469
65944
51737
42650
58640
58039
56516
58180
54162
40797
58010
58039
58761
75642
62277
57759
59902
57278
53311
58350
59883
53030
58640
70172
59312
63710
41558
58320
53851
59211
45015
58931
41218
63880
58050
67657
57538
63049
63249
41488
66185
67547
61776
53661
57689
44705
74570
61065
83126
67768
78438
35487
70874
65424
41869
57779
66836
53420
65533
60774
53441
57408
58841
62107
47840
71334
57969
90000
52750
49353
59012
57478
57749
69210
58280
47710
82976
53491
67156
64852
66746
42050
65473
42019
67426
58620
65363
52860
69160
57729
65784
49253
61145
69731
58660
48762
66856
57328
42120
58871
58710
63970
58981
44404
66184
63349
58380
59742
63630
63680
35056
58941
50766
59713
52528
61716
41769
57959
57899
56527
58060
46568
58841
55785
57398
58591
58109
48491
70393
59202
49403
68138
58180
54102
53090
59782
63299
35236
57277
42380
57618
58220
54943
61085
59623
41328
64391
57729
66395
74681
58751
58480
58550
31559
58289
44815
59172
52088
64752
60995
68148
57889
60775
52368
69110
48100
63469
57999
65794
49393
59402
42460
59512
57869
66766
59252
57658
54673
55745
50134
52800
72918
58370
59322
65193
58801
52759
68539
63970
58460
73168
58721
70964
65544
58319
52549
67206
64211
60864
60253
56596
62237
55995
51888
68028
71345
44063
73478
68389
57608
79230
67176
54243
49073
65192
48140
67988
66065
52929
58099
71284
58370
59242
49092
58239
67598
64491
58570
60484
61606
58530
57819
58430
52769
67528
59542
59322
59742
57788
59272
58660
57899
57788
67287
60924
60995
58480
58290
66355
58440
66846
60864
58279
57599
63439
59312
57609
57859
58110
60924
58791
57859
57227
59482
68679
60644
57979
63730
59191
52569
67167
58080
58040
97233
57909
58209
62979
62768
58259
64882
57949
63880
59372
65814
60114
50565
60143
65734
75001
58450
62297
72627
66335
68569
53882
58149
68719
41869
61525
49683
52579
60614
61656
58731
58200
58531
74400
93927
78638
69521
64171
29986
59112
60805
67367
57859
66105
63600
60754
65564
67607
67267
73920
53180
60614
55144
59833
82655
71424
43822
44694
24416
55123
71595
61847
70713
31580
78478
55595
58821
57348
56997
65663
58219
56567
77356
56947
68119
70633
53391
70813
60895
52799
63309
65604
58420
64221
58279
52790
57959
58270
53491
71004
53391
58480
58641
57579
62478
52539
52949
74871
60724
60193
94978
64652
58510
57518
65242
58289
66836
59281
67327
57889
58300
58780
58100
64992
58531
58691
64451
65914
57638
66004
58480
68419
70803
86593
57538
57989
57649
57990
65724
59552
50205
54733
57438
58080
60323
59652
75482
48692
58049
63750
58140
58290
50074
53080
69892
49843
58430
63299
48932
59231
59202
58009
57408
58059
57458
58951
58610
60614
57839
57779
57729
61065
77135
64472
57258
58340
44834
44193
41979
58460
53661
58450
45906
58050
48361
64552
58861
66134
63760
56907
35156
64391
67838
69060
52699
42710
63169
69922
65383
58591
55354
59722
69481
58059
63359
59612
54172
57448
59402
55164
58149
59492
67416
55775
58440
64592
67397
67898
53020
36048
66806
50265
35757
57829
59562
57879
58530
40977
58240
58490
58109
59112
59381
74340
57568
60824
57458
67246
59171
64491
44554
60974
60374
67057
77225
88467
58871
73369
72717
49162
57859
53561
58701
53351
76855
59452
52760
50455
57739
67658
96432
57949
62327
52749
49403
57899
53090
58159
59903
56456
65624
65563
58400
48502
73138
68479
52830
58210
53781
65895
56747
55515
48721
75341
57308
65954
53311
64892
67206
52999
58440
67988
55043
67046
56316
55564
57639
58159
58420
67667
70563
41508
65744
40977
57388
52830
49753
54282
34766
73378
57118
56356
58590
58339
71936
58140
64020
57408
58410
59201
78218
64942
48491
57738
54012
59722
49193
57428
59482
57127
58219
67838
57458
58189
58991
58219
59212
58419
56336
57147
54934
61997
55505
55865
48592
58660
68289
68008
55344
60624
57748
81563
57609
64181
55734
55173
61525
66064
73929
51537
56356
60754
65153
53160
54894
71865
56436
60974
66295
49713
52759
53711
61266
59612
57489
69440
66876
59122
58080
58600
53070
57338
55394
57378
58299
59221
58851
57809
56957
64171
58941
57970
61957
73468
53411
61075
62307
57899
62047
87064
52269
66546
58551
77205
58330
45495
48311
66185
57708
58981
48702
68099
57298
55754
58560
53320
58620
59272
58089
58350
58019
66175
53550
57057
52609
48531
61496
57448
59793
67377
43742
49443
52578
57187
85291
75943
58991
55213
70112
66345
53692
60775
58710
65483
77055
69010
68839
57919
70483
61395
81012
55714
48301
62548
37921
78558
52869
47750
58360
51848
40396
60164
41579
43752
67126
53811
41698
76284
55705
57649
58249
68399
57589
71644
58049
64011
58891
67628
68800
64271
54142
60975
63770
59573
57599
58801
57568
58290
77105
57358
59011
68138
63500
56176
62307
73388
55184
61095
68459
58380
68389
58480
58139
58841
65503
53560
53781
45646
59121
63830
57258
49383
58460
59662
58260
57678
57708
57709
62297
58280
67647
58190
50775
66926
58691
53280
67617
51728
61145
65743
57959
58700
99717
58700
57749
68348
52920
65724
76854
53610
57909
53331
57789
68139
61225
53350
59331
78097
66114
56246
58029
53440
65163
59261
57689
72857
67196
67488
60334
66615
61656
75532
56987
73057
67237
63630
53340
65443
49423
57638
57698
71795
58109
70543
60274
42240
58791
58451
57589
58660
79910
58430
58029
57989
45235
58891
75582
65744
64191
57688
66284
102463
60343
57368
64802
55044
60363
71405
57087
57468
58370
58610
77025
52529
60964
59181
48672
60834
58100
59181
58340
58600
61415
49323
66305
58019
58140
57629
57338
53631
66656
58099
67768
44785
57348
53821
72276
48511
66204
58009
58961
53801
58931
66065
49944
53481
52499
56256
49644
58189
63660
49153
73889
57218
61375
52298
68189
59322
65874
57669
60043
60965
53371
45065
58621
67317
58340
76063
47620
58890
81894
58660
50194
58700
63099
57448
54573
54944
58691
76995
66215
66134
62657
63610
55805
58581
76694
57698
59512
58651
75271
57448
68529
57609
58019
58230
71284
57248
73369
44905
69371
49644
52639
64782
57318
88397
82856
67908
55715
48010
66726
65904
59882
70232
62588
61236
58009
65443
59041
65333
58930
64391
49763
62117
66335
63009
64621
107052
48852
73779
52219
77496
58129
52840
49243
66125
58480
65513
71705
58150
68339
63820
81383
64701
49793
49343
73068
52689
65653
58821
68960
66566
74740
49834
59452
67537
81574
50806
72136
58430
72016
52999
70723
55053
65223
52760
76824
55144
73859
58239
69872
58640
65132
58601
66756
66295
65563
72687
66355
59011
54122
57829
67156
58911
66134
62809
65473
58540
65604
58550
65193
69921
53160
60363
78398
58240
75442
58530
53581
76383
57779
58931
57448
56587
69060
62678
67146
49183
57628
42009
69531
52559
54232
58320
61756
47920
51377
70713
56887
62027
61406
57488
68539
57759
66535
66606
63820
52178
65593
62006
71604
99126
66345
59362
74190
63770
60614
48982
65313
66285
65043
70863
67096
58270
63950
60113
74050
59522
52809
58931
95881
58129
71114
67717
61707
56126
66165
60744
70803
88888
52860
57849
65984
58680
59071
52629
60273
78839
62377
65112
58830
61195
44373
65593
77766
60915
67798
65103
79459
64782
68750
57819
58069
74511
61256
78568
58290
57789
53701
66796
52569
64722
57859
65333
67156
64822
58130
66656
53080
67678
56396
58140
48792
65954
58240
58781
55414
53841
74741
64542
59192
65182
49103
60423
73879
57328
59542
72917
67557
72506
65644
61305
61826
66686
57838
88677
69380
59312
49583
67637
57368
66155
49162
64872
68218
61786
62558
65063
62227
72246
55605
62388
53010
66085
67357
55104
69611
55144
58670
66967
54232
55424
50865
57939
60644
55104
55464
54974
55875
45786
65684
59252
37140
54272
60123
71254
58750
33213
61005
57438
93786
57628
65934
55835
57458
54713
59452
61286
46788
68509
52749
57678
65584
58711
56967
49022
54673
67998
75873
58100
43021
57758
49833
57608
48762
58350
42350
57688
53471
57508
58189
58730
42951
61636
72907
59482
64641
34976
73769
53110
59372
42420
59111
47199
71655
58460
69361
57588
68439
41218
49704
59291
58740
58269
78888
42590
74580
59312
59632
58329
65363
67838
58430
61856
67096
61135
58521
60584
58500
59231
58310
54313
44163
48321
67888
57659
58621
58320
60655
56536
62097
64852
47669
55365
49524
56997
54733
61276
54703
63219
58480
55254
56667
66636
58841
66776
58811
63630
47530
54523
71475
49954
68509
55795
55204
49633
57909
58430
65723
58370
55504
62788
46568
54533
65062
60854
72527
79920
64842
62437
55244
58440
59301
55615
60424
58299
68219
58250
65673
54533
55855
54062
66816
70974
54783
58170
45676
55654
46868
59152
46588
63530
59542
48892
58219
57248
55194
57308
54784
72466
57979
56797
57909
69090
54663
56447
72817
46508
58560
57969
55754
60694
59652
60264
73178
58871
72337
55465
54002
61015
54412
66014
52919
66375
65443
60664
65945
58099
53290
48471
58660
58531
57799
60084
42180
49112
78187
58490
71735
60684
57558
84228
77977
59342
57889
66105
58239
65103
52819
70162
75442
65003
48051
57979
41348
64742
57688
67988
57939
68549
41158
65934
58140
74801
76554
41718
70062
58009
60343
67156
58570
66585
75382
57338
49603
66415
48982
58851
48942
62688
41929
57628
41538
58210
59592
58510
53451
67978
49483
24486
65323
53311
57478
58460
62939
58320
55274
58610
60344
42811
53631
43411
75743
58130
58941
73628
43492
58100
49082
58911
58269
61877
64200
58860
57568
75632
57659
57388
59402
48642
58951
64751
71434
51687
48451
62998
54452
58390
51928
57258
59211
52859
57519
58991
59221
57799
59012
58049
52840
62167
62348
66936
58641
49463
67236
54303
57679
60644
57869
58811
57618
74540
58570
58690
58089
58820
58179
64241
50155
58580
59272
58000
49152
69732
57929
73538
53832
57658
53761
61586
49273
58289
50656
49333
52670
57889
44694
62317
61576
58600
48661
65383
52880
59813
56436
62107
58129
65623
61085
32832
59822
41688
58370
61165
68790
58500
62698
57839
49092
54453
68289
58420
65163
66426
59452
60133
42630
59301
67748
57548
73739
58430
48862
58460
41098
67307
62578
49723
58470
49683
54112
41148
61536
47379
77075
59141
48150
58531
68349
62658
44043
62097
58400
58991
50024
67798
29275
56206
60584
66365
58871
41659
79159
63560
49864
58159
60414
60654
58580
58430
69090
57679
43983
74190
50204
74430
64451
47750
65493
42830
59271
60123
75632
44964
76233
46007
55264
52309
67608
75372
72757
49023
58730
59041
58230
59292
67367
55334
44855
49192
57628
72928
57869
41868
66886
42049
64742
58250
58009
64872
58270
42039
65293
41758
59071
66435
58981
57929
49634
41508
58771
68840
42179
59903
53210
65163
58671
41959
62087
46387
58310
71735
42901
59462
73899
63830
58380
62428
62949
58229
76104
64581
56116
47610
78167
65724
60935
57999
59522
52188
42450
69200
57278
55204
56436
58661
46027
71886
60815
58461
71885
43091
55675
54663
58320
68169
60143
55745
67106
59703
53030
59032
49303
59973
61826
67938
48020
53190
45185
59612
53731
74430
65142
58059
42761
59492
53851
49172
61596
58991
67868
57298
69400
66745
57989
61616
68219
58119
49613
41377
76534
42490
66315
28825
50465
31620
77786
36078
76524
46858
31329
54863
57588
66505
53240
68399
55334
59512
59782
60153
73168
59252
54854
66234
52769
86182
58551
58870
48771
58861
57308
67447
57949
58230
60173
58280
64682
52639
67487
58880
59131
61225
58861
67457
55224
44363
53030
62768
85952
57979
59572
58239
65183
58139
58350
58360
59001
72466
48892
57909
59121
69341
58120
51507
58370
66585
58721
59993
66134
58992
56767
64581
32280
58790
59873
55394
61756
52929
50295
58620
58620
48781
61686
47299
59842
53190
58530
50425
53851
58801
42099
49042
58009
41087
53130
57929
59231
66545
42540
57589
52899
59843
58500
65153
58420
74600
62097
43171
48742
58049
52720
58269
28604
46988
31420
69421
31089
59482
31349
54042
26290
47911
57378
58740
42300
66495
42460
64691
36249
46347
32020
56386
40957
67667
31359
60694
31429
55415
43531
58320
33984
46377
32031
65724
31560
50635
57028
46999
31480
55836
34686
53390
38763
71234
59893
66646
58100
71955
58830
71765
58209
58210
58190
53461
58420
58881
66926
57569
57719
66656
69861
78387
48531
58861
69671
59302
70573
66705
59672
79489
68098
65273
48762
59031
58480
47329
59021
65093
58841
57698
58430
58180
65874
67267
58761
67827
60985
60094
69180
58790
67698
55295
62127
58681
66385
74450
59331
53721
63940
59282
76915
57949
59152
58079
58570
49403
56406
57838
71484
67367
59181
49223
70803
81373
66856
61726
58991
58570
58790
65544
59011
59331
75623
58279
59011
59171
59462
61616
67618
59172
57999
58240
101681
57468
67197
58140
71785
57949
67557
63340
58139
63109
56045
63399
65333
60244
75062
58781
59031
81002
54873
58501
51847
64822
58099
56507
59341
48762
57708
77826
58450
64721
57709
59352
76584
62338
70213
67176
52249
74720
67136
65434
66735
58631
65894
58521
72256
57248
66275
64271
57699
61566
69882
66715
70001
65083
54853
57047
85231
58821
58721
65543
58961
52559
64291
57999
59462
59001
62137
60484
58250
62117
49323
58009
58480
56877
57277
65573
115708
58410
58269
97674
59251
62277
58210
71084
71795
67436
58129
60905
58370
67808
58240
59061
61205
66264
57679
58430
73137
74881
57919
44313
62227
54592
52829
56276
74179
55765
67978
58841
65804
58060
85531
58670
64892
58590
68459
63119
58520
53120
67327
58540
49142
58290
63279
57999
58751
58309
58460
52649
67607
61386
65263
58140
57659
59281
68038
57949
71003
72036
55524
66085
46297
66535
60514
62137
57628
56616
56056
59242
63660
60384
57638
76775
69761
61035
66455
59852
65684
59141
58170
58380
55866
88347
69822
71324
59241
64501
58790
58059
59181
73207
58931
50896
55013
57989
73028
57508
65403
61195
58410
55614
58671
58510
57488
55375
56116
60233
58711
59352
58280
71434
56446
61155
58270
56697
73538
66135
55625
70363
55505
68319
64392
56938
73920
59222
52448
58961
57799
65573
57859
58170
65032
58761
67167
55545
57929
58400
56516
49313
62738
58060
58521
58851
54864
59151
57559
67267
55775
58830
58631
59292
63680
98365
62868
47650
55975
63980
59743
58099
92474
57929
57227
48852
68149
58470
62608
59081
59121
47579
52950
59542
54553
57849
58821
69140
68068
59021
60574
57909
65263
68229
65694
63400
65474
58540
48311
72557
71405
74661
63289
55143
49733
57718
67578
58030
57738
57679
69732
57398
54934
68899
57598
75542
58330
58320
62036
78037
70593
53571
62016
59212
57989
58420
77085
70613
57308
55645
66846
57979
62638
52959
68058
59021
57969
48532
58260
52990
59162
60755
48882
61095
56726
58490
55775
93035
58019
68308
61276
72125
58070
44755
74460
56035
54693
57709
67797
57819
66435
58520
57659
64442
65713
49644
65754
59282
56977
65583
61736
56035
55885
67326
59292
57738
66064
58299
59452
66856
61225
66776
77426
64251
57959
61116
80562
67066
57459
56086
57969
58009
62799
72496
67598
57468
62347
64982
45095
77957
58329
57448
66886
57749
66675
58891
60534
60384
57789
67887
63960
60453
69952
61606
53080
58861
75362
58440
51567
58931
56927
57969
75212
58780
67037
58571
58129
59402
64842
56717
65223
64592
57158
76354
56276
58209
52318
56717
60855
57919
53010
52900
76824
61496
59002
60183
52519
58340
72496
58390
58781
57538
57548
78407
53551
63219
68008
68078
49604
56587
66145
57067
61616
60494
63680
67547
58610
58931
69301
53200
58260
59643
49573
68158
59081
58340
57989
58320
58730
57428
75863
59181
52259
59121
59271
57058
57228
58641
66735
62498
61436
53831
58220
64101
48532
58370
55775
57629
57659
52880
62468
53160
58270
61455
58620
70703
55895
52779
63850
62948
54062
52158
49313
57167
66586
52789
68509
79350
58119
54653
62518
57658
65413
53972
59643
77156
61045
66264
55514
60514
64241
69460
48401
65212
64582
69651
66215
58330
71014
58370
69130
58170
58179
58249
57068
57969
59963
58270
68730
57539
53601
61946
68229
56557
58901
57519
58640
58200
58610
66616
58400
58089
53300
57418
58330
73107
65924
66976
96191
73749
57688
50094
58109
61015
71214
58269
61305
59732
62388
78608
66515
74100
55254
57769
63019
58160
53341
58450
65774
57869
50014
65263
58149
64141
49063
49433
68950
60494
61385
58169
57809
58440
58480
61215
57779
71645
77216
59142
58430
59222
52128
57479
53180
58540
61466
57438
58951
67006
57488
58561
58029
44383
66074
58200
58189
58029
65974
66826
65153
62447
68048
66465
104477
52980
64902
57739
67527
59823
53040
57198
49794
58991
53561
54152
55975
72076
57899
53802
61916
58600
58621
65994
57639
53711
58199
67137
52169
59482
75092
65664
63920
67678
64491
71565
64471
65964
57739
65163
66856
58650
59061
65273
59602
56126
65844
68469
71424
57529
64311
62107
50114
67267
57519
65774
65814
60845
58349
64752
58800
68690
58329
60303
52649
48932
55885
64060
57749
65473
67667
48301
66184
52810
75863
59982
67868
65974
60334
69391
55875
64332
65313
55745
68619
58079
57959
58290
59422
58480
57659
58109
57237
58150
61225
52940
74871
59051
53711
59382
59182
57909
60023
52309
62208
64382
59151
54683
53240
52169
75602
43702
58189
58660
48772
47760
58700
53531
64492
73508
65553
57438
54733
61866
58731
52739
58360
58160
53170
61035
62197
77967
83336
59813
91462
62338
66234
76113
72347
83898
57829
58400
57378
63199
80040
88967
69360
59071
58440
67137
52058
60875
57388
58720
53511
53410
57418
57308
48351
53150
53681
72947
68569
59182
66696
61967
60784
59391
67918
58610
68489
65443
48812
73268
67487
53360
58641
66916
64501
66665
73598
57929
79910
66705
83076
53301
70332
56176
52438
66766
71645
57699
66215
55204
58861
69511
61857
70924
58811
64121
57838
65634
72326
49674
78238
77776
61746
54913
61505
71595
57548
65894
52589
65393
66756
82055
52389
66435
110919
64582
57218
66044
56125
55645
52309
68499
58931
72566
57849
68469
61015
58911
74250
64993
61175
62999
49934
64150
60163
67317
76734
60153
53110
60664
66845
51577
68158
57979
58410
57479
69010
58661
53210
56998
57268
58089
61806
68509
57478
59411
63420
54342
57589
58591
57629
74971
56847
58621
70533
57698
68269
62578
58611
53060
58029
72687
57559
59101
61085
58640
63599
59242
58881
53761
65033
57458
65623
58120
58340
54031
63059
63239
56777
57689
58691
61876
65794
77957
66254
57568
67346
63620
65493
69992
57688
78949
63840
58671
64311
63179
66646
56927
55294
59572
80231
55925
66906
65243
64301
57949
67287
57218
57568
59191
73399
57929
87696
66665
56586
54533
65733
57709
61345
65253
59282
57398
66525
81543
59282
40957
70974
55084
56025
57388
60684
57238
58721
59301
58921
83377
66896
51066
65133
66656
56406
40145
57879
62127
58060
62227
64010
78879
65153
59923
58791
58790
58039
65654
57388
68288
65313
60484
59252
77917
81093
78167
57508
64161
27923
55013
68640
59763
43562
67327
29435
55234
69260
59301
42340
57959
64101
59492
60164
68590
59081
57558
61716
74360
58049
65213
59733
57318
67788
59452
55264
64411
58661
59232
51938
57849
63189
58920
58030
58580
54342
54483
54913
58520
76344
58290
58300
68098
60784
67688
67918
57919
59141
61926
58460
26079
48852
30627
71855
62067
58650
57648
58099
58160
58971
53360
67196
58410
54002
66676
61686
53170
61245
65403
66495
66536
58440
57378
62267
59391
59011
41609
58591
60844
64381
58991
57879
41438
55143
54723
56076
54673
58951
57328
57719
59832
55023
63720
70272
67578
55374
55915
81894
59092
54212
58029
62498
67537
60524
55114
71505
75091
61356
63239
63990
62848
61346
54061
80171
55194
56676
68138
59862
54032
65734
59722
75011
58299
68659
55334
72156
55415
67057
54493
74259
57979
75532
66926
66355
62387
54974
53991
70342
58521
71525
55595
70783
73950
58320
60715
54603
64441
54823
54262
45686
54473
60043
55144
55174
57798
66305
55084
55395
57708
57749
57788
68760
57398
55224
65624
58730
57458
58129
59923
64181
49794
78297
57107
75903
57568
51617
55054
61726
53861
60724
56907
64462
85812
79008
58651
59973
54652
63289
54924
63290
55275
67457
57448
54262
56987
54883
75021
57368
54542
55525
52338
58560
57598
52458
59472
57458
58760
73899
58140
71254
57718
57719
67376
46898
74259
44644
59692
57639
57959
41738
54282
42250
62117
44674
57779
57849
70543
72887
52018
54713
79660
70102
56977
63449
55274
59592
54773
55173
55354
77065
58109
49423
57578
55835
57979
69170
