179277
145224
165923
205016
232017
154571
243388
134063
214093
162606
228189
122200
184828
131157
228850
101341
225415
146817
194707
107823
187172
140154
222258
150243
192593
162496
217970
128342
265220
118072
211799
96882
210757
178186
288774
177795
228660
102593
169809
138060
191591
117701
172294
138371
171964
123011
236806
136667
200127
157898
206299
182894
218992
130656
184788
118303
236596
91823
222970
183826
225826
94498
235934
146145
229573
142338
176652
118223
215926
114035
200598
132820
185169
141046
241835
153309
200257
155322
193314
132810
220145
126418
237136
166593
220375
114776
225415
194897
227198
176182
225895
122701
204485
90390
195719
137569
205507
134714
211838
103465
223902
150924
196620
97824
228320
163388
200918
84459
205718
138040
215155
111520
225365
94849
200457
173958
221217
102874
187853
192142
236566
231506
174679
121389
198244
105880
209725
138731
219102
124985
255380
109947
188055
171333
183285
122491
198844
158508
224272
150293
255411
178095
190218
175911
310214
150053
171634
136146
233850
98736
187994
204324
200106
116369
181432
117431
216989
135746
202301
114395
204294
118253
235744
151004
186681
142268
279977
162276
196209
123593
205447
117421
197401
143270
190098
137398
208022
124515
234702
132409
211969
126799
166053
128893
203423
130065
210035
127590
209043
155543
184637
101250
217489
134373
261552
163969
196530
176432
203332
125075
210646
133551
203032
150934
220956
123643
189186
103625
222760
113273
213281
204345
205357
98836
237226
137780
229643
148751
203203
104157
209906
123984
225786
218091
215335
167716
156434
124735
215787
151426
205858
120076
214814
118944
219703
125256
194917
132670
193755
182604
252425
126087
216357
212460
257124
225685
218772
224393
193595
232478
280047
210937
212951
174840
199265
213823
197452
204986
190349
247025
348787
236265
228230
228530
246414
217860
223621
184076
231306
245613
207351
244140
240964
201369
200488
159260
238960
233399
208633
192873
222289
231586
239542
217950
220465
199566
197492
205307
236926
204636
238840
224833
230584
193034
282683
208663
204816
239221
231096
196420
210346
219112
180049
208242
253317
224793
226205
213963
193084
210206
207821
247216
204465
245161
192443
233409
220255
229893
190649
219183
243648
213071
187183
225675
183425
189427
231336
266892
313901
164961
175580
240904
305465
211919
222569
205507
299564
226436
275479
210767
224693
214033
213602
212189
225344
233810
277562
221397
214444
221897
209946
240002
241104
253127
210597
262545
241034
240443
174669
238389
220305
226066
225264
231175
240042
159611
233590
246224
229101
211468
195878
227108
217109
222830
222509
193484
191480
221888
230023
216096
211458
211368
212991
228491
216728
243478
230985
265750
217689
221126
209124
236195
239241
167786
174228
262485
228851
188334
226276
209905
215466
209184
229161
239000
203843
194566
192964
248508
195819
260640
165752
243880
259428
233099
222329
228039
292381
240934
228891
210286
234792
308020
196439
238750
176502
271431
233069
226366
232828
210467
212941
224673
223351
168858
231646
219904
189267
200197
168477
220906
237938
261032
225294
224453
220064
221457
231125
260911
204044
219032
217089
209946
267764
260681
214594
228330
225604
228660
203092
220676
221367
198714
327136
232678
265530
190279
231867
229201
237848
211559
188625
234662
219544
206810
220175
229101
208713
211589
228621
233320
182233
224934
225926
225484
234181
216648
230694
209615
186040
251143
190779
179739
198695
159120
210476
205306
171683
188144
194566
215125
233619
240603
214214
200678
192082
217780
189927
204034
226477
185119
192603
255642
211378
174428
224613
237096
217901
269197
231335
232999
221597
215696
210527
236545
223300
238389
214684
218582
271952
228480
247115
230775
222018
238168
236325
221507
220986
205157
195579
215546
220425
278104
202551
202892
243619
215105
217479
165512
292010
236676
334360
217330
214914
191230
211168
227168
222659
234201
270329
218261
210576
205687
208843
220565
173186
219213
339990
200047
196941
221046
186882
189998
212300
220345
278334
252065
212530
196590
179218
210757
233029
200818
204935
241384
231466
237837
227319
254720
223491
181852
224343
249740
220064
211278
311155
221527
191741
213983
218010
234672
228440
172224
236505
225675
191621
191210
213972
219874
229051
217249
237287
205798
209995
224973
191230
238278
210326
219012
207811
222159
231005
212160
258727
292100
204925
213102
206589
214534
228540
184047
227047
242377
227158
235273
235384
230373
236886
208743
209234
211649
221106
203202
220625
188725
232778
196580
201880
217580
195438
213392
197061
219042
201068
202011
177905
209504
284215
255611
231826
244922
212951
238088
220555
212740
229683
287752
209825
182303
229252
189687
185209
210276
214784
230745
225415
243769
305405
244771
232678
222509
215817
220736
220585
211238
242166
226436
227399
205056
187263
240212
226606
189727
201449
184848
204635
228230
185329
223651
222328
186411
181302
224683
231416
223831
190158
303902
226707
225424
259379
223851
259889
235293
225395
195979
224734
240153
215426
191010
209705
193504
230544
248138
251684
175009
240783
231135
202872
240673
255942
186231
232288
253337
214354
223672
230695
223160
293593
202541
229042
248949
241344
226857
216037
223531
205827
182434
186081
222529
246294
224924
268746
226687
247626
292811
325473
194546
193234
241384
265970
230093
222489
197973
267594
212861
251253
208242
254619
218571
261722
219123
262694
201168
232308
214995
241485
184367
235233
211579
204546
225915
259479
214614
260411
210437
201039
212940
207581
236927
266412
233400
225224
223191
237668
232268
217008
228000
224443
194406
205758
271741
247817
196961
207110
218551
288814
194536
213952
228931
121218
200046
223641
194216
212881
196780
172074
245692
202471
221797
129524
224592
188956
199515
192953
225835
220295
221808
213091
216137
188415
224032
215014
199585
219834
206729
162957
211098
241314
207841
224803
216918
224232
187313
231125
225735
229171
232588
170060
296338
260130
195307
213892
266693
225504
237767
185850
155833
256864
149130
232407
252846
228500
212210
215536
226006
213812
220445
195307
222339
189336
229131
239922
247256
277433
244370
225584
229552
270769
183545
219454
231075
238289
216147
227429
190018
197452
248177
208974
199776
217319
195188
231216
260250
238309
253858
224923
238068
193294
228701
219393
164940
226396
181933
261823
226185
193054
198564
268476
192793
210416
226947
227268
230324
199205
207781
219313
228410
206549
221708
286770
229492
230674
236866
283955
233420
221947
255731
232107
213141
212801
226476
179718
218362
219083
187303
218201
270128
216327
216699
287241
213812
241104
225304
167636
224353
213211
301939
164780
207190
216207
226647
334390
190238
225565
186040
196039
222289
220525
221237
275298
235303
226977
210587
197863
263396
225585
248999
219674
214213
226477
211428
224493
212651
194035
213362
227508
234461
214053
219263
241775
214164
196680
217079
222900
205367
188945
220826
176412
196961
223411
176402
207089
213082
221207
200568
200798
203714
217299
296208
165952
295266
208352
216067
222649
213753
249309
175140
194987
208072
216297
231837
257324
279145
263065
263185
213832
208482
224322
216798
216388
202732
217450
204155
205167
212951
226426
229993
212861
182374
226817
264518
112061
189357
193765
237287
148069
233119
212770
208142
211529
220335
188064
190969
230644
212130
190198
212230
205817
266402
195679
206118
208793
232317
224893
217139
211829
166414
224132
213042
202171
217269
178315
131708
228460
131858
239131
176442
194697
218441
233910
220305
197652
187412
137859
220675
206399
221337
218260
240343
197181
213402
227198
147157
206719
199877
256322
198183
225465
194486
261352
121629
168858
190058
207331
188485
200858
198754
206128
191291
211227
222940
189036
195127
218872
189026
199316
192302
210085
209805
219403
195658
198043
213903
240092
208853
209514
193744
116490
223380
127540
236144
198684
229011
187203
229903
206339
256022
186221
215807
202131
230664
173616
214094
235753
199676
206779
234291
205617
194827
208021
193434
206790
234622
197692
222999
221928
216578
139423
181932
218211
219473
212941
184788
237697
212531
121829
197442
195798
191260
215676
204104
215636
167145
184728
190388
137248
193314
198865
194346
268646
161484
213732
177114
248438
120447
199947
183746
244009
126388
219884
159480
143871
185750
190379
161905
247647
128833
186982
211548
190508
248788
116699
197842
220315
158468
225805
212700
158298
149221
214765
180831
182814
154331
166533
219994
173627
215155
169019
186541
155783
225344
156985
216999
206358
171954
199236
176442
125907
234902
219664
130856
234272
186421
209385
219092
175590
170261
195067
160612
143811
189477
229572
205788
150734
271161
248849
201449
177193
169189
204526
173697
222549
234962
243028
156003
203534
132891
168878
212550
134584
211849
160051
215516
162937
230574
216308
212500
149712
216918
211448
220185
164309
176853
166914
184257
170211
210817
138451
178345
208071
129404
209414
167886
283514
163818
210406
185760
193995
267563
195748
215195
238379
249520
231606
237858
226196
228320
198664
242387
219163
157476
214083
162506
214845
207160
186180
204805
230053
258296
275960
225124
238409
259368
226566
259979
250662
268766
232297
284176
238509
183745
196119
206138
224673
206278
225354
246384
196469
217469
249370
224603
218221
223741
234561
205317
229282
227879
229071
219062
220395
204015
213371
231546
225174
273124
304533
232458
273345
249210
231015
256302
220626
312288
218902
268356
195989
217730
258547
228260
207601
226576
203994
216097
190389
229572
219353
215365
208513
227047
191621
227398
211088
219573
199896
244320
225955
236004
209915
230183
269298
282241
242086
206739
216016
235744
227148
188435
225805
219974
190509
245061
215315
278615
222148
256764
177163
216668
169740
203063
221116
237958
210787
224162
208703
194136
261522
221276
261643
173216
254830
227358
232217
229602
220615
242036
197883
197753
245693
224693
234661
201510
218100
215015
223030
210216
215155
170211
189256
203323
168287
186471
113634
201510
233570
144121
205907
141517
205507
179909
189507
220165
208092
267273
264879
131077
196310
234401
170011
205387
201409
207351
194186
216408
280629
212620
199005
203273
192101
231466
276360
289865
246064
219403
126438
218652
229151
171854
226276
128962
178286
209294
208703
187373
216558
213171
170161
191280
200818
214554
252265
232448
236977
203303
231716
191852
222639
207881
197893
215466
214894
269427
204816
239811
232868
217429
201499
205096
165612
212109
225956
178816
199135
216077
217279
247906
212751
205908
199626
193424
194737
198444
164469
224012
235243
222439
208262
197442
214945
215706
209754
204626
212720
196650
204586
207651
196650
198574
150934
262745
210115
225965
221848
279617
210056
237608
214133
272723
209234
223731
200608
247145
213212
189778
210606
228470
233590
198845
166163
233059
156154
163077
212680
200618
216999
240764
197973
209876
213262
209114
204695
202030
201529
251623
200838
202271
189737
183856
314582
225264
203173
224363
194046
158989
177895
195308
250522
184487
191951
248167
222209
191761
198534
190549
196080
252075
280108
213362
202331
165382
193544
200768
210727
189507
217730
178767
186181
231926
232828
198163
229963
171182
205907
207290
228511
198785
193905
208984
217139
236846
203884
191421
216818
253337
162907
211689
211047
216327
199255
230644
177434
178335
183145
235824
201630
207561
216457
235894
202452
208563
204114
244059
211709
197352
217710
207150
219233
183956
208643
286390
182624
207000
190990
214915
197782
197201
213612
246895
195207
184537
234913
209735
201580
239360
203183
257585
229612
169910
243388
211839
217449
271681
186822
206548
219403
236325
237928
222148
207872
214154
212390
270980
270139
195147
223591
203613
133582
227168
216478
264859
144011
196710
202150
188345
215917
212099
212140
229232
273385
236445
246684
280168
217489
235644
258076
220425
202271
201199
224192
211768
181823
195137
153709
221938
156745
223050
185309
183555
258587
204324
186271
156635
215917
208282
202180
232528
226246
213271
229612
326194
219042
206659
209685
222238
198955
256012
207471
220876
223872
201719
196209
187644
202521
216418
197282
191240
214203
182122
216558
240482
198133
221037
233980
186451
194567
219924
226997
160021
209324
146205
202902
199966
163137
203032
225735
214484
199135
166673
201129
223861
216888
252987
256303
228942
242326
199536
106150
199075
214975
252736
212450
167606
195348
219162
227899
261302
181541
168718
209054
239601
226236
156816
227779
168868
240743
261903
188304
207411
271121
171994
191560
167245
267013
206839
218582
175631
234321
202682
186271
189316
170361
214103
219704
202191
176803
163377
186932
163818
202621
216838
158198
207570
198513
213702
208743
234342
287451
169309
172515
224323
213703
201058
224693
213552
215596
215035
179127
214965
238168
210066
219744
174809
229332
236726
212349
213352
205797
194175
181552
207872
192563
212811
191932
216547
225906
207320
280348
212591
230804
219914
294675
212259
239191
205898
192963
165130
218130
265580
168297
263697
205066
202221
190458
175892
194677
199636
215155
210967
183746
203733
207200
278514
178736
179658
188746
223290
222620
187944
210877
325583
263747
219373
204105
169359
222569
207962
222609
187643
212721
254830
195648
142749
227178
213682
217019
230484
210216
124374
190338
190068
203414
191451
134163
199796
220866
172044
197833
253958
195618
230314
211228
155262
210857
223862
211027
176793
218271
241675
204515
215376
239321
224843
223962
231165
207200
229121
166343
236696
232127
250422
235303
214744
191250
217790
209835
147268
214845
271701
188064
200778
207641
166473
161384
229563
221978
248237
193584
165502
203293
200317
225665
195238
206729
153018
211869
194747
214895
210316
202311
187383
191731
215185
192984
222980
201690
214564
163007
200748
228641
204695
269587
210016
233570
193565
241585
229562
25214054
228741
227268
215276
235303
209745
217560
161855
234582
253407
201619
154621
206880
159160
362633
236565
246054
281020
327346
227158
227568
248268
229913
259208
264478
228731
308511
210156
327647
220946
195589
218291
213061
233400
214374
248858
200067
278334
327917
254830
198674
226086
275048
255882
177224
221297
193975
214534
269627
273845
274557
243178
220946
199836
229643
226566
207681
228149
279757
275078
175771
219523
209515
174529
217559
215806
252997
169570
206178
242597
203012
241104
209234
165462
214835
210627
201659
255832
214855
213212
216468
257224
222529
295837
232699
269537
277091
249149
182374
218712
247156
211238
229872
244741
217931
208673
218352
208673
189878
209945
205638
250502
239802
216547
241745
199906
267554
215095
202241
182844
245492
217159
247155
195649
219984
241204
193524
223802
224523
228811
210717
154181
241345
229121
198303
193464
178466
215726
204836
195448
192873
233440
213883
262104
231366
209074
195759
195899
174389
218802
232789
207010
220635
215256
217389
318951
213853
227448
194817
241956
206799
193435
221257
218291
259668
258838
214063
234943
180089
198935
213792
260801
197522
178486
210266
231816
215296
234181
266702
217259
202160
215957
217239
242737
269638
249820
251373
227067
222048
196460
192894
234912
162607
224603
202492
251303
202491
211779
215686
229032
159740
230814
214383
231917
215646
190619
153980
220235
121649
228160
147587
231917
120997
175530
140936
272453
112783
200427
140284
231326
159841
229822
154902
225374
122461
255762
121229
246213
126538
234652
125897
232517
246264
100990
198052
124855
190990
150283
209304
255101
137098
167756
142538
202812
128372
204866
186381
189968
132129
214895
108755
273265
144803
281921
108535
223991
138691
232769
178446
223460
125486
128241
128662
192592
137800
233760
197131
225935
97053
238909
129644
225836
120176
244912
126538
180209
160582
232868
109046
221127
117511
238259
121649
217520
122822
201460
162325
217710
121228
225695
120727
201329
214624
111620
195318
196900
194746
267033
188796
259458
146716
239992
229592
207801
261963
204455
259759
215896
255281
229252
229502
236005
200788
165832
236906
230824
209875
239431
198594
219053
226286
200958
176643
155082
200318
220775
207891
231996
209705
164510
266822
247527
153198
216307
221016
202180
162686
186351
206469
213041
166243
211539
211438
230404
179539
225054
307319
189937
167545
195067
211038
206990
216337
208713
242827
174589
216197
207200
205437
192242
193394
209645
186612
220175
187042
223571
248929
199786
201700
202101
168096
171543
193996
206088
210005
195789
237126
276200
196430
261372
226236
203904
196420
310504
292711
234732
205798
214453
216207
215296
198053
220125
169419
213792
226607
216357
286649
201690
196660
207801
210527
215295
208132
232919
210516
193223
211979
195408
210717
220044
237968
162376
227187
194145
221186
213031
223091
242346
200808
225685
169299
221006
211909
223321
209154
255771
240743
216107
253898
210636
221267
203744
296248
211519
218602
228810
221437
202731
240994
210336
202782
191651
196020
205667
268665
307639
181401
210918
181272
184588
229261
218582
202572
191040
199185
223511
208282
210506
145514
193474
258196
211728
225855
187022
194406
258276
196530
258877
222939
239331
203564
228500
205046
214524
166033
209805
219543
210036
196540
162105
183726
174789
230514
254479
213763
224363
190759
211428
176703
202771
245442
166062
218822
226467
212761
185299
202952
220595
212961
227368
205026
214353
199866
215065
194436
230043
180840
170290
243458
212761
224583
222789
203523
254689
194436
220465
244029
168787
206829
218802
212580
213271
189357
280749
203393
212911
214453
222909
219223
223901
224323
219393
219964
185479
194065
244100
239802
232137
212790
216658
226987
230765
191811
265740
230134
141366
205006
203763
266793
175740
189317
232056
231776
189196
192102
2238675
199495
209023
204134
219223
229953
206639
225705
235434
238719
217930
216228
221307
218742
181622
214193
178205
180830
195558
198354
222890
204625
224383
210536
215225
331204
207029
209645
212560
227518
202492
231166
202081
255351
222409
228941
149301
206319
201390
165501
239310
184387
163648
231826
183054
231636
170070
246133
215045
188135
217008
222178
160382
191871
261001
187283
214544
208954
234602
179448
270530
212460
179779
177655
202631
222529
207251
207630
249700
208643
224774
215005
173567
175400
225534
203684
200267
152016
182354
200888
242597
170882
274317
233219
258998
212170
226576
213792
196820
192342
207931
259609
264988
236906
203413
187283
199325
225876
192863
249149
214564
221317
205988
216838
272062
186170
211879
187763
220756
209424
238128
203624
191391
208152
204115
223430
183295
191059
200538
164129
221096
206559
167726
175079
268907
206879
172885
226526
209073
190249
198905
196610
200968
205618
199907
199926
198984
215466
192884
163669
203563
201279
266081
234612
185278
222489
166884
186361
187383
230263
215266
267213
224834
218100
193544
247937
198744
210066
183475
262234
187383
214724
253076
208493
205677
198103
267694
171363
189547
222699
200708
224012
208102
220144
201429
185820
242217
223060
214104
203894
237457
207230
208843
166544
307629
213522
205316
227047
202331
220114
209575
242126
176022
202411
233339
217910
229031
208212
238800
240032
222418
203102
218872
212921
174739
200157
209886
171273
223841
276100
273064
170010
258276
214574
173847
237377
174137
268175
215205
154892
206809
149882
226146
217389
224553
140915
176111
156515
203713
209625
205076
203002
203353
223541
161524
205507
159661
235964
181392
203083
203654
182974
232739
215366
234001
170090
198273
114375
183956
174047
211388
225445
234041
245121
158959
122009
270108
172715
203403
200688
198384
193845
214755
186681
206249
211138
233900
219504
219153
230043
213372
191050
199215
253988
232267
208743
210346
288924
206489
218392
211328
217018
203613
221036
190749
217229
222068
248468
221237
241906
208132
229913
208963
176833
211358
232568
182092
245433
221588
220184
175600
223341
201409
199366
261563
191060
205326
225855
212941
189266
188345
191350
209003
174368
220435
160142
250101
224002
294103
209645
238940
233841
258527
203543
231256
231226
236917
218171
165782
230093
233450
183916
246645
223280
224222
197812
188545
184989
225204
158949
170772
207530
253207
233340
213141
194817
277552
183285
183585
219313
198584
238669
220034
223120
212280
203503
218210
215656
181272
212591
193354
173557
208783
184086
224833
197392
227448
283093
165481
225885
215065
161444
223070
241345
148950
233410
183055
235693
278745
201189
156294
224132
159120
165912
186231
208442
256673
192172
265399
134293
153358
237858
245993
180830
212480
194246
174118
211498
175591
172444
173216
166233
258436
201760
197021
206629
169920
263756
189126
198454
164440
184477
219172
210777
195408
192953
182984
196871
214995
145975
190900
208443
168527
163147
225484
113344
195799
212520
215255
218632
205507
207090
164831
253507
208392
306998
233780
212280
188265
164790
205948
144001
262434
184487
228130
169069
228861
162035
224483
263456
164560
225856
161935
259609
211328
167175
303332
212430
146325
208452
260190
225675
198804
228009
136046
241023
209956
230614
217119
264538
223420
216027
250832
167816
212851
139092
218962
193855
249440
213061
244370
203012
172084
311015
172385
202662
169990
248468
223821
226767
171953
216177
176342
221808
221267
265230
225134
172264
208513
232798
213632
194245
209284
225634
218642
244821
204325
253929
239250
237217
170691
229372
207861
202040
197322
306937
219383
256864
237207
214374
219713
209815
187874
241966
207651
242567
228099
233580
235373
248368
158368
184938
185389
267563
216768
227468
172906
210256
219753
254669
193063
221297
225274
201299
206288
227038
199115
214834
247136
236205
212631
210817
216328
220506
216818
207470
223701
212340
243929
222900
279957
224843
218361
210607
268345
230695
202200
210977
224453
193554
267303
230403
245462
232588
217960
210496
199655
218421
253788
224142
216959
259208
216288
192372
198053
234271
207591
179518
213682
196290
297580
189718
278885
196500
232458
209294
237276
212982
211699
228260
218361
232498
241084
164811
177554
217289
235904
213833
264528
225655
211097
166593
222038
227098
209925
186401
216949
219223
250431
169088
206398
243769
251704
186531
196740
219544
217520
245111
170080
165642
203173
207891
166102
201279
166834
241325
207651
125576
204475
186852
186041
184968
175480
219594
229241
200067
311777
217730
198824
153970
199887
195148
281720
193655
201991
201059
207611
230144
211007
156254
221016
227950
160452
209505
215485
166063
218732
212250
218672
190358
227889
181091
216328
308220
265210
170250
228831
196821
230864
201570
253888
197041
209163
176963
219583
254459
222299
212901
240011
212681
219292
212580
231536
214003
219123
211398
164730
232297
260992
193364
158979
203894
204856
199936
208513
214404
184828
211949
236505
210777
218832
185259
214303
235383
256834
193695
217439
217159
218842
221037
168918
204024
226386
209845
222238
203112
190699
231015
239721
203403
264899
208152
211759
189737
208703
218060
209174
196510
203053
209384
215676
192753
206238
211448
218331
191430
224923
261502
258447
214904
218552
245853
200889
220195
235734
211708
203844
241945
190369
244370
206669
237287
241545
198553
225775
224122
218923
203232
279747
218531
155523
216538
216338
203222
177143
199125
233801
186601
224643
263256
170471
228761
166022
215936
216738
271251
209053
168006
208964
195939
214193
197191
202621
194887
197602
212279
184758
210366
143991
223180
219183
159230
213642
173567
204966
196520
178135
224743
231346
216789
315224
237607
228851
233189
225315
219253
205407
217820
239160
176282
230283
230755
194336
210967
222459
175270
273706
242787
189988
195989
202291
222800
201248
219233
225335
232007
275869
213262
190448
233169
260480
217510
208793
180810
173606
212841
233670
205226
216247
221878
189347
205317
190659
185620
221406
196831
222780
287782
244680
182814
199064
221076
173056
257154
200267
196270
213082
213823
234211
230204
219764
223331
237738
283293
227999
260641
180960
271832
202892
207331
282773
207270
187794
271010
231035
183035
210857
185539
222749
232778
222670
176593
238409
224433
198273
264277
206679
290717
211939
207751
215135
221988
204085
266292
181221
262063
264768
195899
219964
195848
257725
310214
214815
267494
225745
241124
202371
192713
214634
267373
226878
235864
207801
193985
232328
300215
206498
211990
286159
174950
192653
215005
182324
205437
289826
225715
214183
223160
291670
209845
217580
208102
175801
227548
210626
155492
204455
228801
166354
210226
242085
176212
244651
197592
195338
229021
174729
209424
206699
148069
216137
157336
203413
193093
179408
207911
241805
154471
215636
126298
215346
165371
224773
157837
183185
175761
192833
245953
237477
176973
179668
225976
155703
210566
218221
156675
219754
178025
157547
173507
214935
202441
221488
225595
150082
195348
222489
174168
151706
204335
214074
190038
206129
202622
156725
218913
198794
196951
268515
216458
158609
249319
209855
170932
172074
228620
171062
203754
214544
213582
171573
302650
230614
191651
157616
201168
158057
164420
196380
168056
212821
174539
227899
130756
205597
183415
180911
156084
209835
163198
218672
161273
210226
172515
208472
145775
206278
176402
192372
174278
207230
167585
172976
171953
186992
253617
197001
175029
182203
215034
227088
160893
203643
213091
173787
200056
215355
157967
175701
163487
285939
248247
156916
174018
224974
161374
282352
222349
183967
191411
165441
235143
214494
259659
235253
210897
233069
211448
201409
255882
213081
168437
295256
193644
172305
213932
204876
284797
205738
210436
195598
169650
210677
221707
194226
207370
217239
198724
209214
298381
197913
174889
215786
269558
219022
214474
267203
230494
218882
229251
183455
185990
208112
193595
214134
232908
191891
161344
220084
178636
203744
209946
218561
254459
219443
211428
210075
188105
215807
211759
193083
221137
230344
215346
213582
191821
245622
184137
242357
232467
262515
139092
222148
182624
306226
229522
224693
217269
158589
225685
262293
210807
238809
216308
135314
247186
168578
265090
209134
206579
208963
194606
205427
229492
175711
214203
226186
171984
207201
227448
216287
267193
196771
232187
153048
228220
267273
187192
160382
211448
213101
208433
204796
163288
224602
209955
201820
228480
181923
217870
186952
215386
267374
241905
233660
191711
231255
280088
218220
228731
214053
213692
233039
214323
220095
199797
187192
231405
217990
208212
221697
210727
199355
195789
214293
204085
203413
272744
230594
202481
216308
193164
342094
237017
225344
170210
233139
204535
231636
214895
175902
201159
195829
200858
279836
189527
216718
246935
224372
215245
205277
211679
220766
240804
196560
220605
220055
185409
229251
201059
232738
203864
278334
207020
237036
207911
213151
228039
202641
204024
200287
216718
221747
226426
201710
208913
212931
236445
216126
179668
198173
225424
235974
171843
195979
166163
205056
213682
221357
224633
212981
212480
227117
239531
211629
212379
210406
230174
196340
236525
205997
215837
193745
223281
266963
217660
214974
204475
270289
226947
221558
216638
237948
194597
268556
270329
191981
205527
215215
226096
188325
171963
215966
199055
162245
210897
232127
211899
199275
227639
233840
233449
171834
259479
207661
230754
211518
220345
221937
211178
205988
157737
202521
205267
210877
213833
202271
215476
226737
195057
176492
228069
208793
189788
199495
219173
218962
214464
171272
227769
183515
200748
253267
152678
270649
191581
222719
242557
188505
221006
253598
217159
219974
229883
208142
202462
265129
241635
314973
220836
248497
237197
211258
218301
221286
225033
304493
228710
258257
187893
219042
215866
266632
221246
252365
199536
239180
193945
193454
193785
192523
228019
270680
219353
211648
210035
207591
222910
210597
204876
174529
224593
269508
278083
255341
189757
173677
218972
277312
196930
298943
243238
215025
220756
233249
212290
199585
211217
192733
329531
208793
242175
158869
200347
207340
193865
173346
278124
227238
197963
232507
186251
224182
207210
185799
228480
204866
222359
216938
207380
270599
242787
322688
221176
175330
216428
220054
205918
220756
218681
162105
226346
249079
221788
212009
198574
210576
233269
215666
208192
202452
167937
229181
182664
207010
217980
205177
227489
247095
244471
213682
184447
196911
219283
232688
201530
173626
190459
226697
215757
183135
201249
210997
219103
222449
162095
247175
220596
265710
215716
220405
224844
213882
197492
220395
213182
223311
202852
156545
246544
179989
242667
280428
205577
199636
184157
200788
216918
204024
227648
206048
202200
224593
213432
211518
217169
256082
215446
218271
257054
250341
224272
161735
214133
261653
204936
164670
214294
222478
263856
206088
236064
206509
192232
278003
186932
235854
246905
213482
251023
206920
228590
205687
277963
216277
202472
181472
204044
245011
210526
187323
203534
186701
176342
190348
249330
150934
221386
221727
204084
220726
230855
213442
203483
228631
207411
207722
231566
157206
209143
220946
183546
222710
227839
166513
204776
174979
221957
227198
216608
219583
211107
208943
213903
174739
216909
215055
186642
214484
225054
179829
217630
222449
206539
212941
202291
212871
262875
268666
215936
225355
184037
214855
217309
211528
220906
256513
231797
231536
184317
233249
210125
246724
208753
189366
204034
197943
274817
223301
206379
257405
195488
233930
205637
197081
228139
254800
202672
222008
215616
237938
229011
222038
253117
176733
198714
220986
230384
250933
245793
256132
217650
161574
205136
194846
205607
238849
196099
191620
205677
242908
203704
173156
241785
218111
160803
221828
202240
174358
181732
219434
183255
232978
191791
201901
182935
211178
210957
206920
236235
196429
188846
250512
208984
216228
223521
203493
213963
203994
198484
206208
211869
239641
253357
199936
228631
234982
215135
210586
190339
191942
281009
217880
207010
199586
214644
161874
242526
226286
154721
192212
165401
182052
189908
280118
210817
241144
199576
234411
206569
230354
225585
165582
226506
199646
220545
257155
218792
194766
249640
216989
225775
221777
167355
203744
223721
218491
210336
214895
214724
224273
246594
204836
215235
229812
209474
197893
180209
179427
227749
236606
178065
188104
185339
193605
201960
212590
203033
218321
234381
170941
215436
236145
224272
227198
217910
202481
161163
202071
216718
214574
218712
201580
228109
221517
188034
191831
200337
214483
238049
207241
184808
235143
174930
224593
236194
245783
201881
237878
200658
219012
260100
168707
219854
197131
208993
223410
218702
173016
199556
193234
217630
251283
246414
221156
222339
238168
197031
197452
219023
219924
211899
152848
222489
227949
258457
258276
211188
162306
177895
168256
266743
176752
207590
242707
230314
189927
233469
228770
274336
201590
178887
207050
216217
206038
164610
219053
221487
179437
193985
215195
201670
236304
217931
216888
228811
228230
218281
228480
220164
202000
219584
217539
203233
205537
189527
231426
192522
224603
227068
220515
219704
228661
221517
208112
211889
253277
235243
260310
169419
219052
200478
173947
217750
229141
220225
208893
166213
227569
266662
327046
226776
210837
180449
208132
267594
203132
212290
207531
208141
209835
230123
237708
180019
167526
213983
197402
178326
222228
188976
231636
218973
205167
182062
213241
213723
230434
220114
167505
199154
248348
200738
220254
172875
187143
222870
253798
184387
222549
212310
216358
227298
216577
196520
210035
214814
213161
207190
184087
201098
208652
156414
165491
197372
184187
171483
267254
179137
218622
167786
193465
192332
221537
172254
208443
199827
218811
254950
217500
242617
252976
242536
190569
187413
196450
208393
215335
176913
209634
228821
246524
218792
210356
278184
213753
217098
271832
231306
227078
237868
217690
197702
198854
239952
215666
139092
222870
196179
218822
238600
220916
234863
224012
225354
233480
157807
237518
196460
273915
209104
221817
209645
210006
141767
213212
245663
125546
176202
220115
260881
186271
207311
266402
177434
239642
237908
220846
194016
217850
188845
129273
211769
238900
227728
217770
132059
230123
276570
196490
221176
205497
123062
242456
215736
254009
223671
203463
222058
217299
207651
207942
202932
212901
220996
208663
227238
209624
215525
277432
172955
162526
246875
199996
227037
236655
211789
227087
311837
221096
234241
200086
165392
240813
253718
199977
202712
219153
297279
201800
185950
220716
237788
222359
218441
317438
238850
213472
216819
185660
229092
219263
227238
184528
205817
195809
219203
204876
241394
230835
158528
218171
206829
214724
193354
218371
192392
188345
207180
203112
243328
219944
186341
140204
205858
209585
229723
206970
236726
185309
165632
193455
206999
187713
221277
207741
217449
191842
196189
221127
210195
316265
206779
200397
243548
226958
210005
212169
156154
190078
150172
191581
210105
233049
262774
221537
203743
161344
251754
203844
196240
231146
202812
218401
193835
223440
208864
217259
200167
209444
182915
225094
211037
256232
211128
237336
260049
223381
251614
255932
191621
265850
230173
219353
219934
223922
208853
229452
212040
207160
199074
218060
216558
210456
209885
195268
315905
187844
227528
216999
215646
230234
213041
211328
205838
209675
227368
223150
163588
190048
184949
181381
209093
194987
232428
221056
216918
209604
210667
202050
181222
231596
185008
223531
180430
161514
192933
209945
186131
212971
181342
226837
342174
210436
208523
223921
155633
263365
203483
217670
185349
207911
216788
217129
197401
264288
152938
185820
168898
223901
190979
197582
155332
165902
219824
229222
186201
216848
209685
231236
264317
216538
275519
219694
225054
199235
227067
207360
215626
213943
214404
242266
241154
246134
235794
233780
225674
299965
219504
166864
193364
161925
205266
213532
225104
271090
223621
228601
249390
216548
223661
217039
216067
200878
313200
208753
212049
201329
210888
215856
226006
202791
130636
178686
208853
193284
269177
220304
212100
218060
206489
134202
192703
121830
181892
239591
166754
336463
200708
198534
233990
159060
219302
203303
205707
256793
181371
199976
209855
171904
200869
244309
208493
243698
218582
233019
235363
283824
200919
238088
195628
210116
237247
237126
267694
218972
200958
266522
201149
211057
214273
206389
159761
354677
208493
216908
221908
217269
179748
228200
122852
249300
209254
190929
201168
264879
210676
204866
165021
225906
186431
193885
237087
194225
182624
216237
180459
219724
205868
208492
211889
204475
218882
236716
218932
212931
259028
222098
205116
151505
196280
196360
216117
232578
223430
188324
197252
224383
204665
193313
193344
230905
211589
271531
202381
208793
230534
155943
191290
209905
148079
262234
247646
183165
204786
192182
183946
193955
227879
177684
187664
228761
164851
215105
197051
168377
180039
168978
201189
229432
196591
145995
237848
232999
200668
175811
185910
179208
213932
267704
212000
209494
215315
163487
196090
222699
145344
213101
208152
134283
225956
190749
195448
177975
202180
217139
161775
164560
204606
168046
271211
311526
177314
208894
146616
239180
226396
223581
240983
231045
220395
218612
220134
257916
205767
202722
207892
204835
223050
245823
206789
200117
185971
192061
207891
220676
277733
202672
237918
200909
179218
235032
202982
184107
200056
245913
238499
237177
214183
220185
202291
205627
179168
215195
208583
234041
201890
223631
213231
225304
293092
231977
298151
190980
173196
208072
244160
238779
214584
275178
249661
209304
216828
227459
184037
238689
178135
177204
194155
227709
219914
288804
242075
206609
152547
225123
180840
193405
173978
246324
227198
227769
233129
179398
230354
168968
195668
199185
168136
229332
205167
138231
194807
223501
163999
268035
221367
171904
214343
227298
214273
189207
194987
184768
208463
172245
217269
286870
197652
165642
166554
245442
185449
153750
169399
175661
206549
231225
199094
208753
208132
204755
230413
216287
213422
257886
224483
196209
166343
205447
229622
225355
203083
238910
247526
166404
218161
178106
232097
174489
220305
189416
177214
301267
167525
172154
200938
175470
158348
223701
217880
214714
228209
224843
223441
190719
216037
211889
229622
260871
170581
240142
170631
199475
159480
167636
237147
218812
214955
176122
221518
226857
220786
218080
208061
228591
268275
154140
203123
218291
238469
223811
180790
215856
183967
226817
201019
225955
217699
228711
224913
226316
203924
217720
184928
224693
171493
212780
216789
230574
290787
189707
204355
174488
243609
217860
198293
182083
269698
212069
253036
218381
254278
209124
238780
206389
284326
217430
267053
275358
299013
199947
236525
183085
231757
212510
194496
199526
192692
214524
213061
232889
238279
196600
225063
245202
270318
213081
222158
176853
233219
224132
181422
197833
207280
233018
219323
175921
208934
244220
225285
221096
225615
215275
184277
199826
276961
178405
221968
209585
175751
195739
206840
265670
176222
258036
209004
225224
224814
188084
166513
174248
191481
221898
207550
253458
242757
229462
234612
174619
209585
219523
214804
230413
200869
263466
248107
262454
278885
208232
144963
162546
220375
164981
215105
221827
169810
228701
203773
199846
210306
196109
194086
212950
233660
194156
211018
238770
224883
188474
177585
226537
188154
228530
225535
171192
207781
177754
215977
243629
211729
218352
236255
162186
209645
168918
263647
215676
204756
204385
203923
218070
198884
208743
223661
191611
294144
202802
175551
207241
285868
207010
239120
209244
238509
219634
182684
186782
266982
210055
220304
220555
193404
163598
269368
204706
185820
203573
185590
337125
239230
254830
216688
229542
204976
292400
216007
231215
204164
216637
268125
202812
197842
195378
216548
222078
201068
206218
189557
199285
179969
185129
204355
173326
170671
215656
229272
230324
238148
234382
224192
207971
191951
206950
202071
231546
205167
212550
224082
204225
208703
212611
223020
212670
233500
203122
243238
221988
267354
242687
174048
229452
219142
240533
197051
181872
219533
232888
301477
283924
232127
221157
225184
239471
223702
225876
221958
237116
201199
223020
213973
211128
182664
157927
193454
244641
178436
216217
227107
189417
218732
214313
207100
194687
233820
124264
183496
191510
250151
283012
265179
270750
135736
255932
221036
223350
211187
234652
224522
220956
195138
154201
204195
190709
239351
165782
266923
251183
228129
252606
255992
240212
268135
258367
204395
215766
231556
262334
165361
248137
183546
256853
278394
238108
271060
272934
186852
290908
197181
214915
210707
252896
184137
250802
186551
238429
237447
254098
224953
209203
167976
246985
252145
251052
266362
244420
170150
275549
213923
283323
204826
222088
181662
239782
248377
241224
210797
204285
254179
184347
147227
237888
206839
213492
249400
245312
235594
232608
186551
238870
195478
226276
205968
289946
249710
255271
209174
247015
256744
279586
225675
232087
290337
221196
202331
270218
253608
260551
260731
239581
230424
235172
198754
228440
212500
237276
240342
251974
245573
210496
218021
242376
212340
236415
221227
246514
313330
226868
279135
255070
222469
244560
269207
257244
236255
246294
242667
244791
241094
249379
247786
263055
302349
242376
241695
235182
235022
235112
257505
235543
236294
190479
212891
243439
275809
247646
244450
239321
203313
268806
309112
250311
245131
251193
226166
249871
269878
241986
209985
238669
235243
260741
233570
260239
250792
295155
214574
240643
193254
202091
199175
237096
280758
266993
260861
248628
199515
233951
240002
247686
205046
232408
243579
238940
257515
260430
240623
274637
226887
204836
228810
241805
248528
221407
298302
270750
230654
223992
171392
269046
231105
208502
243769
233099
260541
215596
256974
280218
243459
233270
223230
214193
254119
235955
210176
243308
130946
257404
150443
197612
121218
235784
282342
149421
273265
150694
219403
246955
135696
240443
142909
224223
144683
241495
187352
230815
142298
293823
121389
213753
130025
193184
250912
130536
184637
132439
233349
142979
234932
142058
210246
143811
244090
155393
228029
154551
228570
143721
240293
197862
154080
250371
241495
235112
236034
118323
222990
122441
245542
125256
240313
132960
238820
154511
241956
117341
191341
136978
233390
139412
182333
125426
198353
140835
200458
145745
189016
188575
191210
154461
181281
167626
237658
146847
186691
138541
221066
125416
147668
152627
299885
131808
236906
160783
207701
115047
220736
137729
230113
153229
236685
141746
190458
137960
231316
153048
224693
125326
253126
139122
251273
113333
244561
159160
237628
229903
140435
236956
158559
211418
128872
203123
141286
178786
155242
213001
167756
225375
146305
196901
208873
120927
222709
141998
148279
130596
259959
144993
226386
146947
223090
127310
204205
150574
236385
205026
140925
210917
124614
235844
146235
206088
197913
120266
173106
137018
237407
152818
235202
257906
199205
231456
229943
220585
240563
284696
214234
256843
215115
257625
192973
236275
263637
237697
213713
215796
203523
254179
253096
222419
231716
243860
237066
248889
315705
214925
243839
248869
248678
248447
264618
232458
248748
242998
242216
215916
202632
226016
230814
290907
303020
229442
265449
207210
223281
195949
202040
147788
208302
248628
156414
227889
208853
259148
214894
211398
200417
220686
206759
240423
198755
189347
223781
196290
252936
224713
204806
213792
199466
265801
215155
206999
201780
214374
223380
187774
246754
227208
208342
225514
237457
210726
227950
224883
202280
213121
196129
247055
209203
219063
150123
214654
204475
218672
220304
216417
220115
206499
244140
194296
238779
221186
222029
216347
196159
205747
196800
213943
215927
218963
219954
199556
205907
205497
206279
200388
199847
200136
183205
255190
287541
212710
239060
238970
280438
197562
211899
214203
226617
261693
250362
207020
220104
225334
250171
211458
219563
210306
242878
222429
274407
220905
216828
201519
219984
212951
228009
194707
218000
244190
148800
237637
177474
227659
229492
250051
223540
221116
223982
261482
157827
214734
163748
160672
221036
228731
222649
226746
211498
213922
244591
246815
221376
258948
231475
215045
292792
236946
215245
209915
119635
202261
149421
218111
214704
247847
209495
263256
227909
210036
128151
195768
303101
215185
228580
223300
219052
196630
219223
225915
219363
272793
277753
213752
219173
216738
222719
212280
196741
220706
212870
213612
199085
206188
224242
224793
263326
163558
146706
212360
209264
250692
206288
211939
208954
220576
232598
279436
227970
205437
210656
210747
204234
218091
222459
233630
211739
246865
231145
215677
219613
253838
236987
254639
197732
223961
220735
157707
205768
261412
217360
246635
258407
227358
219593
220275
224182
210897
221036
217319
253627
208582
232338
225505
191311
216548
230634
200727
239782
209825
215987
229061
226105
235223
222168
219683
241175
252746
224082
214674
190569
234592
211068
249289
219023
149932
229893
151275
211378
148009
151565
195728
212681
237827
235193
238338
210226
250672
197862
211027
248097
209785
214123
156454
161794
199756
213943
264278
218301
258327
292059
209494
194697
241415
241805
216057
216397
210827
221677
235713
216538
195648
2107818
222108
209555
143671
172295
211408
235514
242607
227358
227198
207380
216488
264639
229512
273776
209905
144692
226747
200478
228350
219954
211348
322828
124855
207180
167375
222328
253708
258497
253518
205788
216046
224683
229272
232918
225815
171333
237908
206429
212510
227959
215816
223261
224733
153800
214484
221427
174679
211278
206349
159561
273114
212450
154812
207912
212681
162265
212320
170972
166954
211428
212179
211498
212540
218721
156053
251042
246013
212991
266071
219824
154762
225064
207270
230644
219333
214744
225825
240062
146045
205697
228681
211368
222849
215596
207892
254550
221998
214474
214053
224322
223571
244420
210466
219092
205797
209936
211638
215716
214053
225334
206299
205337
218402
215706
203052
219172
219774
218301
232899
156685
219824
214644
251934
219673
207280
235343
240102
242307
227588
218592
220215
196750
226215
217880
197472
246504
137159
199405
215927
209976
213932
144141
206178
196120
239782
207471
221407
282161
218732
202822
235744
204024
219333
257274
276851
246805
213702
239030
145404
207361
225144
220966
232377
228350
210006
159801
224693
229181
245412
206017
204344
204094
146756
226657
144452
207030
144883
213332
209385
205507
241605
206318
219423
202632
215276
225093
222989
244901
226266
144222
204084
201259
146285
221016
241124
196540
156765
205386
213712
242065
198925
196100
207531
202491
222238
213271
226556
156074
216929
210827
229111
253166
218631
211218
204445
218151
224663
223501
219964
146115
205587
154501
153068
213582
216688
245933
234331
255341
231276
234621
221857
151605
133431
156805
227197
145504
216418
207280
177594
213912
223771
208403
203523
222689
237377
204204
215235
202221
265169
234842
210847
228440
207961
227047
215746
198804
282372
208112
200237
207661
225184
216948
206008
201930
245592
232989
206509
268976
235193
201970
236325
200598
248889
208522
223681
222669
198674
221908
152998
214043
206569
215596
247496
216428
219523
247667
147818
255922
232067
218201
191751
211929
149542
223591
217078
225134
222880
260931
216698
193564
141987
217550
235102
198895
219974
215445
226005
195178
273334
234051
235754
226517
205056
282822
153619
224032
209063
196150
240814
257665
232487
248127
224273
217880
226817
215777
220755
266782
199486
214835
148620
241365
222529
243679
135575
250311
215135
214574
220656
221547
224764
274647
240523
207260
227729
233410
227208
233300
219102
240623
262955
244841
259529
333457
224182
219573
154291
286520
270840
235624
206669
245673
213482
299634
218832
279537
223370
245573
254489
216949
248909
299564
209504
277683
218972
232889
219874
209415
297199
221587
215285
223190
209274
248869
165492
213903
222108
249941
215356
210726
231676
208072
216648
221748
213281
233289
215696
228380
210927
230724
258216
218342
221598
208763
241615
235954
215445
168307
228991
170611
219604
226386
221226
216057
220556
219443
281260
224082
167145
168187
214885
256644
227448
173998
232458
230714
211679
235083
204896
146756
222409
224683
213261
161454
215836
147287
228150
216057
222088
172164
223040
158399
260661
215646
213492
186812
150263
163828
218792
212700
232077
159360
222229
196139
224112
215666
251423
213201
255371
216477
221627
233439
158999
201199
220595
174048
247736
161113
227308
170871
166333
243589
213161
264037
213762
140434
212460
89999
216237
229612
123202
154410
155743
211318
203352
222939
111440
225084
221617
243689
216989
230864
157787
224402
236535
225404
218872
239732
251764
211558
251083
221106
228521
240683
223440
191480
213402
169920
224333
270269
157927
221638
230795
161865
259699
217550
271541
154090
157907
219052
230003
223311
212911
257885
202691
292009
151555
198534
213933
223171
215406
118953
151796
209244
250282
263015
117641
256523
212700
149842
268535
259649
232027
225043
204885
202391
239430
246524
235694
209725
220736
213642
266251
263777
226357
212039
207220
206058
207701
164149
223290
163798
211047
236716
224353
219313
229351
114386
215356
248558
206439
215987
217039
228951
211227
253668
191831
202301
263255
223671
231787
238408
165813
210887
222970
255111
229031
227559
163097
260661
281069
222679
229372
200106
174188
207420
204225
239811
221177
154621
229813
234852
210146
216046
213402
224653
216778
152658
216587
236335
217900
216788
241915
225655
223150
155573
226216
209955
222369
169750
229593
170180
217389
244440
216398
221366
214954
219353
154521
221927
228149
266452
232288
210196
174749
221827
168006
217590
234471
153639
223340
219473
212390
235454
206058
140194
217259
221617
234070
221867
213442
231014
217900
114145
215476
167956
219122
164800
212029
214795
252275
160522
217870
236305
218782
221757
221437
157516
237387
212761
225645
241435
147989
168737
211939
234782
220094
229332
210977
178055
219774
223962
218632
224914
153389
165011
157447
213061
141807
215646
230664
221266
209464
195428
173206
151295
219253
210456
159210
236465
162406
209724
220706
234922
238669
218972
169580
254299
166083
216728
264167
155934
204355
156174
216017
206479
225164
157577
157587
219303
218602
220274
224082
194376
124324
221256
212179
212030
269718
250371
230213
213662
210847
206509
220235
234501
202551
228450
269727
227398
233479
165682
211057
225605
223040
177725
230514
155813
223010
221156
210456
223722
212510
227438
166944
229482
275638
240472
223300
220645
163538
246253
239681
256373
259800
266852
127801
267483
222509
163057
221407
214915
200327
252635
259649
211498
228500
241756
223321
164600
266632
216617
255211
203854
162236
230013
223010
222820
222529
220846
168577
289665
202271
213291
229071
270449
180119
212700
182614
248929
245261
209094
194887
257505
229432
223992
149030
259940
210516
244200
157397
212380
235013
168327
196180
222879
218922
220916
169268
205046
212410
215236
219773
217129
224934
117320
233018
204485
217179
201479
215415
184928
214904
219573
201208
216538
167936
228180
191761
215596
227388
217169
201620
261423
210637
145143
268927
212230
209865
221897
220445
215866
124835
213573
162916
218371
217730
218301
205056
213673
157166
219233
223972
272313
271200
215095
223150
201499
129023
227869
151986
222639
200708
218661
257073
229923
239060
197612
200618
271311
167796
211819
221186
209515
165542
222699
165041
252516
217730
209655
248288
218411
217019
206338
147979
205126
291509
224302
228330
217860
221376
228931
264939
214083
226987
244932
226978
278775
214474
221126
223130
266171
213532
232909
226777
214173
201529
233750
206449
278574
265229
143490
258667
260270
215726
250441
226256
245453
149221
216117
166814
254839
208863
205738
216738
226536
216298
240403
155774
249620
246885
219884
226676
227128
234191
223792
226076
217209
227568
262364
217540
215987
221186
219914
219974
222760
215756
206518
232298
218171
227849
233620
222910
211368
222379
251914
221698
214323
205557
198754
217760
248077
213242
221427
208603
208873
215897
203273
216828
237367
215626
149462
236606
212701
207310
244029
212961
207030
206007
210125
240483
263185
219473
236385
214523
236105
214183
226887
206919
221437
160221
224994
228360
248218
199586
217790
252946
218972
296799
227849
226286
257355
155844
148820
162956
220264
226466
237557
208983
232568
250191
257404
309393
324631
260200
203353
128241
218952
206439
204956
224843
209154
216257
200187
215986
225925
268205
222168
232758
218972
206689
147858
308892
270769
175841
145984
77906
213582
274887
224342
272303
139222
216036
203694
227388
151876
218532
214594
236956
222859
203433
216828
230293
257013
214114
225074
207801
198394
214694
216518
233199
230283
210968
204906
225815
209925
215175
258617
205187
244851
228099
210095
261622
150163
193905
257836
222810
214855
221737
252034
222769
249459
211669
229291
216527
226186
260490
216327
226667
223461
235423
220014
245101
227548
217580
259409
250572
209425
219454
245913
267424
302229
233550
214895
220856
213712
220536
227077
169619
216257
146396
225885
216177
218933
267433
157396
224233
216487
236795
216648
152447
207361
239691
147648
217009
247766
141065
221437
227508
231376
211198
220044
207050
231566
208002
247726
215887
238499
209775
253617
265470
1962685
227188
221076
170471
130455
158098
215285
211348
231165
159571
220104
153088
218702
209214
222108
223881
216928
115077
239050
247867
220765
209033
160502
213933
204876
226026
211218
168968
233670
238790
227909
230444
232788
201219
217429
226948
151535
228400
225134
275378
155984
228831
214394
265490
222419
215235
111379
252274
165873
115327
211157
232298
223771
248097
162056
210546
232547
216778
204455
231206
255652
226135
222890
237767
265469
235142
223821
140264
235022
218221
253156
262164
224522
241595
253156
260831
153259
210346
210716
197782
198905
243920
223671
220756
174229
212931
256022
237187
214494
230093
218542
159190
238679
197211
242316
256332
219614
220946
259819
212149
162596
223250
213432
196730
214413
224393
216768
215816
209424
150894
264498
211818
213442
197772
208282
222830
215486
217950
270599
208953
229402
220214
224553
228280
222710
224723
236665
240483
163769
227328
164981
232668
220144
171744
193043
123783
248187
214754
181652
221918
229011
276621
213182
219653
227478
217299
233700
266842
230303
164169
212249
208993
222358
147067
233820
225605
221327
220836
268445
234682
238850
246804
241294
213533
246103
200728
209655
201179
202270
213241
204856
164079
228360
266181
254750
210185
212650
221327
282181
217299
202842
220576
201960
219964
211408
246955
142709
242707
202631
214003
204906
152176
281530
201659
215906
242216
160843
222659
200387
248648
227578
212891
256182
278835
216347
237467
204926
212851
203694
213131
200247
224633
146756
248658
231787
222920
239130
206038
207290
232297
263827
206108
203843
201319
220786
241415
263086
158478
210236
239611
265280
218672
145293
149071
217008
229412
245712
149512
259548
220836
203803
207180
222388
216808
228339
240653
236626
248568
222619
207701
221367
208683
162335
222939
224422
237256
220625
146175
162856
223862
217950
216808
296278
221617
158248
252305
195899
217199
233600
252836
215595
233058
263275
267734
218581
216688
259348
275639
200517
269458
216348
142608
238870
206529
192442
217339
227068
135946
238388
185509
191430
245823
200868
189838
214113
143059
232748
207721
219443
231556
227398
235443
217780
210957
227398
257996
205927
203844
218271
216517
245362
220806
217850
233299
230975
250291
219553
232929
208151
228289
219994
219533
279056
214324
221758
217870
223982
211458
219222
222128
226145
247235
173116
205687
149481
264989
198924
228861
162386
230364
256192
219383
220996
227769
210166
268666
227748
263577
237347
160913
274908
205747
197702
249890
208082
270940
230544
243428
255120
248077
211909
233219
258427
236295
251354
258086
193985
223811
199776
222679
206809
193635
196039
217970
258296
227950
148540
209605
218652
219413
217399
219183
251113
221046
268896
195799
206850
230614
321786
152717
243959
272242
209684
201389
212931
149812
222309
222759
237317
210767
261813
224142
163909
231005
233530
221437
214003
299905
252786
217009
204274
159270
219533
215095
222358
217069
233940
260360
213312
248408
220185
254729
155994
231386
274456
223792
240843
229913
234612
295326
245802
231616
209645
151636
206759
215906
229201
222168
218421
233470
162125
257224
223100
211137
225164
219824
223300
237186
219663
231075
140835
147477
235543
220134
185289
242857
217059
230815
220355
219784
213903
156705
212510
161323
166433
152387
224843
246784
158038
256173
218151
224333
205758
273816
235433
250261
218321
198854
255110
212590
159992
221447
268124
236184
301929
182835
225224
290897
216317
179218
209044
252134
218371
215135
200147
223761
251934
249650
268646
241234
222038
203513
200157
221987
213542
214794
212600
290166
226646
217339
223701
217360
214123
254308
210817
236535
140946
236235
172395
195808
237507
157306
287772
264928
267854
198013
170381
252806
242907
243819
243829
226547
225595
220315
264958
231095
234541
221647
236735
177535
245061
239952
222428
205827
337926
156715
260651
200597
282131
226487
200748
170651
259248
232338
241314
255040
208723
258096
172104
250631
239120
153709
171974
243278
210937
248749
217770
227788
264939
270329
154591
202752
217490
299484
152276
238399
208002
239191
211788
244180
205197
238419
202311
252645
216357
245733
223391
256082
254770
215466
212500
264077
215246
251273
267984
243989
208332
217269
240303
240903
216367
253637
217409
239912
229131
233039
240493
237998
216738
159650
224273
256152
219383
245913
214724
201710
251474
233680
243348
221006
159250
243469
237848
212150
175571
216447
167595
224312
170331
205937
224493
229122
18425097
159690
253568
214153
251152
251413
247185
245042
228851
251223
225715
236786
214063
255101
202531
239180
253026
258056
225554
283103
223290
197551
158238
253748
236034
244320
299454
287892
227649
253057
197922
308080
213181
155132
206128
277973
223351
239572
260431
261472
151596
251995
220285
252485
209294
200287
211218
247626
223230
222700
213402
239291
286259
219523
241915
209465
242998
148480
234452
260160
233400
284335
256654
212790
240152
261212
220215
223410
241365
213442
241454
231206
218582
154160
242397
198193
247416
220054
242577
244390
248097
221777
234001
225966
240784
214163
225204
174429
255802
234221
204515
205456
209845
231455
234923
215646
237256
172115
224463
233750
227428
218792
256112
257675
266652
222068
220855
230554
220465
224302
288243
221307
218231
151796
261061
230174
221708
210516
218812
231536
199656
243168
210176
218241
197262
195658
208633
152177
257836
248958
212330
194225
213743
212741
251243
199706
207431
155723
213181
214724
209655
197372
195077
200348
146917
196550
230734
121779
217530
221618
261262
223481
121169
204736
228129
258086
221908
212530
223110
246614
201389
200156
237998
174378
252405
207220
224813
211539
229402
219573
151335
201239
273194
308791
223080
172755
215425
152587
214033
146877
243147
164029
218902
217169
207190
242417
222369
156124
235784
222979
210196
244671
120206
219563
216988
224442
182754
223150
159059
251273
210787
217439
224984
211859
164119
160312
205787
227037
211277
215906
162295
254470
201148
239531
226927
219122
264007
210677
225444
260120
205838
226035
239591
217990
228059
227388
198894
153539
157507
241054
228851
209054
231535
250561
217249
238729
196239
179137
208102
163537
144012
195257
210256
202632
238700
200688
218100
205647
247727
213853
259759
219754
248538
147428
197953
210947
145143
279837
206048
210256
140375
228640
213412
207811
214955
226907
236094
145975
211438
242286
225896
251363
249980
208012
225775
152276
217369
207371
220936
198033
227388
211609
222810
209435
207661
214554
206780
250491
232879
225896
219653
150554
211038
183626
204565
179508
252425
209605
154641
210456
217840
214043
202141
213772
254860
216508
217790
201639
196330
213902
203163
254900
140425
212019
205176
200518
195057
194967
220305
255561
206379
200717
237017
215696
211268
200247
272173
206088
277232
226636
229722
213572
216948
216948
196940
216337
227408
230264
227699
166022
148509
248398
218832
293873
219974
209284
216989
215967
257615
211037
228480
149191
207010
199055
291889
256132
212140
198243
155643
164861
218903
146426
258386
223701
227408
183335
217198
239381
250452
221417
174699
217730
208723
222529
275027
218712
230414
271090
216668
160192
255701
197492
217890
146115
222930
167155
251073
169749
218391
231927
227789
168026
234922
151385
85240
157817
212931
228119
252876
206158
229372
203884
218622
222199
169188
215976
160041
216908
235944
253036
261502
168467
217860
160001
231316
229793
235864
210085
222710
223370
271031
222920
221176
223811
164559
235093
220325
222239
157246
176191
232367
231296
252725
156665
223912
223200
201109
222509
231987
240814
216899
231726
226296
230994
235574
245061
252996
228300
156114
241504
209755
221998
221988
222559
231385
205547
220204
232588
218822
219012
224112
208953
223460
152457
214334
243969
220645
171082
220956
222629
259188
188985
219964
202180
222068
176012
238289
156354
159350
198374
234061
135274
207842
215797
222499
155152
231516
210506
158418
207110
213411
234812
171042
222670
130686
218541
172305
220906
259248
268325
227879
224272
232918
181602
190138
268996
226216
220865
266372
170871
192051
165221
223802
207130
228490
260801
216758
203954
222589
167025
281650
222339
194075
210076
155222
214514
160692
256192
166112
246013
236625
163438
236245
180329
225915
160462
225184
221748
215075
165522
256723
137960
231627
222719
218731
213282
164810
218601
218401
159821
218822
223561
226737
212099
212380
225435
219092
175981
268766
162145
207411
224372
192182
233820
160112
227849
205898
223010
169269
302409
156394
206108
160592
276020
285357
263165
191801
217400
222449
218421
233730
259508
200497
143750
206038
222178
230203
211408
158930
258807
161895
220415
223832
213212
145534
226176
161574
224112
164660
215356
256322
223550
203563
157076
171563
226386
245172
163778
236546
204905
224803
219744
169499
221567
143460
217629
257335
179989
209695
254920
240694
220355
180319
207711
224753
237928
236466
213602
174859
269507
158739
238950
223782
228501
206058
170741
252035
226737
219423
206950
229041
170201
263856
239491
224723
209394
130315
201289
206288
248257
264548
210707
204806
236545
198193
204004
236977
214414
226666
222509
278705
167866
209795
162566
223761
222699
253046
226566
230134
177685
159450
229372
155142
218211
227138
212910
221016
223410
268585
219954
242226
262845
237497
173266
167585
217199
164520
139673
126659
147177
134242
244010
143951
294014
138961
138281
199486
220355
151956
216047
256664
210947
225294
229221
225845
207861
225194
214964
224593
211488
248848
217770
230844
165151
218341
225715
257505
241795
233720
221848
227438
230434
195458
262294
215606
232848
220134
212911
261212
194066
142979
208111
231075
224343
211618
257164
233830
209434
210576
213041
209705
227267
271701
155353
225505
223130
211127
224162
168006
225484
247116
213452
227318
212921
209674
208342
226626
80772
210436
218822
210105
217980
210476
170632
238118
228830
176122
227939
154751
216968
231485
239060
169759
207110
209063
180941
149030
225915
164540
207711
210797
239160
222969
163137
226887
164630
213281
226867
210126
230033
258066
220395
166323
196951
219473
204154
215956
132118
143821
124695
200718
118504
218671
123693
140985
94688
139232
189186
218882
174138
205056
145954
213943
121559
153529
124054
219904
175691
249139
131437
200518
135926
212009
155302
222068
119956
188825
122030
234050
128041
177624
152497
172364
124755
213291
132129
171272
169750
273435
212540
257315
241315
266773
225004
194536
230193
226186
213512
206619
222168
211819
237547
226867
224553
223621
254839
243539
156294
226416
246785
221557
251313
220124
225464
212210
284656
209023
157576
241164
220164
156455
217610
216417
221858
217539
235062
209835
242346
249068
231366
216327
207260
225474
211307
226246
224583
227699
202100
215306
215145
233450
218862
205517
220275
216849
221817
208794
249740
217911
210556
157046
167666
213532
227468
275479
242978
171002
248497
208031
303892
225444
220285
237818
224653
230514
219323
226456
253617
211979
225735
218411
220395
219974
275008
217831
208683
227919
255521
228871
297190
235383
267102
213823
245001
224854
215957
225354
149011
217188
221006
212370
217259
211077
218752
219623
204876
199656
144162
219223
211377
145594
203894
153640
217569
300756
212820
263526
238329
213412
243278
254349
209003
264788
221838
277403
255220
207781
208913
221167
222719
221036
214934
220946
265770
251003
219233
236806
241385
275619
266863
209344
201058
231505
213693
241565
220576
211468
233089
208823
212360
211248
223160
220315
222438
240713
211348
215605
154952
225073
212380
171042
235062
235974
237738
222018
247967
264318
231827
249660
241835
154201
246043
254540
254489
235092
221617
276310
231175
226937
227899
236004
211298
217610
265530
254069
226286
142529
218672
203733
212170
161665
294765
215245
221858
217980
236235
213592
299895
212570
222348
233289
237017
232698
225244
195077
235333
224994
155232
219935
231677
222559
226066
242657
200387
200257
267534
212701
218251
233900
213872
212010
217980
240002
276030
259318
159981
252435
146415
217439
207350
217629
223882
223040
209074
237457
222098
220525
211027
262585
213733
210987
283844
249350
228229
261402
220836
240804
195037
235603
257164
266211
212290
249741
218712
221688
232718
211488
211538
148590
153619
225815
214533
239741
258837
213411
213492
238238
220856
209494
225144
209384
230203
225285
220124
219574
215075
216187
231466
195829
231896
210286
210125
214584
207761
231676
202841
271801
212541
242486
264639
216828
145684
214604
226296
227258
222008
224482
253066
217319
282132
208843
236024
230885
207531
153499
225775
202791
222138
218751
201650
234501
216327
222529
211227
219193
220745
209084
205748
257625
208953
153820
229101
203163
216968
221757
242306
224212
212961
151205
252245
211047
220966
229272
227909
145975
228561
205827
204976
212019
224583
254629
270540
217259
218752
232317
213823
264027
226646
234292
250983
222338
208302
224673
233911
253287
215686
244010
153088
216417
253567
155222
223701
217068
227539
212100
200527
228790
224162
265309
221136
242266
243188
306226
241966
216688
235023
237026
220676
216959
157827
220365
215796
207881
277082
215846
232388
211718
250852
214463
237868
144713
212580
203062
217019
238820
164440
218541
279836
226717
199225
294465
206339
231356
247636
263396
216368
138761
270279
211167
206619
222048
216267
221767
215255
217279
221116
222729
218281
163609
243678
217961
224472
236265
205156
208542
220856
217389
223521
234081
210577
257004
233029
266412
196660
296458
318139
206990
153008
229803
265269
275118
228801
245051
224493
218462
232207
266101
217009
221407
217730
231576
144963
213051
217249
227409
259709
218892
229141
227468
262544
264659
221016
254489
214333
208913
216177
268496
195007
222929
245251
242947
148649
271902
206779
225705
214704
215195
215917
223742
230303
224102
210646
211218
233099
212189
228209
216848
215285
206679
207601
224001
231085
223590
201679
228971
268195
215495
221947
195658
152888
208904
220575
222930
219333
230634
240102
294324
206859
218963
275629
265159
160783
203934
214052
222058
227007
250621
256984
216878
220736
215676
230704
201941
218562
226065
165752
258758
239150
225074
222649
212851
228170
239882
317528
214224
214634
214844
230604
239822
227789
214073
281790
221607
249450
212811
221197
213272
145053
223240
203734
220175
215806
205918
218571
192692
221257
198935
228741
220565
229902
207170
213422
195658
203463
174589
151976
217860
209855
202060
203043
301087
219183
141847
209584
218210
215856
203183
210175
217941
224182
211668
148229
218992
200057
212651
148289
222909
214855
236154
208122
226306
270279
237146
237107
227849
218812
236906
200878
216026
231476
219062
220004
218772
217300
249019
257305
219353
238940
214735
230263
223981
222499
258076
217599
229593
194907
225856
235063
225254
269216
264327
223601
297891
223511
157386
223030
203513
237808
228249
213862
193575
221838
148589
218712
220455
208943
228521
231166
229733
221767
230073
227027
234010
163437
217690
220535
203824
155924
175030
240893
247145
226016
220585
217609
206319
241294
219072
226015
232367
292922
230914
218080
223240
203713
223401
212059
224964
222128
215425
233279
230744
211308
217709
234110
154691
220976
212340
226296
238920
215836
275839
209274
215987
271611
253387
245332
194316
215857
232789
276971
241485
223250
216808
165311
214504
203684
206599
202802
222139
227218
209574
230945
228951
251363
211849
217239
216478
222298
224633
200748
220655
214313
212440
231315
263627
210747
214303
212490
229351
226606
218601
196160
228580
207892
230314
217369
167135
227187
214454
259709
225264
219483
233169
152808
152267
221447
219303
204635
240613
212770
231896
222649
154260
216157
196690
159550
146005
228330
233399
214915
207891
258066
150444
201209
213192
262675
220945
202712
226416
204916
225004
225324
200778
204174
227999
212440
228851
219924
219643
221307
225474
244159
218090
229762
214924
222819
214734
279546
236695
217950
214684
208142
218411
244059
203383
209755
232046
225043
202702
208713
218311
257454
161634
218372
224312
153569
144713
242356
203934
239451
230955
255491
244120
215205
201960
224442
214423
200998
222269
210016
221176
217419
224753
237847
224783
262314
222829
234812
148159
219172
229692
220084
213151
216688
234642
281299
165621
216437
221297
222108
218581
202030
224352
232748
216307
214705
201560
215085
235343
142067
220615
237737
273975
212610
224834
213221
202882
193805
199155
254218
210276
234662
239811
132360
284947
248768
228590
229742
221658
228300
258577
278674
231946
279737
248428
237277
207741
229131
218672
192332
244580
250030
213732
228060
199776
210756
231516
248498
243749
209014
247746
217389
245021
258216
142418
252295
289204
232758
232187
247756
210756
213312
244781
203783
238630
261512
255291
215185
262975
210887
249690
215736
255912
157677
214324
211568
246033
214334
262334
231005
242877
210026
230614
247616
208151
194647
161755
146405
216367
213692
252385
222880
197161
233269
263997
208352
179438
256533
244941
220736
227278
280508
217399
199576
217560
221868
223551
218281
256052
223009
220595
220224
196360
222188
214183
228810
251934
214634
226055
224132
220516
238239
241444
207901
207511
215115
213853
212871
212621
226396
216026
212690
248978
239942
140424
221828
215235
215646
215105
218852
215095
193665
227128
149581
216949
233630
231346
212580
252064
225134
228831
282952
211649
208252
263105
239261
251734
223270
224793
211458
237798
254158
212550
137188
273495
220345
166333
263937
212601
212931
224783
266712
145403
206649
231526
263025
211047
272022
217399
207871
215175
233519
234842
276310
211559
235593
226196
213953
333197
225865
179928
269056
211368
217660
227318
230995
211328
224403
233249
235944
227007
251794
152888
260781
259900
210627
126949
214093
228379
222729
220475
240884
287872
213421
224092
221177
213191
220765
218481
209605
308049
210797
217079
218782
219964
308281
262664
227930
217139
112562
211459
235273
232568
151455
237176
122361
211358
216688
229181
163919
218061
220124
231465
242487
219453
224733
225404
228911
248007
213522
215025
234331
213582
267073
200738
201799
241344
212881
239911
206780
210967
221146
226125
224964
244561
207701
217299
208202
216558
231926
207500
217740
268135
211478
291319
255811
214433
211829
243178
223551
88347
151956
124855
218221
220205
231837
224994
224753
221537
219934
195708
218471
221166
210096
216397
254610
191220
198464
218621
218411
220194
211198
220064
168016
229041
222809
175881
236736
219152
219523
218691
217339
207872
201750
205066
204906
210657
219734
240463
221297
196801
211779
221186
216357
252846
219153
200838
287391
225925
209915
201780
248007
243538
225084
200918
292991
251454
242717
218782
239290
245543
209244
222339
287311
139122
226457
242877
233670
198093
249089
222659
225585
225534
228380
199655
229322
214433
227479
212240
210176
229943
221266
267914
249811
234982
148810
209625
217579
212069
236244
190288
252726
261402
233169
241716
199476
246995
202452
153138
145073
219052
209445
228009
209495
217660
258036
225985
205197
200678
213512
220706
265340
200968
198594
243929
217840
236135
205867
208472
233890
145875
201439
220174
275779
222789
156054
196890
200006
205237
204415
200988
204285
223090
222469
225494
204435
205186
235523
200668
254819
208112
268576
209084
206770
226025
205948
259178
216548
193294
208532
232137
209995
228250
207981
225745
215886
237016
258727
241374
213352
216217
216368
224182
168367
280668
175360
232578
217329
220475
178516
205948
166263
211969
139433
218802
216387
217579
286248
201329
203383
258557
250391
225494
212119
208392
202220
202932
209114
219042
148940
216728
144642
202751
197822
202512
233039
