36879
33843
50274
51316
61546
41769
59602
30758
59703
43472
59963
52499
57969
29786
58200
30578
58791
34765
57468
30196
59121
30558
67086
38382
88647
44924
62087
29576
66515
30578
59602
25568
59622
50255
71133
43653
73038
28444
47760
28945
59171
28744
47560
32592
49113
28945
64992
32721
69341
49654
68709
40156
56276
29386
58550
35627
56847
24646
61175
43823
59953
23815
65995
33904
60134
41628
57268
33934
57469
32542
63259
32661
58279
42500
65954
40236
62257
34996
58100
31168
57879
30538
59292
42480
65503
32922
66436
53981
58239
48842
56716
37430
57208
30166
56827
36810
54633
32401
56246
23615
59432
41659
57168
24936
68550
45776
64822
24225
55575
33443
55315
27482
66675
23664
57829
42199
72827
23094
61015
41718
66225
58941
58209
31148
54512
37160
55043
35677
55835
32851
55475
30698
58039
41608
57819
32832
57047
32552
70102
28473
65624
44193
62177
41689
80813
36739
53020
35697
55966
25308
51016
53922
54883
32591
54984
31500
75142
32301
61525
27973
55495
32841
59792
40627
55805
37901
65794
37671
63429
31238
56767
30838
56035
29085
60443
34736
58721
31730
54843
33182
56918
27792
47429
33082
57048
28143
61496
28654
55975
31249
56045
28664
62428
27872
64772
42510
57869
44574
58450
28914
58049
31118
59081
60414
55184
27963
54402
27572
65053
31630
55985
52308
58580
29005
54162
32632
64021
39013
61646
27672
61205
31689
62939
47700
65213
41237
49533
35016
54192
31439
59793
31399
55335
31870
67367
31329
62107
32181
60414
39916
61576
36919
63300
60634
68349
65563
59142
63440
49463
60073
72837
52229
58711
42200
58911
60364
61446
60123
42740
58841
69611
58450
59622
57919
68549
58651
58160
49803
59342
64561
59723
63650
68870
130235
64251
44564
70002
68178
57779
49203
59673
58530
60273
59222
58751
58179
59943
58310
55875
55375
58991
58059
66836
56336
74139
54944
70663
65513
62718
57027
61296
54503
50084
54623
68970
62448
59182
58981
60884
84219
59111
57668
58941
59592
58380
62648
59211
60954
66164
64882
57849
58640
48972
59212
48992
59693
57217
67187
73999
75231
51497
93456
73078
85832
58881
63289
80893
60003
62979
58680
57919
53431
57308
57539
100830
57528
77506
58209
57608
62888
59602
57629
58330
58269
77296
67827
59412
48992
48592
59261
58370
57428
58420
60524
58069
40266
55495
64011
55555
58901
55124
58009
58109
57929
63449
58400
72647
59282
64652
62017
71204
60193
65313
59502
65984
66005
65434
70473
62708
69921
58360
65022
62969
56065
55644
74601
60614
50165
64482
64812
59042
58891
59011
57969
61245
58310
66015
57098
74971
72116
50064
67958
67698
68319
71364
57949
77305
63549
59242
58390
60143
69772
65233
74721
50115
100139
58811
67367
58179
60614
53380
66625
62487
50134
58460
58891
49203
59823
49102
70603
59692
66866
58049
67106
71174
58430
66966
77085
68138
59211
58771
57157
62708
68139
59101
83457
58120
58480
58481
65533
58460
60995
77045
59262
66355
58160
60894
57548
59321
59222
57388
67487
59101
57699
57148
54703
61305
59833
59051
62909
49032
62377
66014
61435
58190
64161
67477
63219
65584
21525160
52910
49543
54533
44504
62308
66675
46097
65694
59753
58781
62458
58330
61316
67618
57829
54593
55044
59922
67757
52418
60785
66856
65093
55464
61416
74991
65974
57137
65783
64612
58971
66415
78387
60805
69861
67046
58290
64542
67497
57509
58190
58771
65854
62388
58760
65533
57618
59191
57939
56356
57709
66245
59532
45265
59381
61476
58080
44223
67057
58420
83878
59141
53971
53551
57929
62408
54703
58770
61055
64421
69591
66605
58941
52338
48641
71405
85982
64130
58600
58700
49393
70463
54122
59532
68399
57127
66926
52659
49273
64842
63199
59933
60594
57388
59291
57849
66425
56336
57288
58150
56737
58821
61205
55865
66816
54172
56055
58850
58350
57619
57268
48952
64862
61195
57618
52509
57107
67617
58931
52939
72216
52108
54402
71375
48291
56797
64912
64902
52519
53161
58340
59312
68509
67116
56847
57338
61797
58090
65844
52238
62748
62598
57728
70463
86503
65724
59252
67477
65533
57238
64762
58179
54863
59502
58380
61085
57038
61426
54673
58540
52970
61626
57268
55735
50044
58501
67918
61034
57889
63240
58059
58491
61896
56666
61586
67367
65744
53220
63049
53491
60714
68008
58370
70833
65573
58450
68269
65012
57769
57528
65053
57688
62548
71204
58541
57688
57829
57568
58079
59462
57558
53390
53029
71795
55925
58750
48682
57939
58680
52869
48862
70202
58801
57128
57929
84128
60364
58190
68239
58380
73819
66335
58560
48321
67267
53241
62167
56757
52669
57138
70903
58410
54483
43693
67387
55575
57949
57518
67106
55635
55515
59141
73569
56256
59402
58580
84068
57979
59493
57699
60383
58941
62908
57598
64060
48792
49433
58350
72687
57679
81463
58049
64001
77255
80481
58771
52268
67508
64612
58470
65183
52478
71925
58941
64432
57648
66175
57668
72377
58109
64311
55374
65192
57539
63089
48091
65002
57007
58591
62006
64462
60845
61947
64772
64482
82385
69360
66766
62868
67257
61266
58170
59141
59272
58160
64492
57107
53811
54964
67407
63089
57969
58751
52830
67687
49553
56897
57779
31680
62969
58219
55054
58420
66365
41838
57909
41879
59262
34766
68068
58039
58039
57929
63599
62427
49042
65593
65172
58139
64271
70232
65003
76814
64121
41548
63891
64692
54182
61496
59162
67086
47339
58289
58359
59492
59883
41758
68489
67246
58751
57959
66035
52860
57428
56236
55685
66205
42660
59071
66636
57658
57438
58841
57429
58410
66405
52539
57778
58250
67207
58770
60534
76474
57208
61516
68228
68509
50025
59362
58470
64201
54182
58711
48341
59071
58350
53250
56596
59222
53180
67306
60705
69231
66626
56947
52489
57479
63159
57519
48732
58761
48852
75382
57699
58290
49043
70322
58710
53802
58891
59052
52599
57348
58039
60043
60544
54904
57278
66545
57028
53000
58460
72496
57639
64421
64832
67357
57508
67026
58560
52369
56427
67647
53511
57749
72075
57758
58099
70973
53060
80322
55344
43973
63259
59522
66556
43923
59913
63890
80331
84649
55495
66706
48361
58330
62839
62608
68308
66385
62157
69240
58410
58350
67167
58700
71695
59402
64661
59522
58049
59011
60985
52689
58540
57368
52920
54973
53580
66165
53952
53982
52790
52619
52760
65413
58060
52068
53049
58670
59712
58541
51967
56546
59171
64711
57338
59061
66134
55294
58119
53590
59342
59402
57789
57769
47910
53120
58510
58380
68820
58329
72176
73378
64001
57519
65082
58189
61716
71815
52609
57208
58731
65994
53310
61967
57588
64882
51387
64882
65844
23545
58039
65924
62878
32561
63450
68619
70302
54993
62287
55084
56446
58260
61706
53691
61846
54382
63540
56727
57689
77095
67737
58380
65804
54692
48170
58891
57869
54263
55094
55314
27602
59201
34275
57368
49233
57167
58831
53911
54162
54553
57939
30317
57628
62077
56547
54934
53620
95430
57658
56997
28313
57308
58590
75422
54582
60734
54733
81855
28644
54022
57959
67266
48121
54683
53752
69822
73328
58691
53761
54632
53992
57869
58390
54483
59973
54483
65252
57779
39715
60244
64030
60804
60163
55945
60594
35146
65914
33273
71825
58069
57449
54753
53401
71585
66335
51236
60073
54363
55224
49793
57879
67116
53982
54693
64020
54182
62889
53822
56426
57849
63960
57599
64992
57758
63179
33092
64572
53812
69361
61626
59101
54954
55174
35998
65353
54583
57408
58069
60133
58971
46217
48281
60794
36219
57668
50355
54462
65474
33293
57969
41157
58219
35667
61616
41468
60584
28193
58551
55214
42790
48361
46046
45365
62718
33884
61155
53430
46738
58089
31038
55915
57999
47039
54823
59572
30818
49182
61185
47389
47880
41558
41047
57809
52499
54142
45155
41087
40978
58530
46587
57478
53080
40917
64030
40997
34515
56556
57849
36950
64592
55805
54663
50625
45555
48751
62347
44574
31189
70993
69380
58901
41278
67817
63861
52468
40897
50025
62588
43131
58510
58250
57668
41818
53761
42360
42390
57749
29205
65113
41779
64040
41928
57669
48692
57388
33854
67537
51156
57077
41348
48722
41157
48141
41218
58590
30898
44173
57679
45055
52038
41899
66736
41789
62507
48521
59953
84329
74500
83097
56907
65493
58480
67828
70363
66605
63881
58140
64080
41168
59001
44313
61345
53631
69090
55505
72036
68739
70253
58220
66435
63870
66415
61706
76013
72467
69992
53180
60294
74360
52198
68369
63811
67647
57428
63290
57399
52909
74751
62197
61636
57618
80181
52949
61996
57268
64572
51988
73799
56977
53661
57327
59582
66395
73539
57498
76114
63830
56807
67016
57338
70453
67928
66205
62598
57539
54072
72166
56145
57498
57378
60684
55465
58019
52249
65203
57628
63559
57478
55274
56035
53391
56938
60704
60374
80852
56646
70683
58690
74059
57007
52378
56707
64000
59111
59732
61196
57318
58771
73268
57639
73829
59532
72797
48040
61465
43442
65413
46969
64532
52068
69270
52720
52609
65974
53120
64632
57288
64261
58089
56426
60133
57158
56707
58380
59552
67317
69621
56997
58170
57558
63159
58911
57298
57648
59181
64211
61396
46578
63450
26260
61135
65153
36169
65734
41869
64101
61386
55815
63940
64491
63620
67577
31820
46357
66986
49343
62167
47019
58029
56847
57107
63589
56787
54723
58841
53471
63469
72566
67507
55194
58130
36459
59633
57919
46628
57198
34365
46537
58150
57268
60864
55174
54783
49904
57338
61336
60554
58139
58380
58189
54643
57468
57589
54994
58190
59652
54382
60785
65533
57949
59292
60915
81634
61366
60033
64651
58420
60193
54593
54062
57358
60814
77967
71755
54152
53501
57187
57518
78488
56467
60695
67036
63811
60263
58300
54373
67367
64241
73919
64852
58390
61416
54743
58651
55144
52879
65273
70402
57558
58129
73789
58159
64912
58550
68950
65613
55113
54783
55805
54433
57970
53981
55054
61907
57518
48541
58450
45926
46157
54423
57028
60624
63219
57799
57118
60284
57227
58810
53991
54322
62488
53861
56547
64912
54393
71775
57668
57738
58049
48711
45495
60003
58881
62799
55966
55254
56877
57809
48762
63910
57539
54352
62838
62197
61506
61436
46217
54152
64021
63830
62097
74110
53781
53902
57688
60985
59683
54342
46057
57859
62979
56967
54042
55183
66776
57308
58620
54122
61015
54422
66785
48070
66445
57608
61085
57518
54683
54683
64151
54954
54403
98425
58099
59181
58060
55605
54773
58390
62387
55244
57117
59492
56837
66866
55355
60554
70403
64231
53882
60534
54672
62257
54302
54302
67056
57528
60424
57187
57368
61977
70373
56456
66465
66164
54382
53992
69361
58430
65574
55234
66615
57608
59602
54503
61697
54322
63480
54623
66636
70683
53782
56958
54442
35246
59142
60584
76203
42600
53160
61476
60223
64752
65233
59402
52669
62899
63229
58520
66004
60023
62037
66285
56857
54914
56126
54253
53901
46588
56958
44203
57929
45566
63369
54373
48742
56997
55264
60684
45786
58220
54393
55043
54002
57468
71274
66876
82355
57839
62578
55565
61215
62218
64812
61976
59242
92625
60924
104186
50706
62958
61376
55855
53190
58780
49133
63680
57629
53211
58029
66315
58090
57688
72777
57288
41488
57067
35177
57899
57930
56576
57768
63970
47801
64021
52018
58981
69952
52539
69220
61366
68388
57869
52529
26189
53761
57959
54343
57248
56867
56627
61115
62477
77937
65002
59012
52850
60574
59051
41699
57659
41478
58991
66094
58850
56957
71866
49193
57328
44725
66345
53300
56837
46197
56746
54843
57528
57959
41829
57849
71265
57297
49744
48542
58089
40807
53240
59893
41338
56877
58791
62367
65684
69892
74781
40947
48491
56997
48432
58080
61657
65112
57007
65093
65082
79199
57879
57919
60043
55354
57438
62438
57147
76614
55585
58591
52669
57057
56787
57769
56887
59732
58581
52258
65393
57488
56927
56877
74911
57278
67768
58310
62328
61546
58610
65984
44774
60724
57678
57328
57668
49985
58150
57238
61727
57068
48521
61225
52619
65433
48060
63229
56898
76053
57849
59643
56687
77556
71434
61826
57108
48992
60685
69661
66164
58841
57529
62838
59362
46678
74070
64441
60163
63229
80862
35698
54593
57889
55955
64722
31179
54362
68058
51106
52920
66956
52699
61987
58340
51808
61055
58400
65013
62799
58040
68529
58210
57679
57037
65834
58089
72056
58641
57508
44514
56887
57238
61295
67257
57608
65052
52689
58991
31439
55886
64862
58400
57939
64832
41047
59923
58721
66115
57107
64221
41228
59702
56226
58510
58550
57238
42420
56827
55214
51837
55194
54202
57839
55114
53570
57929
65093
53681
51717
54213
57689
57288
53681
66335
55335
71064
57207
57748
64191
50005
58941
57959
56757
54352
62097
74431
47740
62738
56907
54302
42080
54753
41077
84018
69772
68930
66365
99758
66676
70613
62918
65974
56606
64702
60274
73328
57569
74670
61265
62848
58600
59542
65423
57247
61526
79029
69731
74610
64772
50545
81865
66344
58050
41238
56587
58280
56967
61666
59572
67407
66485
65073
57689
57047
56797
57979
56396
71144
70603
58510
57889
57999
48902
62818
61125
66355
48191
75041
57247
66094
57217
65443
48431
58350
52238
58130
66596
63951
57448
52448
81844
104136
72997
56827
68559
57398
67236
96782
57178
72877
58039
66565
61776
57478
53089
57308
53891
60734
56997
60173
57488
65864
58480
67758
57939
65764
57248
59552
53671
65794
57789
66846
58209
66766
57648
48091
59422
57839
61446
57769
49573
57929
58280
67257
53110
59242
65694
58060
59091
59863
57628
63961
65213
52499
65593
63590
57658
57678
64421
57478
63881
65643
58300
57649
72186
57748
69672
52078
67367
57999
64802
52519
59021
72296
68409
56947
59092
52449
50335
57979
64702
51898
45907
58099
61195
62608
61025
67357
56336
58841
64111
65974
57518
66225
64952
58059
58350
53321
52048
64010
64642
49403
52659
58871
58911
52889
63890
63048
56978
47800
61677
52649
59732
57689
49052
41829
61325
31108
62037
30778
62228
31129
61727
34164
69792
33523
60954
43052
65223
39064
61095
36489
60484
34024
60103
31520
65864
31950
60914
31199
63259
54643
29626
59872
30808
53390
36268
54573
64852
31520
45626
31188
45295
36208
54784
35808
55495
31810
64080
25919
73468
30918
68830
31118
61295
30828
61004
46207
68519
34675
31580
31048
51056
36429
60384
46398
70423
25999
61516
30657
61005
30568
68449
33253
50265
39104
60644
41418
60725
31389
63019
30899
60524
31239
60394
41568
51638
34414
63480
30848
55134
54653
30778
55184
61105
56977
58269
41698
60153
41598
64792
58761
59963
73008
57137
67567
59663
64241
59602
67838
58931
58319
48852
64091
68459
58380
60424
62668
59553
67717
55294
54182
41559
54182
64401
52378
58139
59001
47870
62798
64071
40516
57508
58140
52489
55595
41288
53882
54292
43642
56696
52289
57829
49473
66375
83678
64712
48331
65213
64551
62437
54583
62357
65814
60594
65553
59202
52288
70383
57448
69140
57037
64291
57348
76083
66255
60844
54453
53150
49213
56817
52929
63860
57368
52579
67227
67297
57659
67047
58309
57318
52148
76393
70744
63960
64170
59542
62628
60634
66695
57759
44413
56857
67838
58180
66475
56717
52388
58851
57608
52950
56667
62067
88467
53130
51818
59302
57037
58170
58159
49513
57649
56697
58139
59672
67046
58731
83668
85972
52569
57940
64832
63309
77286
66004
58300
57929
66685
52619
62347
58550
73247
57869
65062
63550
58840
64662
57038
65233
60124
59522
58580
63480
58370
77176
54462
52318
53701
48180
64020
57949
59693
56897
59281
74470
55785
54313
44694
43723
60924
53160
57719
58049
58390
65263
57919
58309
66966
58039
63068
60804
63369
56647
56186
54783
56136
58600
56346
43973
60554
48201
67266
77375
60835
63700
62959
66014
60464
58780
56988
48391
66015
52088
67226
69300
52108
57509
64421
61165
62738
62046
55645
62377
54342
57518
44754
65794
58370
63830
70593
58731
59141
74360
53360
60073
58009
43702
57648
56766
57980
58089
62879
69682
56156
57568
57930
58570
57979
59663
60224
57077
70863
55254
54843
67778
66324
57158
52509
57959
58480
57818
57268
82305
60734
31339
54112
57829
71634
61286
58881
62147
58220
57328
55174
63860
52970
62948
59803
52760
57909
72006
65754
63590
63149
63730
66906
64381
67037
56296
71134
58691
48511
52249
58781
57919
68589
59392
62147
57018
66545
67517
58180
61827
56848
64632
70092
86583
66636
67257
65193
34625
58260
51928
48872
47168
57529
45806
63068
58740
78207
52068
55004
58901
58540
67888
58210
47128
54583
68709
57178
68098
54001
64040
62368
67036
65864
54602
62437
54342
68519
62087
72687
54463
60483
62317
80000
60494
48621
59933
60163
54763
45406
54723
53381
63760
53922
87735
57939
66605
57809
72967
54172
67708
82315
54523
63580
62928
55644
54091
58550
60715
54162
61165
54763
58209
60885
54603
70142
63058
56707
61215
54492
54583
58079
66726
54894
60584
57738
64111
62968
62878
61506
62037
48762
67006
64892
50084
45536
72587
60584
54693
72416
68048
53942
66004
60934
60183
63579
69982
57408
63309
61767
55644
53601
56957
65393
67447
69140
57869
67978
49133
60784
54151
58860
57197
84439
56797
54673
58460
57217
52869
53271
52859
60223
66004
57388
72676
68109
62037
64612
68388
59081
52649
57769
58270
58199
60805
62597
52468
52178
60795
65494
57288
57408
58550
58129
58039
49834
75161
53541
54413
58671
57589
67297
57408
64361
48561
55064
68408
57789
57017
63139
56968
67497
59211
57779
63910
57197
58771
51898
58319
52148
57247
66325
68158
49033
66476
57468
49133
57608
48972
72226
58090
41859
69301
44414
61686
64862
56677
44384
44473
48512
47970
58430
67828
59882
52299
57518
41297
63289
46889
56847
41458
48942
64641
41218
57308
57839
56977
62849
55594
34054
53140
53601
61015
57588
58149
59272
50124
34966
59051
58911
55094
53931
64601
68699
58781
51016
57849
48892
84720
63069
52188
70894
57919
61186
54633
63379
62318
50915
57569
77456
53772
57418
54022
60253
60133
55544
69241
78658
55034
60324
65694
70352
61255
60454
54733
51287
58230
70863
54452
63038
54253
57818
54213
57238
54723
57458
58450
70463
58109
60875
63699
55103
55124
47760
49162
48962
59582
49994
64071
61115
74339
55895
61145
66225
61576
53721
65453
57018
62597
72336
52279
68459
65453
65313
67938
66295
58620
60694
61495
51276
61626
48221
51647
61676
63129
60844
55114
75713
94668
61396
52719
62708
67126
57708
58811
52539
58440
58390
56977
60704
47098
57208
56336
49313
52579
53070
57047
54703
66766
67968
51978
55104
58700
45816
64401
58811
41699
57638
49143
57338
73178
58880
41057
58330
41588
56426
40937
57188
67698
55244
68910
34194
45827
66705
56807
52369
57378
53160
47870
54893
47329
51987
41719
48642
60965
58029
68870
57629
54122
73448
52940
69601
42000
61606
47239
63840
68018
63900
65142
42210
58851
37310
63369
54934
54633
54613
57308
36328
73258
52388
61245
62608
64872
55144
43863
62537
60394
80271
64892
59191
57228
48432
53100
43552
66535
57769
58100
41488
59031
41478
57459
72637
45836
57108
45666
63399
64481
49693
76354
60423
41869
58530
59953
66275
54262
57137
34886
67346
52149
58220
58289
67357
57448
57569
61556
48241
65143
41448
56637
64682
70843
63309
58601
52509
63931
68399
65223
61596
41127
57488
57719
56917
58991
56987
41778
61315
52649
75803
57589
55314
57458
68008
59643
55134
58089
60013
71525
65183
58800
67317
65153
63580
48060
64322
53831
58059
62198
73328
57178
61806
66615
64381
59683
64060
65884
61495
51557
64391
58260
70032
65243
66856
44654
50314
51968
71264
64151
58831
48912
68960
53340
67437
52229
77496
57739
50735
69611
60874
58731
59823
63480
56877
65453
61315
59051
57037
66926
56306
55435
56957
64391
60954
63329
60464
55625
56746
74350
73328
54302
54042
63870
60835
74450
66185
61075
51667
65052
57919
57288
77776
66776
74500
58660
67447
68348
58781
56927
57729
62798
48742
57348
59001
66926
57969
65724
58670
61446
57258
65864
57518
57438
57668
54983
58750
60824
48170
45686
62919
67016
57548
76875
59402
58340
45386
62598
65874
62708
58320
66766
58410
72036
62328
63569
56937
68088
54432
67748
56235
63510
57468
48972
47840
59432
60444
51657
60404
49423
57529
63870
31860
64372
54603
64472
57609
53661
66726
62248
49764
76474
57358
53751
47159
55825
41719
67877
51948
60634
57789
57859
57769
65514
48011
58200
64792
40326
58069
64712
40666
64101
58299
63169
54273
61045
65494
61265
76144
74660
48752
57519
57498
57698
58520
67758
59292
58069
56446
56767
72516
67076
53821
58120
69371
57368
57699
67467
58069
56917
58871
59051
61586
68268
58050
54142
51677
55114
52579
63369
57619
58209
54753
61717
57789
54021
48131
51707
57308
57849
59742
57238
59001
57869
66224
49223
59181
56997
55524
58140
59052
54202
58160
65483
54552
63579
59702
57819
64331
62377
57458
57278
52619
56376
58380
58780
57398
58290
57629
52679
59042
65543
71404
61606
64250
58460
58209
57137
57579
67528
53421
56226
58611
57729
70723
52289
64502
56576
52308
56716
57198
58380
52940
66656
54422
46037
58309
55545
54422
55023
54463
54854
53191
63901
64060
47700
57228
47079
57207
61556
66625
57528
41989
64612
62287
58470
58690
59732
62097
62207
60084
59252
63179
46928
78829
64000
52199
57518
54733
69070
58490
55154
64381
64321
58911
71194
66555
64822
74721
66285
57128
56336
57799
70943
44554
58821
57959
108394
60984
61937
48581
67417
66515
49012
57048
52890
60704
52860
53370
66997
66305
67437
56516
58350
56156
67717
54383
61215
48581
48361
62086
70563
56687
53010
58069
56527
57738
61877
62818
61917
62107
69541
69381
72887
54583
62487
52549
61767
64181
52639
54663
64912
56917
58720
71305
57338
63129
58029
75833
58370
67127
56006
95610
57668
59963
67327
58390
52379
57548
58320
56827
53110
44003
57940
56266
58090
45105
58180
69621
58149
78949
52027
65734
62608
67537
58480
57889
58300
72226
57077
62087
67166
57117
57619
57108
71184
75983
57709
78457
57388
82836
57999
52238
62328
61706
56877
58500
66395
56126
61135
73198
54883
59492
66635
49072
58971
58831
56898
57478
77927
58400
57398
77556
65864
57217
65022
57408
44043
64141
58790
45085
57588
71675
44774
67307
60194
56596
67337
60544
63740
59061
41478
63690
66194
41468
63049
40918
57368
66154
41378
56596
57879
40957
57468
34375
58049
62387
58360
41068
59582
62919
48501
64512
57428
47139
54863
57298
41678
57919
59923
45035
56907
47930
49653
56586
57759
47149
62578
66866
40877
57759
58791
49143
43783
57829
57478
53821
59953
54172
40687
54973
55023
55906
60334
51797
44344
63770
55184
47099
49002
57428
52209
59402
54372
62217
44844
64672
65073
48381
50755
55926
40817
49062
58180
41237
65153
45175
64662
34846
64010
51116
55033
48040
71104
47580
62618
49433
64391
42189
51647
42490
64812
46457
64091
45966
57558
41468
47670
55164
40867
60915
51948
48932
56957
58460
57388
41618
54833
56517
44042
48040
57047
40416
52659
41348
66345
66095
40496
48983
58340
42630
69882
57087
53360
57638
40316
67077
57989
66755
57990
56767
71826
57578
64391
52699
65403
55855
68769
72106
49323
59242
52619
85150
58931
53060
58300
48712
60454
57137
60644
58450
63810
62908
52489
66044
59923
55494
57889
79891
62678
60204
67016
67668
58370
57328
48261
58661
57288
56958
57940
58179
58450
48541
62488
48411
60514
57879
58159
81764
57618
58410
66014
49052
64261
65693
58149
64522
61476
56877
60894
64762
57508
64502
58430
58961
69841
40787
58440
54763
75392
58150
57609
57798
40877
56466
72476
58670
56897
65433
34284
66825
58992
57839
53621
57639
57288
52839
62037
67257
56427
61515
70512
53461
76404
63229
67427
66455
59932
69230
45766
56216
62858
55014
46427
52329
57529
67307
58560
59853
57328
57678
52659
58651
57838
59703
56767
56677
57729
57578
61286
69822
75482
71996
57157
66455
66075
58751
58029
84840
71044
64051
57798
72857
64041
56987
57368
60785
65643
62528
57819
58040
57779
67848
57388
66856
56988
58170
76845
57479
56817
73668
74040
57739
56857
66926
48341
52459
60564
61085
66225
64261
57037
75371
57207
58491
53822
58390
60915
74941
57157
61606
65153
57749
56797
57328
58219
64091
73358
54503
67718
54252
70753
86173
55024
59061
52199
57679
59161
57669
61636
57489
57689
56817
59732
47540
54723
67427
52439
46588
61255
46007
54362
58490
57689
61636
65173
56807
57088
58650
62407
58861
57188
58119
57278
58129
52929
57829
56937
66174
57849
54543
57448
52139
79229
57989
57017
66385
58129
57328
71074
66004
53270
57779
63990
56967
57589
45585
57779
52259
55504
58681
62207
57328
65243
60955
63720
58169
48291
57538
57097
61736
65874
67107
57498
65543
58781
44855
52519
53040
56998
58119
57298
57238
53230
58891
63981
60234
64361
62117
53241
54622
56717
69331
52338
56637
54392
48832
53430
59202
65984
57669
75142
64031
68960
58390
63299
57097
71224
58621
55584
55445
62828
67768
66295
57899
63860
57197
64832
69281
67327
57999
83787
51977
61035
56416
58039
58049
64701
57268
73388
58390
60795
56587
57358
50765
57799
60003
61876
52709
56667
52980
64512
58220
57097
54212
54623
51868
77546
68379
63439
46187
50976
59573
66615
52970
73578
58971
57979
57558
67787
54182
52408
58350
56696
80732
57288
65073
44654
55053
54743
52699
53460
66104
57658
63199
66385
55063
58350
57589
58540
57628
57869
57047
57849
69611
66275
68229
76254
58320
53230
55494
55314
64802
57047
67046
48782
62527
66766
58140
57799
52609
56908
56686
57108
52629
68099
65603
66946
63960
64090
58871
57689
57187
66666
69461
61425
54403
55675
57017
64472
53170
55825
54713
62968
62437
64111
57137
53330
58400
64291
48361
60093
52078
67768
58370
57638
61526
52358
65303
57207
56446
57368
54643
46307
60073
55724
56576
65834
53010
56987
53160
60795
73388
52168
65614
61085
61175
56787
63470
52108
67006
57568
61996
60494
76234
66706
57218
49092
57217
61716
60133
49113
57979
56817
66194
58400
56676
53271
52649
66064
71765
70713
56497
57758
58650
60705
59502
57047
68319
59162
57378
54303
54553
63549
52970
46738
57218
53019
58781
49773
52850
46157
54843
57799
54112
63690
56787
58059
60123
57639
54292
61476
65634
53470
61436
61245
59462
58260
56887
45626
64651
54443
56587
70914
58591
56797
58320
59863
61306
52199
64241
54453
54543
58009
67257
52809
68689
57468
62267
66826
65113
57829
69771
67116
58600
61777
58490
56476
64351
63360
63640
67567
67978
65804
48241
58290
64571
66846
59392
66776
60434
59663
70362
51967
52659
58551
66545
58821
52278
56746
74270
67216
61165
60975
60453
59722
61045
65733
70613
51187
59793
61836
61256
61095
67537
66345
56998
49694
62277
57488
59361
57649
64181
66635
64151
57108
63439
48852
59452
75673
41327
66976
68048
54744
49002
57157
58230
56867
57809
63589
57508
65012
58010
56867
57679
59752
59783
63209
57198
58871
62037
65142
60574
54242
64902
57879
70503
61035
63800
49633
56957
58010
63479
57518
60003
53781
64952
57398
59071
52249
58320
57589
57809
57037
46778
59512
44644
64762
67568
65834
57479
67467
52359
57379
58210
57147
73308
47629
57408
57027
58100
67337
72266
69731
58310
57037
57819
54363
59823
53801
60954
58009
64021
62297
58410
55164
62668
59492
58310
58340
57328
61676
53881
54613
57348
85861
48592
54432
55054
53310
56977
58831
51778
76845
57679
52589
58491
58149
57849
57618
71765
57317
49573
57638
66374
56987
60454
69811
58661
59031
65915
63600
58591
63159
62768
64301
57819
67988
49393
60974
66616
58911
52839
67778
57468
58951
60253
46267
68459
54463
64882
57659
57208
52128
62928
58380
61556
67687
60764
61386
57688
61956
52579
62718
58269
58750
60063
41258
62939
58090
82255
82956
54393
49223
42841
48371
89068
52699
61716
66936
62928
57048
58601
57208
66014
58139
47930
58871
58440
56967
44985
55585
56706
51467
58670
57378
79159
57719
58490
57819
57749
56937
57649
78187
59171
55505
60313
57358
58050
67878
58400
70072
56837
56436
64382
57228
58259
57338
57739
56928
57127
61886
58140
70252
48511
57519
65714
45155
57519
67517
57609
57508
56136
58239
66726
76404
56908
57899
58380
58229
68850
58090
61226
60133
58019
58050
56957
58290
51377
49373
58360
57639
58059
57468
57548
66124
57799
54332
46377
51837
56777
56386
57037
73498
57929
69420
60874
66465
48421
57208
57378
68379
57689
67026
56997
58531
56015
59031
53781
54532
57308
58630
58210
71574
74641
58400
50124
44454
55194
41579
48882
64952
44815
57187
41588
57328
47850
52058
50295
56146
58831
57679
68639
61075
55715
69341
56847
80141
89138
59832
56025
55093
55644
55174
58019
72026
55605
68158
73158
65463
55996
67737
63098
56336
57237
60003
55775
52769
59492
61495
48842
55946
57087
61465
67497
64551
54713
55154
62047
65814
41809
70102
57919
73979
56697
65182
59001
54282
30868
53942
68860
31860
49172
70312
66876
46297
56918
77686
48331
58611
59021
58931
57989
65182
47870
28243
54804
66845
56206
58180
27682
57117
65543
57228
58921
57378
28734
67668
69561
57238
58190
65423
69451
63860
57538
64040
53140
57889
62498
56597
63068
57097
65343
68679
67197
65914
67748
86072
65343
67487
62588
58060
89177
56065
65984
58340
54453
58490
64732
61756
61125
58170
63709
55054
54012
54814
60094
58290
57458
73929
57468
65343
56557
57558
58069
58089
58921
57579
56236
58150
57829
57698
57859
56957
47049
57308
57619
55745
58250
58230
56586
60274
60644
63510
73358
68148
56958
52839
54663
57047
57558
62517
57579
60965
57008
46327
60725
69541
51957
62648
66545
52859
67637
57638
61405
81663
52909
52358
59341
60334
59692
55584
44804
67678
49193
52038
54813
64541
84740
55675
52679
44143
65473
57779
52579
55896
53250
61496
56837
58039
57859
56847
60654
52448
55785
66465
52929
67958
53250
56917
64081
70071
60575
64041
52749
67427
55815
57308
55755
55465
57758
67347
60744
53591
56156
56697
52199
59632
61947
52419
82746
55826
52279
56246
58009
51316
56536
56446
60384
55885
61776
55184
44193
64702
52990
60013
52518
55745
60283
52759
73849
52449
52478
56777
57188
56336
56346
57598
52729
46237
51937
62087
58791
51868
52459
56787
79270
57007
56015
63910
43943
68489
59192
57228
61606
66966
62748
53201
58640
65614
44153
63259
46808
57147
58810
52709
52068
49734
58460
63429
51627
57709
66204
82736
72787
57137
69701
57678
58240
52809
58259
57127
60755
60734
58230
61335
58820
57198
57949
56787
57539
67718
58340
57308
60594
51848
57709
56186
57869
67277
58039
58710
59983
55164
54934
57538
56706
56015
69191
58600
56817
57398
60433
58189
35787
57398
36378
61917
57438
64040
76894
71294
57258
58480
57489
39434
67287
35978
55124
60494
44665
78087
53110
47429
58700
40817
66656
64392
57718
63039
41037
68329
58239
48752
55856
57748
58991
58620
56657
74721
63800
68169
58731
76494
55514
56165
56988
52629
64972
60955
48030
66385
55515
54563
55765
52178
40396
83156
60604
62798
56366
64552
41709
60464
33623
67477
59212
52409
55905
66415
63380
57559
44032
57038
49143
57288
71044
51447
56697
52269
54242
54031
53080
51527
57828
57768
57538
60023
58290
88396
66916
58010
52399
44894
52549
54723
61886
59041
57258
52358
51858
58029
54312
55344
55494
62027
60393
66315
55474
53370
58651
41498
53881
52208
40626
70102
57969
40947
53581
61205
43883
53020
57478
41307
52989
57017
42069
52549
52699
48952
41579
49614
53240
61266
51827
40967
66976
69942
52970
61335
48952
41659
63289
74700
65553
52579
63970
41388
57358
64532
34555
79740
59061
34876
58911
57869
60584
41588
53491
58009
42750
44293
53321
40847
79630
74861
53310
52027
42160
58320
58430
64872
64832
64301
63490
68599
65153
83086
66125
60173
63660
65373
63740
60183
53601
59733
58070
51637
57358
82315
68158
57929
52028
52368
58340
57930
52789
52148
53090
66355
66987
61536
57468
52819
44785
53451
56256
56987
52118
58650
57669
57829
52268
61466
76634
76314
84730
57909
52659
58350
57389
66845
53982
67807
59913
58280
64652
67517
48812
61777
48572
52599
56967
57478
57418
66485
63019
58340
41047
59883
40907
57639
40987
57007
67296
54082
55374
48522
64492
42119
59612
57758
42350
60433
68700
34926
63720
64241
41539
67607
67006
41188
66825
57609
59021
41488
58370
66936
51317
48171
59061
65112
54933
47469
47609
76905
45917
45275
58059
43071
64141
58239
64742
72767
63690
50435
64702
71234
73668
73749
57468
55555
41288
58090
61095
58179
44043
64281
61345
41117
58801
50004
58189
44223
58310
57388
41748
66124
49233
40717
56997
52299
41719
57448
62888
56928
54583
55033
57268
57197
72336
52930
56477
64140
45596
67197
47089
61626
44113
47560
58390
57629
61306
52389
52859
58219
76344
57839
51677
57929
66165
43942
58150
57719
58170
63610
58440
56877
49223
57599
52589
56587
58220
63018
57869
56466
65954
59392
49633
59943
49083
57328
57558
58210
67337
61376
52619
55114
57288
58750
57108
58320
72206
57889
75141
71565
67026
57479
57198
66335
90700
64681
48081
67447
59983
58360
66526
41528
61596
59001
57919
58660
56707
57458
58310
57308
61636
75973
62758
57479
67497
52459
58400
47519
78938
63970
44924
52339
57669
58701
62227
48602
52469
59672
66675
58510
59883
65683
63019
53070
72747
49202
56747
55705
52499
58390
61075
67547
50254
60204
57458
67938
58701
52448
46447
48742
56136
57689
58961
74110
60895
88637
69441
55394
59642
57057
58961
57889
61726
64872
62437
71174
64892
58150
35166
47199
57568
40857
63680
61055
55063
56155
65162
57919
56316
53811
59182
54723
69260
62909
56877
67046
65994
52739
47059
63440
55946
56447
58510
49303
56647
44835
56908
73177
58099
59763
89408
45316
55034
55335
64081
55274
62648
54483
54432
62307
55164
59903
51788
65083
67607
59562
48280
56336
66345
59101
59953
57007
58480
57728
56546
61426
66966
59883
70203
57308
72326
48331
66646
56356
58230
58490
51657
80171
58309
61546
58289
58791
57138
60043
57549
56096
62367
58700
68058
57388
72486
56897
65222
63690
52970
65463
58490
52519
56977
63179
61376
60303
56918
52749
64943
58481
57728
58209
74841
51738
63700
57638
52389
58350
65213
73067
63249
59613
58290
62708
83417
83257
70152
58480
63670
58780
68178
60764
47810
60083
60414
60724
58380
52018
58450
57198
70342
58491
66966
57398
57878
84629
52068
56957
61496
57569
58460
53561
59622
58330
52839
41508
57639
57759
65763
53190
57699
48111
60764
53862
61697
61085
72657
31599
51988
44564
63349
68228
72447
70253
31940
63640
57889
61205
52640
56988
66074
58750
62217
47520
58631
41478
52599
42239
63589
66615
56787
67587
57108
58119
57859
58531
55244
56586
56988
67738
41789
60464
40937
57869
58851
58741
57278
56958
41027
66535
47640
57919
48902
57609
41348
64461
41638
57638
53270
56907
47429
53080
41248
57498
63219
71355
57107
58440
50425
72948
58309
73288
47790
61496
40817
74911
60774
52508
66415
40797
57398
45936
31490
65504
43993
61786
58069
56968
64231
56938
46217
65634
46237
66295
54602
64492
57789
60213
58701
52469
61646
61606
52759
52749
79330
68379
47940
60574
52168
57559
63460
58811
56606
52519
52188
52258
52338
57649
53931
58069
56907
52349
53761
60614
57559
51688
56997
57569
83477
57037
71926
66155
49643
71073
61806
64842
62207
55244
68419
67968
62438
65163
52849
59732
71635
66996
57569
65854
58250
59983
57539
66295
51567
46557
52589
61405
71064
65473
63740
66164
57088
60985
66796
64582
58440
65634
60584
69280
57599
52178
55905
61716
52419
67367
58861
61756
53972
63600
58239
57899
53180
50715
49574
70693
72998
68249
65934
74320
52398
63710
57448
61666
53461
64161
60264
56917
67247
60664
70623
62788
59502
52108
58179
57177
64893
55024
70443
57489
57177
59973
41628
58390
53892
54874
53831
60804
58480
57859
54563
71464
59322
83247
57598
65022
71385
63480
74871
55214
40326
54402
31640
54592
26009
60374
60264
31219
70753
31259
56676
49013
28414
53991
31158
57428
31198
62497
54222
54092
31589
63519
26059
59452
30909
43021
58781
30487
45676
35537
59362
30908
54874
32161
45856
31420
55024
31139
53862
31489
53721
31870
57058
60504
36729
57308
58720
46237
54903
36088
54323
31279
58090
33514
59462
34835
60705
35908
75051
31098
52119
33383
69761
31880
48952
31118
46928
38863
46758
33683
51788
35737
55305
31319
52158
35708
53611
30858
61746
30577
67557
37670
52309
31139
93166
31179
54913
33483
54312
26500
55394
33093
53712
31098
88687
36689
49213
35987
53711
40246
57178
31430
54863
30918
53501
30637
67788
35998
57950
51628
31149
54593
36219
46979
31429
47059
30778
45756
31089
46548
38672
55644
30848
45466
47199
26079
54592
30678
45936
39124
55484
30727
55014
30878
57428
34024
54803
36418
76334
47109
38873
52689
37521
47088
36519
53761
47079
31569
42009
33033
54172
31599
57528
53020
41418
52428
57057
52199
72426
61255
52800
72066
57148
66796
53691
55785
59292
64291
58440
48100
49002
57378
67738
55575
55324
58009
53151
57238
70503
63700
58601
56076
63149
58310
64611
52629
68529
67407
61165
60694
48852
52889
67788
71765
65985
64772
61536
52649
57358
52198
52740
59421
57358
77796
66465
57097
56467
73779
65173
57558
52569
55855
53350
67487
53610
52048
57398
70823
67507
53050
60163
55394
52219
68008
58350
53411
55775
51837
69611
52809
57959
58460
58269
64531
60273
57268
57208
57598
52459
53591
55304
61155
52969
58480
44164
57118
55063
59122
57459
57358
56937
55103
66616
52539
60023
65012
56707
52990
52920
60153
56266
51998
57318
57678
57618
64571
53430
54192
61706
62548
52900
53060
52869
57769
67166
58130
67176
58710
71755
60363
62307
57578
57237
73338
62177
53391
57057
58299
58721
75593
60294
60174
54272
58250
58871
65864
58861
61145
58070
61486
54443
61535
65924
65303
44755
58039
41418
57097
58190
68088
64051
57498
57819
64662
46338
67828
48270
49072
63509
57949
58820
57218
57438
58750
57519
67597
57598
66025
57759
58701
80161
57438
58340
63840
35146
64462
48241
57939
54763
58420
57990
66776
57248
61416
34686
54292
76704
61596
59652
58811
58760
52218
70422
62087
64281
79529
72487
57398
66506
60223
59241
57578
54773
54693
55164
57428
54602
55214
58049
57899
66355
48752
45265
63249
54923
77767
52458
57208
53060
57929
58691
71485
59361
61947
57278
57869
52789
56997
57198
71324
60514
72276
57288
61936
57899
61446
77556
67718
52108
58961
57658
49032
57438
103916
87235
58220
57999
61926
57929
58500
60053
57128
58140
58140
72867
71665
57107
60955
52780
58209
58691
51878
65894
59923
62608
57669
57638
66987
52429
59172
60414
66585
58129
61005
52990
58180
57338
74951
57368
49343
64231
44244
61005
48231
49583
52609
58009
57699
57007
56697
53019
72777
53070
56035
83508
59562
52269
48972
48742
53290
58951
66275
57498
72387
66014
57037
59542
56536
57408
64241
69290
52509
67827
58360
58820
59933
57028
57709
58279
44995
48581
57157
57759
60584
58801
62317
52559
57068
66255
58821
71865
58290
43853
60524
60744
57278
58520
70382
67006
34114
62598
40987
57628
76514
71044
65864
63971
58289
64332
57909
61666
60985
48371
58591
48522
56687
57398
56576
60023
68449
41418
56847
62338
45666
62548
65613
41167
69141
66665
50115
56917
63129
44644
58670
54964
45345
57448
64671
51577
61526
63199
40767
70563
53311
64732
61375
66155
58180
56586
67097
65233
61105
69942
66555
58320
55555
52538
64000
52690
68178
57819
64441
66224
57268
57489
59441
57919
58981
63369
51858
57408
53070
57729
73308
58329
67457
57168
52559
52649
57939
58290
52839
57558
57859
55775
56496
57799
61887
61035
67537
61336
64591
58270
58309
52198
57819
57287
58770
53009
59192
51988
51728
61246
43953
59622
57498
60854
55414
44214
52910
52078
54383
57729
58009
66555
53520
51587
61035
57859
57819
71544
70443
59522
59452
66426
44464
57248
58090
59923
73048
51897
51608
58480
57589
56987
62127
55724
55133
52078
48090
57728
44193
51768
44394
53140
54082
53040
72747
52418
56928
57518
58911
57899
64953
67387
57248
49052
61917
59101
52689
56797
57458
52148
48912
52669
58129
62528
54062
58791
52910
52118
52780
57828
58299
51346
53131
58480
54633
71154
58260
52859
53401
55024
56998
63289
57578
43783
52820
45425
44364
57067
57297
61726
61295
67648
57488
51848
52579
44374
28724
44674
57108
44033
60344
51977
42069
52088
57909
52118
52770
57548
61516
52519
69882
64741
67277
61225
56116
58370
53521
67697
58240
52719
67046
52369
59061
62558
57539
53330
51848
52729
85030
53831
57979
67277
57097
52970
60103
64060
59843
61636
64171
65032
67988
57108
53992
60333
55223
62708
59011
68299
64030
67447
49063
57248
59803
63610
52609
57128
49323
57188
62237
57528
58009
73348
56717
60544
44143
54292
58290
58510
58099
58791
57388
52940
66225
58260
62137
58540
62448
66044
48030
74580
53571
59943
65153
58550
70543
58039
66034
58660
57919
64752
57478
59903
53581
55865
46547
57167
56927
57909
51076
66865
58931
68839
58040
57919
57228
69922
57609
52007
58180
58000
56797
58289
57559
58740
65183
65874
66115
92615
63209
58069
54202
82725
79058
75162
58741
75773
57679
94518
51798
71945
51667
64231
73688
61025
63390
75412
65073
65202
58751
62297
65053
57739
73438
57569
57849
53912
57929
68008
50826
57709
64301
63299
63830
58972
57449
55534
54212
58059
60414
70984
57348
62007
61286
61426
72146
57669
59141
54833
62828
57168
57829
40977
58150
43612
57308
62758
57187
58410
62478
58961
74029
67407
41177
48762
67407
67757
62989
40957
58510
64762
56416
66796
53791
52428
57478
58190
61065
40747
59883
58360
73588
70954
57769
43472
65253
41297
75552
57097
59061
42540
55915
41307
59522
64161
58590
42149
62719
50605
58210
59212
66084
60584
72927
56977
63680
57698
42941
54533
64401
48071
63630
42249
58761
46027
50054
58049
54252
66695
57679
45485
60964
31850
53862
61586
34815
46688
48411
52999
54793
57027
46377
60554
57358
56606
55525
57358
47039
62137
57277
63469
60263
56547
66585
59653
56907
58680
58570
62567
62758
41849
60063
41628
63380
71084
51637
58120
63871
41337
79710
64922
78307
48311
41709
64201
61786
58420
67497
66044
55264
66496
46618
59642
62398
56957
58731
28604
46868
57718
83177
66826
27712
66264
58400
45816
63560
69651
62137
62528
65573
52068
61626
54112
57719
57609
54723
52579
68058
71836
56646
62227
57318
57197
58280
46478
57298
46828
58190
57768
62197
57458
58580
30818
63680
60645
57649
64922
61936
65603
58340
72166
51958
57959
67427
65643
48020
60674
45837
58050
58660
67587
57689
57328
41348
68870
66906
57328
65183
60294
40847
58069
55334
76043
68349
41148
62999
65192
72927
58991
59272
63540
57188
48792
52238
58250
63550
57298
64211
59973
57940
51207
57919
57078
58000
46006
57298
50375
62458
74941
64882
58180
55735
58410
55635
57789
63820
66395
58170
63029
46377
57518
49012
65043
63029
57338
63970
64892
55054
65794
60534
44805
64842
64332
57589
66315
64622
58209
58340
38993
57538
49753
62277
48231
57157
65183
61336
46327
59512
73979
57448
64972
56897
49032
58831
57188
57939
58490
48912
42029
58781
57448
57178
58100
53180
42190
58610
56497
57187
72666
49352
40867
47720
52449
41858
59161
56806
53772
52368
58140
40917
49183
58581
57889
47910
57668
41038
61025
53030
58631
87645
62006
41918
67127
41678
69611
67948
48060
59593
41618
58160
59192
63079
53721
42150
61025
64452
56046
57268
60414
39825
63209
64111
58349
68559
65173
57358
52228
60694
51897
58270
59102
55655
58530
71465
59471
56927
40887
62819
52729
77326
48412
61426
40907
61956
57759
61857
57278
53090
58891
40807
58390
66956
74811
52729
57057
40426
65854
64772
67487
70883
69631
35256
91973
57317
41498
63159
57969
59672
64491
60454
53220
57078
58350
57278
41268
66315
57729
67026
52008
41679
60124
57358
62979
60865
57508
41649
78598
71064
57929
58791
66425
41578
56897
42911
72527
61687
72045
57909
73909
56857
58310
58820
57819
57638
58240
44875
58029
57568
41468
52479
65524
57098
58059
40326
57959
59753
73138
60955
57448
56095
34515
58310
51486
66455
51908
57308
48892
57569
57258
52960
57879
46187
60444
50626
60854
58249
71004
59071
86723
63659
48412
67557
63539
70312
52299
66345
57398
35166
67267
42380
61897
76675
53761
54252
69922
41298
71555
62167
66565
68209
67016
62597
65974
35717
61295
36378
58080
61626
57448
60264
61456
65944
52859
51837
69891
60234
58009
63269
57709
41327
58580
45957
63400
56847
65573
60634
57368
53570
59562
48722
51928
65844
64381
58259
57738
57779
51436
112662
57859
58360
66615
64652
66244
58550
57017
52379
66415
58530
61325
57458
66896
54052
55004
51688
70563
59051
44294
67197
71926
57258
70683
57889
56396
48140
58971
52329
67367
58079
52789
63109
59693
58340
69381
48090
57599
57247
57609
58229
56537
90911
64943
56897
60975
52660
68509
77165
56467
58490
57819
58700
58470
62939
57869
57358
56797
57939
58390
57398
58350
58140
65944
61757
58189
66124
63380
58130
59001
68279
64892
62086
68750
64342
56686
64331
74611
63790
55675
56867
65433
58260
57949
69030
89980
59902
64040
64101
57107
63570
57468
64942
65724
63500
63309
57529
52438
51497
56777
58741
66515
55755
57789
87655
58640
67597
58370
57459
66796
41458
49062
49263
56787
60263
57748
65102
61105
57579
66334
81543
79580
74119
51527
29536
59773
52248
58169
71254
58500
57498
54072
57128
57598
67217
58661
52048
53581
54212
49113
89990
66084
49794
52048
24115
54683
59662
57758
66264
31229
57608
52699
57869
63439
56707
60955
57489
52499
56607
55735
58129
66695
52770
68900
72226
51988
57748
59512
59792
58761
58229
57919
61576
57127
52700
65965
52879
69661
58360
62698
60173
45386
52388
66866
57648
56607
61155
56817
57768
62147
57258
63069
62278
58400
75622
57749
61055
65904
56897
58290
57879
58760
57117
69931
60503
58120
57648
71816
70953
75792
61115
57158
57097
57879
61135
58941
49213
53411
52178
57809
56366
58190
58369
47840
57708
57167
57288
57949
55805
52369
57097
56417
60905
57969
48812
57799
58641
57188
57558
57529
57638
58760
57879
56406
57198
61706
57449
65273
74280
63038
56757
64121
45976
50324
48822
64822
55755
63219
42229
57718
41949
66244
57739
60454
60534
56686
41929
58189
72427
57999
59202
60554
58490
59602
59321
66065
40847
57869
61666
81032
69551
58180
50675
60163
71495
48401
57788
58179
67497
48572
57899
60013
72206
57048
57138
43121
71104
44654
39755
64492
61576
63660
64461
44284
65794
57949
65333
67787
59733
67617
65574
57899
64431
68790
58180
58410
44494
56697
57629
65944
71745
58761
57578
62397
71294
60273
57178
52709
52910
53120
69071
60965
52068
48681
56787
86282
58911
57228
59201
58190
49303
56887
59602
56988
58320
56557
58159
63009
58580
53881
57959
58190
59993
62147
53411
62898
70623
59963
58390
67998
57208
58260
61716
58380
58219
58540
58080
66605
59271
65063
55424
55605
63850
57468
64451
62839
58400
50635
57428
51447
57759
52459
49533
47218
34044
67176
52018
47820
61025
58640
66064
57909
58150
57188
57919
58901
67648
57848
48011
57018
55644
58821
51908
56827
58040
66375
57949
66876
56176
57278
65453
57188
64081
57628
55325
55925
66956
54402
54523
57067
48051
57748
72997
63931
59692
55084
62338
76754
66004
58670
59241
54743
57459
57999
67057
46187
56095
53681
65223
52629
49083
67838
51697
56767
61055
48561
56216
52679
60894
57849
57368
67537
66205
64381
57108
72717
51467
56987
54693
58490
57408
48591
58470
65052
56226
64511
59462
57007
58110
66436
52900
57108
55044
64011
58130
66606
54081
62237
57940
67046
57588
44684
48461
58380
81323
58060
48001
67106
56817
54513
54002
53050
55775
56456
61796
57548
57098
57979
55114
56817
51907
47730
61696
56837
62507
60183
43712
49463
51317
56497
59141
75332
69480
51186
70543
52168
53461
66365
57959
57798
66014
72116
76484
56656
58220
60124
90540
57058
66666
57809
31640
55144
59552
54091
58560
56567
45806
60353
41127
47009
79550
65844
42159
63019
49092
73167
65203
57899
60885
60354
64412
60794
57659
56777
87584
57448
52729
65474
61956
62388
69912
58700
57097
57378
67757
65563
57708
58971
57379
55465
56727
66375
58440
63871
54362
57739
66516
60904
61325
57669
65824
46017
55604
45886
58490
52439
56877
52038
58210
59562
58020
56867
57267
56907
66826
57579
71244
57327
47820
66074
62668
52599
73989
50986
57278
61406
57458
58320
67437
55715
57047
69681
52339
64672
81473
65162
61376
52589
57028
57448
60825
52990
58651
69932
57989
48011
62718
53009
58220
69191
57077
66024
57268
82204
57268
57909
56547
75281
49823
71124
71204
58210
59552
57078
59162
64351
56817
58830
65594
71174
56857
44223
57719
57728
56607
58189
83307
58090
57729
72908
44493
65463
56967
58680
57698
88477
67697
59993
61936
57158
60895
48311
58309
66586
56587
56687
57729
58600
76084
51788
56406
60775
48401
57699
57599
66606
57699
58019
57549
48291
79910
58400
74881
57639
56757
57217
60144
57508
57308
43952
48401
53271
57318
48040
58841
57588
52368
53420
59582
58711
48802
60624
52238
62407
55835
57328
57418
48010
70693
56547
57869
52138
67006
57699
68349
57418
52389
61626
57198
41869
61606
58771
57638
77176
57929
57549
73809
64291
56176
65213
64872
57157
53951
61075
58420
70994
71725
62688
64953
55405
63008
52168
62708
57268
72156
57438
67196
57197
56927
70192
62598
57758
65884
56797
64832
44874
65704
58180
56706
63880
48872
73248
70603
57548
54964
47168
66706
64111
58360
73479
58330
56907
60975
64001
58360
71264
58229
63900
48792
62227
63209
59492
52529
91763
48411
66074
52288
72917
61195
52209
48702
65984
61425
71144
66375
65864
67417
48682
70653
63640
49202
58089
58480
58580
65002
58039
62739
65804
81794
48872
52318
61355
74240
57689
64111
57929
75402
59342
62047
54643
67818
60324
62057
54723
64231
64732
63810
58180
57539
73458
57719
57778
69971
66896
70713
65904
55976
64621
64742
57077
64531
63470
58730
58740
70944
57729
70453
59873
52258
61706
64071
57529
64802
62628
54974
67166
57788
57699
57138
64562
60654
68970
53871
52008
57088
47890
57478
41588
46688
58029
66024
44845
45366
68369
52559
64511
58340
56947
65182
57098
65273
58771
76373
51737
64431
52759
69361
66956
64221
76585
70913
61817
52609
48802
67768
62317
71735
65754
67498
57598
69731
52749
78307
60885
52939
58490
75572
57178
67427
74160
60353
49192
64632
56887
68779
64732
60253
65824
64602
62007
66385
52048
63049
72276
57989
63359
68589
60514
44363
60664
68499
64712
67116
66194
63590
63409
74190
64692
57629
64482
64933
64702
58700
62738
49863
76204
61977
63730
57979
72296
61075
64201
58190
69711
52719
70232
55314
62408
48492
69221
57629
79901
51637
52279
70002
57849
62738
72125
48852
58019
65623
69160
57939
63981
67407
68129
58540
56897
58450
60774
63890
85300
58290
65433
48732
87785
58831
57929
48481
58380
56987
54613
65554
59652
65473
57889
81864
53981
49012
65814
90811
53992
54703
56707
57679
67126
53942
54622
45917
57398
56937
54041
55183
62037
54963
45246
54623
60324
31169
58971
58941
72186
62478
29125
55946
57658
67817
56897
58100
52379
58671
57138
52529
56888
41618
73789
68469
56306
57738
58360
50535
48080
55535
66635
87414
57358
45095
56827
48862
57388
48101
61115
41899
57508
52549
57559
57278
58751
41578
57037
61946
60344
64150
34786
57669
58841
62808
41247
68329
41839
77657
65754
59132
60113
71014
40396
58580
52178
65523
57258
58440
43542
68489
53301
56326
57839
59091
67076
63570
57859
70683
56907
64321
60314
66144
63029
57368
64862
43682
48582
63610
57098
66214
58169
64051
52489
60934
53881
50956
58019
46066
49303
54593
55153
54142
69311
53802
54051
57799
86422
79549
67477
63580
69190
47360
65473
63840
51266
71986
63450
59933
48902
62578
64241
60594
57528
64802
66986
46137
70924
70713
54052
63339
66706
57648
57117
48581
57228
54132
58029
54072
57819
60754
66265
58170
53951
54703
64511
73538
57047
53982
56056
45396
54783
46097
55014
57939
63589
54774
63199
57959
57077
68910
54052
54092
73769
57037
61706
67867
60775
53531
58891
90190
52218
58129
63580
59472
59312
59302
63961
66926
61956
54773
60845
53962
55244
54252
69581
52599
66776
60374
64401
57157
86994
66044
47830
62518
65473
56957
73208
42009
49424
71886
60313
71695
52950
59742
67087
58359
58039
57769
60524
48731
57107
52659
76614
70684
58320
52138
51677
47699
57939
48131
67677
63139
58681
46748
58119
56787
67437
57769
60614
57949
57959
57188
66425
61175
58069
66365
57068
52649
66205
47599
59312
48121
61196
41748
67166
41147
57889
56977
57328
48912
57639
48722
25999
48622
53180
57227
60163
53340
64602
52659
65413
56957
41078
52609
41128
58140
61626
61215
66966
41117
57178
52118
57629
58040
57268
58480
58290
56957
68909
57899
56677
58901
48251
58440
58590
58530
48110
48401
58250
54753
61656
47891
62076
58319
52249
56897
61826
58190
58150
58270
57709
52248
57558
61215
65974
70263
49252
68349
53320
57268
65072
57388
63660
65704
57509
57949
58921
64411
58971
57508
56887
49874
57989
63489
57488
53270
56757
62287
69911
48411
57598
53340
57248
41367
57688
41478
53921
52309
64792
48932
56166
52298
58881
41288
57979
51487
47970
55385
57087
61155
61246
56877
31790
55825
40947
58590
64752
83668
57719
63780
61716
48391
63249
71855
57689
66204
66084
48531
52228
41629
59092
57178
63229
67487
63550
48521
57177
49914
69782
57809
52488
57589
50244
55665
46948
74390
41708
71344
57879
41157
58370
57779
62007
41027
57729
57960
57698
50245
66636
30457
55214
58079
58150
58951
43582
57799
57969
49032
57468
57328
57598
63059
57749
58039
63510
41849
66235
49643
58440
57849
47048
58210
49704
70753
52349
58740
46217
76013
52659
54913
48682
67177
66365
67707
48452
69181
57838
58260
58881
67067
54222
44043
48251
56887
57759
57458
41128
77175
42480
57187
57448
61596
48852
63570
41558
57528
41017
67287
71184
66836
64351
49463
41468
62368
64051
45536
65232
59652
67167
71405
46528
64812
51417
63900
72697
50204
69521
66485
59211
57418
49202
67777
58300
65273
66526
55014
42219
67016
42029
57668
61396
59412
51677
41628
62007
57168
54252
52869
60534
43151
68148
60544
57689
62477
37601
54863
59001
57188
74110
60544
55143
60785
53320
52239
62878
51157
58921
57969
72336
55755
53070
42750
64081
51707
73979
57057
57298
43471
48601
53029
48531
62158
63189
73348
57358
58530
66615
65784
57378
67357
61185
48411
64421
61736
44183
49724
27922
51898
31179
66275
43542
64251
54833
35066
64331
72537
50014
56035
72065
54863
56938
57188
55624
55535
60634
54362
72597
52228
71064
57558
58159
48642
57709
56997
66486
57769
71224
57378
59843
57959
52409
72296
62207
58229
58670
62207
71545
51657
69902
60744
57819
59502
64181
63229
57559
58019
57498
68880
52068
65203
68409
68539
58160
64071
58520
65013
48190
63520
60093
71034
58500
57429
53971
53742
65714
23504
58360
52118
62288
55034
53080
40707
67687
57178
41388
56967
41288
63289
52078
62508
41328
56637
67377
41979
48111
67126
43893
52499
65433
61406
70823
41888
57448
42330
67287
57708
57618
57287
67006
57819
45866
48241
58219
48372
54332
29055
48050
31399
56306
33954
55134
36018
47279
35617
52870
55755
69501
46728
54923
36519
58340
33022
51627
41669
61366
40577
62738
31079
54813
31639
54673
40486
56537
31238
45926
31288
64812
31289
50355
38642
52750
35567
55034
34195
56777
39194
67036
52659
67267
62558
66024
64211
53942
56938
62618
57108
58550
57929
67677
61295
63269
57358
53360
70784
56657
48061
66836
57739
68619
68098
58871
61165
65624
73028
58039
48341
58079
74520
51287
57629
64702
58200
64832
57669
64021
57849
70783
58470
60483
57808
70132
57688
73358
58059
55815
60554
61786
57999
57809
58039
55895
57889
62638
69922
63940
61085
57318
65964
49373
51877
63389
58159
66595
65493
48722
60193
74641
66335
56837
63820
57809
71895
57287
60734
58781
66275
66906
58620
60644
58240
56868
73398
63780
58410
58190
79600
57137
66715
56867
66505
57939
84028
57268
58260
57839
48692
63069
61315
52880
57869
58370
71134
57238
60564
63039
46067
58650
54593
48231
53240
48832
57789
86042
57980
64301
57398
58460
72116
61616
58611
71715
51678
67728
74260
58350
57558
64762
58791
58059
57818
56967
65523
58661
57879
57909
57127
65914
71114
57749
60794
55935
55084
60073
57950
57388
58280
51326
57699
57007
59061
58330
57598
57429
57077
57758
48933
58040
65564
49544
57167
57468
58991
57959
58600
66365
61977
71164
68960
48532
70963
86703
58340
62207
63831
67918
71295
68970
61887
58941
64541
58159
66155
67147
62738
44514
57228
52979
52098
41268
78718
62197
57247
57629
62568
58570
82035
57949
57558
57689
58760
66415
60875
55214
57729
57348
55905
57869
58119
61947
67908
58760
53231
56967
67567
68389
57809
63770
57168
75052
58079
61496
66725
67167
57238
65634
46147
57708
54453
60774
58169
55414
65162
62036
57287
58540
61827
68048
58380
69010
80892
58159
64421
58320
58530
66094
56577
62127
77095
71765
67306
65734
66205
58280
62398
58070
66335
53691
49233
57708
59462
77466
64532
63079
63590
54112
65022
67126
59933
62327
55234
63760
63329
56617
65323
63069
55565
59221
69140
56035
67968
63370
55334
58170
67127
68189
57128
55865
67417
58740
47099
62478
57288
55775
60374
57638
67517
58430
82856
59672
56977
60995
63760
48661
57399
66255
58010
61105
61776
58871
61305
58470
62347
61916
58531
62568
58099
68599
55745
46969
55986
55464
59932
58199
65874
58290
58059
54944
71835
68869
59071
57758
58971
54402
55434
57188
61847
65794
65273
70703
73729
66174
54603
63079
68218
63660
58420
66094
68449
68339
47319
57368
57669
70212
57448
54903
49343
57418
67386
64211
60214
60314
57708
57048
54894
58310
57308
67337
57839
57979
56978
76805
63790
53070
60945
58440
56998
61666
49022
58650
62348
55624
71064
57769
62377
64992
67457
58279
64611
48281
59422
58210
58129
57438
48501
67718
62277
58620
70583
79951
57138
61326
65092
66746
63750
52880
63640
58079
62458
61586
57208
65253
58821
58620
65353
57017
58289
48661
56897
52318
66405
57098
53411
58631
55063
57589
66936
57378
58189
58139
60153
73068
52840
66485
76263
52098
49343
56977
67597
71164
56817
52839
57388
66435
58770
65944
61165
57488
57288
57419
44224
60474
58049
56907
71645
57237
58270
58420
68128
63991
63830
77265
63469
56546
63700
57338
52208
58901
68639
59873
44203
58680
52519
57819
57949
57969
67046
57598
57489
64632
57458
57558
58850
56686
57438
66395
55344
55404
58931
56476
58029
67046
58110
52209
66245
56416
58530
72096
48922
61496
61125
62548
65533
57318
57027
71745
53511
57789
67307
67306
48782
51407
57138
57358
57989
56016
66846
53952
57668
60885
57158
52469
57859
60504
47749
75422
61406
57658
57949
58320
57959
60304
84419
58230
51898
68438
66265
56396
62899
64401
66756
63099
65122
54493
66936
63089
55074
63550
56557
65253
64461
57969
63229
64562
68599
55064
65634
59702
64912
59613
57047
54753
59973
55204
54152
63088
68028
59643
58280
65513
68399
51267
55494
64752
63369
62267
53260
59281
63299
60453
48531
52970
56296
58330
55755
58099
68318
67467
57338
57738
65674
58320
57609
57348
57077
57398
51517
70893
65123
61646
58289
58079
53130
57608
85501
52429
58540
61135
57929
57398
67117
65664
61135
57589
60995
66064
58179
56927
69971
75032
70172
68589
88386
89138
66265
52949
59732
57449
67107
56096
64081
50946
58240
57318
64070
58180
56967
58911
61466
58169
58770
57247
49142
57508
61936
57168
58400
48792
61145
59873
57808
61866
58520
52869
58961
56606
67928
57028
83347
57999
68519
70051
52068
56867
52439
58781
62868
61005
64782
57659
57518
58000
62007
43913
58981
60734
57198
56837
60854
66315
59311
57669
70853
70683
76214
52098
58040
56837
67417
73008
52218
67026
48641
66184
53130
59161
72176
62678
57909
92514
57688
63659
74330
59362
57398
59592
57708
57879
57789
58530
58480
56977
63449
67317
57909
58359
71114
57037
56656
56787
57428
57468
59061
57689
60594
49142
58780
57849
74069
56837
63850
57739
49393
48080
62207
59582
52389
56697
63640
58671
64982
52589
65073
52650
49122
56607
51637
64732
63870
58060
69832
54162
59662
52378
66325
62497
57809
63410
65774
68128
51076
56617
54583
52900
57258
58079
57288
58560
58250
58310
59863
57468
60674
58099
57087
52148
66325
61295
53621
58110
52969
57398
58851
52099
57438
52168
57648
51647
52930
51406
72977
43573
62588
66085
48762
43311
64171
67727
73177
61306
64171
57758
52810
60083
57749
54592
52179
60995
53391
58610
58540
57378
58601
57137
71825
57798
58570
51026
56957
64041
68339
68349
68679
58290
70242
49463
57228
83177
57448
68599
54503
57078
57478
58300
59171
53220
56817
68369
44424
53000
52238
72386
56076
60474
60655
56186
52820
57138
84018
57929
61325
65103
51196
70904
69501
53521
56446
54572
58300
67698
72507
58020
77877
66445
63499
52278
59422
61546
57048
77306
65122
57418
58279
51216
71645
66666
58129
63810
57107
62819
62217
66675
66446
49093
66766
71865
67968
63049
60714
63920
57458
67156
59061
64371
74210
65463
59863
60514
57899
58410
56867
64902
54413
58741
51707
64341
65373
58330
68760
63960
52920
55745
66646
58119
56507
76104
44543
57468
53350
60144
58931
51657
58029
60273
65674
48501
67597
57028
57007
61205
70833
58380
53491
56867
56757
51848
57429
67547
57187
58881
62207
55765
57728
58641
57107
67637
56927
57568
57448
57348
66004
63309
61506
61526
70001
68108
64382
58440
61656
58109
57027
58901
64912
47489
58059
65984
61166
57218
68209
52859
53441
63329
48691
57859
67247
57018
66826
65884
58179
57338
77246
58259
57268
71114
57859
66335
58099
64882
60855
63800
66025
64361
45416
57317
57328
49072
76063
58691
56907
68960
66214
60184
79219
58881
69241
57328
66324
61446
53501
54753
62047
68038
57589
79700
64031
57859
58199
79620
59783
46087
66786
54222
54883
56967
57458
57048
58029
58961
58069
75091
66546
48592
64782
82535
59593
39615
65022
54022
58861
63971
68048
89999
63760
64091
65663
64671
67457
63680
64371
67136
56717
56937
68619
59301
81634
66416
58050
62929
30377
54473
56456
59201
44113
60564
31519
54453
58049
58040
45285
57768
58089
67958
57358
64702
58541
57258
57939
77206
56907
57699
61876
59923
71795
54252
54513
63930
58049
62999
58279
57148
57829
65273
55775
54873
60484
54232
54983
54302
71184
54432
57688
67406
63319
66996
67577
67958
73729
60775
65273
25909
71083
28564
65023
64060
66856
57478
57098
57598
70282
52579
64903
57307
54383
57849
64492
53460
53590
56987
58030
58200
57498
61947
55364
70052
58520
47790
61716
63329
58790
64041
60714
50906
59302
54422
58380
54092
58360
56536
56757
61044
54292
59001
57538
66886
64912
55274
75312
58270
53170
54973
65944
76404
60183
61055
71104
66596
69791
57108
62558
65493
65273
59703
78338
47940
66585
62818
66906
53851
78036
60514
67587
62027
61706
54603
61115
54683
59512
54202
59692
63800
70242
66485
64591
62096
59022
58039
61626
59192
55655
63911
64101
66245
57929
56857
56427
63910
58590
46668
44945
54393
54102
54563
56286
57248
65804
58150
54733
62968
56948
57609
68228
53781
62137
67386
57939
56717
58169
66906
67938
53340
64121
56807
66766
57448
45556
61005
54874
53952
54001
53671
63279
63830
57859
58139
54022
53962
62819
58590
62878
55144
66104
57738
53411
60053
54062
74881
65213
53761
64772
52068
65384
57508
57909
59863
60674
57859
67246
56015
61205
77056
56787
57649
41398
70984
41188
58260
64933
57208
41208
64632
41317
57889
53811
60784
78478
57819
72747
51677
60424
62457
63660
56717
57449
56366
54903
54603
54102
54693
54333
57508
56516
56787
64291
53821
63229
