2004
20399
13045
10299
10940
10530
10991
10499
11261
11472
11281
11501
11281
11602
11502
10870
10510
11321
11372
11362
10389
11311
11512
11301
11442
10450
11722
10850
10560
11451
11451
11551
11382
11602
10510
11572
11541
11442
11251
11381
11431
11351
11502
11421
11402
11642
10960
10810
11712
11431
11521
10760
10951
10910
11432
11492
11772
10670
11682
10540
11481
10660
10690
11642
11331
11491
10630
10459
11652
11512
11601
10379
10660
11321
11441
11632
10319
12183
11331
11312
10670
10780
10880
11592
11501
11582
10520
11501
11512
11792
10760
10399
10410
11762
10370
10550
11652
10700
11532
11332
10249
10479
8817
10560
10881
10850
8787
10820
10851
11542
11322
11431
10459
11381
12333
11361
12123
11431
11492
12313
11311
11261
12172
11422
11892
11652
11502
12273
10700
10490
11221
11782
11672
10880
11582
11392
11822
11382
11411
11301
11542
11241
11151
11451
11492
11823
11391
11692
11101
11461
11582
11993
11271
11752
10991
11581
11461
11020
11492
11561
11682
11281
11371
11421
11362
11401
11822
11902
11482
11141
11331
11551
12123
11502
11582
11432
11111
11903
11352
11101
11401
11481
12674
10530
10450
12283
11401
11191
11461
11271
11762
11482
11572
11621
10670
11581
10690
12133
11321
12243
11692
11481
11712
11261
11812
11622
11431
11712
11412
12293
10520
11722
11532
11441
12143
11451
12304
11521
11291
12243
11482
11932
11591
11281
11642
11482
12182
11492
11442
12143
10700
11531
11241
11592
11431
11822
11472
11432
11432
12233
11612
11572
10960
11522
11822
12323
10711
13716
10920
12263
11421
11481
11471
11552
13686
10480
11652
12092
11672
11381
12864
10830
11862
10891
11892
11462
11442
13084
11612
11541
12002
10780
10530
11231
11712
11681
11912
11441
11441
12403
10910
10810
11332
11542
13866
11392
11562
11551
11421
11231
11452
10590
11782
11672
11832
11472
11702
11782
11581
11411
11783
11492
11702
11842
11402
11601
12223
11071
10951
11632
10780
11411
12153
11451
12283
11572
11832
11361
12163
11241
11311
11441
11602
11742
11321
12373
11432
12063
11662
11943
10430
11070
11411
10810
10891
10710
11562
11672
11441
10500
19637
10830
8295
10830
10900
10540
11201
11271
10460
11712
11571
11872
11802
10860
11652
10820
10850
10480
10519
11402
12132
11462
12052
11542
12433
11552
12273
10710
11922
11521
11392
11411
11942
10670
12353
11522
12724
10389
12152
11372
10540
11672
12143
11422
12122
11341
11622
11312
11963
11411
11572
11471
10590
11411
12143
11401
12153
11471
11622
11592
10580
10479
12353
11421
12182
11291
11982
10440
11561
10890
10620
11561
11532
11441
8316
11412
10660
10800
11251
11502
11071
12293
11652
11362
11622
11592
11482
11442
11732
11812
11742
11511
11461
11581
11562
11572
11822
11542
10560
11612
11471
11612
11642
11361
11452
11501
10519
11531
11602
11641
11412
11622
11792
11612
11251
11662
10931
10850
10620
11001
10810
10700
10901
11041
11492
10730
11021
10440
10980
11602
11582
9558
10670
10490
8416
11331
11712
11492
11532
8256
11531
11552
11552
10821
10880
11030
11632
10870
10981
10850
11211
8386
10841
8245
11301
11701
11371
11401
11551
11672
11672
10730
8435
11641
11482
8375
11622
8275
8235
9428
11652
8316
10539
10600
8255
11421
8286
8266
11471
8235
10650
10480
10610
8445
11371
8265
5831
10941
8156
11612
11451
11512
11852
10740
10940
11592
11672
10890
10820
11051
8285
10780
8306
11431
11522
8206
11432
11592
8346
6232
11011
8305
11511
11662
8325
8225
11622
8386
11512
11612
8245
8275
11552
8286
11351
8155
8235
11251
8346
10750
8386
8405
8366
11532
8316
11542
11451
11612
8276
11451
8296
8396
11442
8266
11562
11411
5780
11883
8186
5781
8285
10941
8396
10510
8365
8386
8216
11421
8445
10620
10770
8385
8306
11391
8346
11492
11692
11612
8296
8366
6342
10860
8356
10459
10439
11512
8897
11682
11652
8275
11572
11532
10500
6242
8496
8356
11361
8255
10550
10560
8276
8115
11261
8356
11521
11782
11431
8306
11471
6312
10780
6271
8315
6302
10921
8315
10991
8396
6302
10790
8366
11552
8215
8196
8395
11562
8295
11542
11742
8446
8265
8326
11481
11632
10640
6512
10910
8145
6292
10820
8325
11572
8346
11292
8315
8226
11301
8766
11652
8486
8296
11491
11562
8265
10430
11571
10649
9207
11592
10710
11461
10790
10920
8186
10951
10399
8275
11552
10580
11952
8326
10469
11532
11381
11362
11422
11591
11482
11341
11611
11372
10620
10841
10941
10460
11411
11422
11632
10559
11431
10820
11581
11692
11402
11521
10540
10600
10550
10380
11392
11702
11521
11742
11561
11271
11542
11401
10781
11422
10811
10840
10640
11441
11351
11412
10549
10820
11452
11642
11412
11382
11451
11702
10620
11502
11452
11551
11722
10940
10930
10539
11451
11712
11562
11512
11110
10881
10560
11621
11471
11582
10931
10900
10600
10480
11632
10750
10620
11341
11582
11271
8375
11531
11823
11562
11311
11551
11461
10991
10971
8325
11001
11662
10580
11492
11461
11401
11361
11391
11512
11341
11361
11942
11532
11381
11562
11391
11812
11311
11621
11441
11422
11461
11462
11812
11661
11451
10480
11762
10750
12764
11542
11862
11332
10850
10540
11412
10599
11592
10399
11472
10480
10580
11451
10750
11492
11582
11431
11551
10550
11512
11372
10510
11511
10479
11582
11552
10560
11622
10629
11401
10539
11501
10560
11561
11631
11581
11591
11471
11461
11461
11492
11601
11411
11641
14156
11582
10449
10500
11291
11371
10600
11521
10550
10720
10460
11402
11461
11432
11381
11461
10490
11522
11522
11411
11702
11392
11301
12082
11391
11471
11461
11542
11561
11632
11682
11722
11711
11592
11522
11351
11482
10850
11491
11502
11532
10970
10860
11582
10820
11451
11361
10890
11001
10560
12614
10700
10439
11372
11452
11392
11381
11271
11562
10650
10599
11462
11431
11391
11622
11381
11502
11582
11291
11372
10449
11411
11482
11732
11592
8235
11622
11602
8345
10499
11411
10409
11552
11632
11542
11351
11431
11341
11441
11822
11621
11552
11591
10570
11692
10539
11221
11401
11472
11391
10369
11542
11422
10460
11261
11572
11362
11511
11551
11401
11461
11481
11893
11531
10930
11051
11521
11502
11752
10560
10720
10970
10570
11401
11512
11372
11582
11482
11571
11702
11572
11472
10890
10771
10840
10920
10770
10940
11601
11661
9327
10791
11311
11642
10950
10850
10821
11071
10970
10970
10870
10660
10690
10780
10891
10860
10860
11532
10439
11512
11742
10570
11361
11381
11382
11521
11572
11482
12994
11602
11511
11492
11652
11632
11492
11561
11512
10821
10519
11482
11402
8306
11271
10600
8346
11442
11461
11512
8316
11592
8456
11561
11541
11752
8556
11501
8235
10639
11692
11572
10570
10430
10549
13125
10921
11081
10610
11592
11452
11622
10660
10660
10620
11652
8346
11471
8226
11922
11371
11552
11371
11531
11542
11822
8276
11692
11501
11662
11471
8426
11512
11551
8345
11461
11411
11562
10470
11612
10379
10740
11411
10961
10921
10389
11631
11631
11702
10430
10610
10680
11491
8425
10570
8235
11432
11522
11481
11572
11742
11642
11702
10479
11442
11531
11472
11412
11412
11331
10950
11011
10509
11432
11482
11552
11451
11321
11241
10670
11421
11552
10499
11572
11442
11582
11441
11612
10519
11552
11292
11521
11612
11452
11351
10600
11531
11532
11541
11452
10399
10630
11782
11532
11512
11482
11422
11211
11431
11332
11481
11401
11431
11281
10761
11311
11582
11371
11592
11341
11541
11371
11401
10649
11692
11522
11632
11411
11582
11501
11491
11622
10710
10710
10470
11592
10490
11712
11441
11351
11421
11391
10399
11561
11331
10570
11722
11501
11261
11802
11522
11481
11682
11451
11361
11312
11361
11572
11542
11592
11532
11461
12473
11391
11812
11291
11482
11421
11892
11782
11441
10970
11441
12053
11402
10470
11982
10770
10530
11581
11402
11471
10639
11652
11472
11491
11822
11522
11411
11471
11581
10350
11572
11481
10520
11572
11391
11372
11582
11572
11452
11381
11401
11552
11472
11321
11732
11742
11662
10900
10791
10770
11422
11532
11381
11381
11451
11361
11321
11662
11872
11522
11411
11351
10991
10931
10459
11512
11412
10570
11201
11622
11642
11532
11441
10750
11341
11511
11582
11652
11702
10569
11782
10469
10580
11712
11492
11452
11441
11411
10549
10780
10520
10560
8276
11792
10479
8175
11482
11421
11371
11692
11341
11732
11482
10480
8326
11461
11591
11411
11481
11522
8376
11482
8406
11341
11722
11591
11451
8276
11572
11662
10690
9478
11521
9528
11351
11331
11081
9408
6342
8395
10570
6292
10790
10760
10970
11422
10940
10861
11652
10940
10960
13275
10860
11050
12994
10840
10550
10439
11321
11722
11522
11342
11472
10841
10770
10590
11511
11211
11481
10530
10620
10630
11853
11471
11381
11702
11562
11502
10880
10910
10700
11001
12995
10921
13124
10870
11241
10680
10480
11632
11621
11662
11352
13024
10971
10780
10440
11602
11462
11812
11451
11321
16902
11562
10289
19677
15209
11302
9578
10449
13886
11711
8375
10860
11451
10951
9618
10540
8185
10840
11582
11211
11572
10841
11782
11722
11542
10940
10940
10639
10910
11030
10640
11571
11412
11742
11482
11572
11461
11692
11301
11572
11782
11402
11612
11512
11652
10780
11442
11482
11361
11692
11562
11552
11601
11441
11412
11562
11482
11451
11742
11491
10620
11722
11482
11411
11572
11662
10490
10530
11832
11532
11411
10720
11762
11512
11762
10590
11411
11402
11632
10840
11111
10509
11321
11391
10710
10630
11471
13295
11531
10781
10439
10791
11672
11521
11652
11442
11452
11422
10630
11471
11071
11050
10630
10489
10540
11621
12734
10930
10660
10941
10610
11461
11612
11301
10620
10720
10600
10469
11662
11391
11451
11602
11581
11802
11742
11422
11642
11621
11482
10841
10821
10510
11061
10800
8576
11021
10790
10951
10519
11552
11372
10379
11601
11541
11432
11521
11592
10620
11612
11632
11532
11542
11071
10830
11531
11511
11512
11452
10560
10500
10820
11501
11512
10720
11511
10469
11582
11551
8306
11191
11452
11421
11552
10910
10890
10730
11482
11561
10600
11401
11532
11762
11361
11531
11582
11502
11441
11111
11582
11482
11381
11542
11511
10630
11411
11571
10710
10670
10640
11521
11371
11511
11601
10950
10910
10690
11342
11522
11692
11722
11521
10599
11762
11472
11471
11611
11611
10650
11561
11311
11742
11151
11651
11481
11702
11361
11701
11492
11381
10880
10981
10680
11402
11431
11631
11561
11341
10520
11682
11451
11501
11581
11502
11492
10770
11681
11451
11662
11552
10910
10801
10931
10589
11662
11611
10560
11462
10600
11712
10880
11682
11622
11391
11651
11481
11562
11501
11561
11722
11682
10640
10640
11592
11541
11652
10480
11652
11492
10530
11481
11411
11542
11772
11842
11602
11642
11552
11421
11642
11452
11271
10680
11291
11361
11391
11321
11572
12173
10399
12153
11381
10469
11471
12133
11491
12233
11331
12143
10330
11952
11842
11933
10710
11622
11211
10550
12013
11602
12243
11331
11892
11001
10700
11492
11962
11532
11060
10540
12133
11441
10580
11581
11882
10569
10540
11762
11511
11652
11872
10490
10590
10690
10540
10490
11341
11341
11592
10469
11522
11602
10519
11411
11442
10600
11542
11471
11472
11442
11511
11311
11321
11452
11221
11371
11201
11642
10600
11572
11441
11471
11021
10920
10680
11241
11241
11291
10831
6322
11581
11572
11482
10489
11532
11371
11542
11281
11552
11552
11521
11511
11562
11401
10580
11472
11792
11512
11672
11521
11391
11752
11372
11592
10880
10880
10479
11422
11411
11372
11411
11561
11331
11331
11812
11481
10730
11302
11431
10449
11331
11421
11502
11461
11542
11442
11582
11402
11481
11491
11642
11581
11472
11401
10390
11502
11592
11351
11432
11431
11481
11562
11502
11492
11441
11642
11441
11712
11011
11472
10811
11051
11681
11662
8255
11492
10650
11501
10480
11461
11291
11351
11511
10389
11832
11742
11672
11482
11672
11271
10640
10720
10730
11592
11391
10750
11361
11642
11652
11652
11501
11682
10450
10449
10550
11081
10750
10550
10499
8305
10640
11321
10640
10650
10740
11542
11691
11702
11501
11411
11792
11592
11622
11682
10449
11301
11602
10410
8276
11411
8476
11481
10509
10580
11281
10449
10439
11431
11562
11471
10490
11481
11602
11472
11641
11432
11512
11411
11491
10640
11402
11321
10600
10760
10489
10700
8285
10860
11562
10620
10600
10550
10389
11672
11672
11211
10761
10460
11762
11471
11081
10700
11551
11601
11481
11451
10449
11251
11511
11331
11481
11502
11591
11552
11381
10620
11522
11552
11432
10720
11592
11632
10490
11672
11762
11472
11571
11491
11642
10910
10589
11592
11381
11521
10650
11541
11852
11541
11371
10670
11541
11672
11431
11522
11502
11451
10630
11522
11351
11372
11411
11662
11622
11782
12513
11341
11482
11662
11481
8296
11561
10780
10730
11421
8506
11392
11682
10429
10509
8145
11561
11492
11652
11492
11681
11461
11521
11492
11331
10650
11442
11411
11482
11561
10519
11481
11291
11592
11421
11451
10560
10579
10549
10379
11451
10470
11501
10420
10670
10599
11711
10840
11632
11742
11882
11441
11271
10901
10430
11481
11962
11441
11421
10860
11501
12062
10580
12092
11351
11732
10720
11221
11471
12073
10489
12193
11652
11542
11251
12023
10620
13565
11471
11201
11442
11442
10830
11542
11662
10520
10740
10469
10519
10529
10520
11512
10700
10540
11501
11652
11282
10570
10379
11621
11632
10530
10510
11441
11642
10590
10449
11742
11471
11361
10670
10470
11681
10399
10700
11311
11331
11452
11531
11462
11502
11461
11000
11251
11531
11572
11592
11451
11452
11602
11692
11452
11482
11311
11572
11341
11020
11552
11441
11442
11702
11491
11582
11692
11622
11502
11492
11732
10780
10490
11121
8275
11682
8226
11341
11571
11090
9327
11462
8506
11592
10540
11061
10460
8325
11361
11331
11311
10479
11392
8225
11502
11571
11200
9277
10580
8285
11471
11481
11632
10761
11572
11581
11421
11562
8235
11462
8406
11501
10710
11732
11582
11582
11502
13254
11552
10650
11471
11452
10429
11261
11441
11581
11562
11792
11602
11441
11471
11682
11441
11451
11472
11692
11622
10500
11772
11622
11341
10700
11321
11481
10440
11492
11521
11451
10590
10750
11701
11321
10430
11341
11561
11722
11371
11562
11511
11582
11411
11642
11501
10619
11452
11441
11602
11472
11582
11522
11031
10900
10590
11462
11361
11361
11491
11452
11662
11572
11451
11361
10560
11702
11461
11371
11321
11411
11582
11772
11342
11402
11742
11201
11431
11571
11421
11522
11612
11522
11491
11581
10720
11581
11602
11372
11612
11551
11512
8345
11591
11712
11632
10490
11522
11611
11531
11532
11512
10600
10509
10369
10439
13355
11632
11552
11522
11461
11341
11492
10680
10941
11412
10950
10790
11472
11521
10560
10550
11332
11562
11391
11361
10490
11432
11471
11481
11561
11722
11331
11472
11531
11572
11401
10369
11581
11401
11421
11562
11362
11532
11431
11381
11632
11702
13004
10950
10520
11412
11422
11722
11352
11462
11982
11401
11552
11472
11592
11382
11562
11542
10599
11551
11521
11582
11421
11622
11662
11442
11531
11521
10339
11601
11412
10580
11451
11502
11501
10700
11451
9297
11111
10560
10460
11472
10499
11471
11441
11401
11161
8345
11561
12113
11582
12072
11441
11392
11642
11412
12203
11622
12093
11501
11421
12133
11501
11722
11211
10791
6272
12133
8295
11361
10500
11953
10400
11792
10429
11972
11371
11972
11462
11912
11231
12313
11391
11812
11361
11502
11562
11602
11632
11261
11601
10470
6211
10950
10650
11452
11421
11632
11451
11652
11411
11461
11502
10440
8316
10500
11672
8236
10350
11692
11442
10280
11491
11511
11391
11401
11431
8256
11612
12604
11862
11812
11581
11682
8305
11332
11561
10429
10690
10951
8125
11281
10380
11521
11221
11422
11181
11412
11371
11451
11802
11451
11621
11271
8526
11471
8465
10459
11541
11552
11522
11401
8296
11371
11452
11281
8607
11672
11481
11492
10449
10620
10409
11561
10680
11372
11481
11451
11501
11501
11402
11501
11452
11451
11402
11671
11502
11472
11571
11561
11642
11421
11331
11521
11642
11511
11352
11592
10520
11311
11812
11842
11742
10800
10800
11301
10549
11461
10570
10690
11371
11362
10470
11432
10409
11502
10800
11372
11461
10410
11602
10320
10380
11452
11722
11542
11471
11391
11301
10770
11622
10579
10971
11521
11542
11482
11391
10570
10841
11502
11401
11502
10510
11502
11392
11361
10360
10459
11291
11532
11522
10540
11401
11372
11411
11521
11542
11311
11522
11431
11331
11561
11381
11602
11422
11441
11591
10420
11561
11542
11411
10860
11311
11632
11471
11281
10489
11281
11312
11482
11462
10490
11642
11371
8406
10940
11462
10761
11452
11561
11352
11492
11291
10549
10460
11502
11682
11492
10319
11541
11181
11421
11542
11612
11872
11592
11692
11452
11362
10580
11782
11181
11391
10570
11592
11351
10570
11351
11442
11431
10700
11592
11592
11411
11612
10650
11411
11391
10670
11602
11351
11411
11491
11612
11572
11552
11542
11461
11432
11411
10630
11471
11261
11491
11462
11421
11391
10540
11301
11461
10540
11702
11412
11431
10450
11391
11571
11552
11512
11662
11421
11291
11382
11651
10449
11812
11301
11391
11652
11391
11462
11531
11551
10430
11691
11020
11542
10590
10500
10740
10500
6232
10810
10519
10830
6162
11551
6092
13155
11381
11402
11602
11612
11502
11461
11241
11441
11532
11492
10379
10460
10801
10619
10800
11401
10821
10700
10790
10399
9718
10830
10630
10600
9087
11341
9188
11281
11331
11371
11371
11452
11331
11432
11341
11441
11521
10600
11331
11311
11461
11371
10540
11392
10740
11432
10399
10349
10510
10490
11441
11552
10560
11512
11441
11542
11411
10479
11562
11592
10901
10880
11161
10870
10480
11522
11492
10329
11652
11471
11411
11371
10520
10500
10910
10399
10550
10810
11622
11441
11823
10290
11361
11411
10330
11461
11231
11492
11582
11231
11541
11251
11461
11451
11721
11241
11381
11401
11421
10410
11451
10600
11402
11351
11642
11482
11682
11793
11502
11632
11502
10450
11471
11491
11612
11912
11551
11171
11571
11491
11361
11311
11372
10670
5551
11632
6342
11512
11532
11552
11532
10560
8316
11381
8266
11361
10460
11211
11441
8015
11351
11572
11451
11391
11581
8286
11591
8226
11381
10600
11331
8697
11492
8265
11482
11502
11422
11612
11512
8285
10981
10409
12964
8586
11642
8296
11452
11451
10710
10439
10379
11602
11601
11341
11672
11281
8276
11672
10430
11672
8215
11621
8215
11361
11281
10800
11291
8165
8225
11362
11572
11231
11331
11422
11392
11301
11492
11431
11572
11221
11391
11301
11341
11361
11421
11522
11412
11281
11642
11482
10850
10420
11672
11331
11402
11432
10450
11471
11532
11382
11772
11381
11401
11652
11722
11712
11672
11271
11432
11431
10440
15890
11681
8175
11511
11331
11372
10629
11582
8186
8186
11381
11361
11351
10499
11512
11391
11442
10710
10439
11281
11582
11491
11431
10550
11581
11552
10260
11461
11552
11532
11312
11371
11401
11542
11652
11412
11541
11381
11551
11402
11582
10559
11191
11372
11481
11432
10570
11121
11121
11471
11471
11421
11491
10540
11482
12033
11502
13205
11522
11331
11481
11321
11622
11561
10409
11462
11402
11521
10620
11502
11452
11241
11541
10690
11512
11342
11301
11331
11442
11261
11441
11301
11622
11341
11372
11621
11632
11281
11461
11592
11382
11382
11382
11372
11432
11512
11502
11632
11431
11481
11561
11391
11462
11492
11321
11461
11462
11382
11431
11241
11441
11562
11181
11411
11482
11531
11451
11552
11371
11651
11401
11311
11491
11582
11391
11482
11181
11541
11361
11381
11492
11542
11391
11361
10880
10590
11702
11692
11531
11652
11541
11591
11602
11401
11231
13145
11812
11442
10770
11041
11341
11161
10540
11411
11792
11422
11432
11521
11842
11702
11291
11411
11461
11381
11672
10500
11442
11482
11301
11441
11392
11231
11442
11502
11341
11472
11672
11432
11531
11632
11321
11371
11551
11221
11592
11422
11591
11301
11371
10469
11702
11522
11482
11511
11351
11601
11461
11451
10470
12163
11552
11491
10921
11150
11241
11201
11331
10409
10811
10880
10520
11311
11542
11611
10609
11492
11692
10339
11632
11401
11371
11612
11421
11511
11382
11402
11421
11421
11592
10590
11281
11251
10430
11241
11692
11301
10770
10941
11712
11221
11322
11361
10380
11401
11392
10389
11432
11361
11401
10650
10680
11391
11261
11491
10379
11552
11722
11201
11591
11422
11391
11662
11391
11411
11322
11592
11402
10619
11421
11522
11341
11402
11492
11571
11601
11391
11442
11642
10289
11422
11611
10439
11432
10690
11561
11552
10520
11361
11562
11662
11491
11532
11782
10329
10810
10831
10449
11471
10549
11582
10429
10480
10650
10580
10580
11461
10460
11382
10470
11451
10700
10569
11312
11441
11421
10510
10500
11521
11251
10359
10670
10851
10299
11371
10580
11362
10620
11301
10660
10359
10420
11381
11381
10629
10490
10570
10490
10410
11371
11551
11391
11381
11392
11231
11531
11611
11342
11401
11441
11351
11331
11481
10550
11332
11482
10419
11291
11412
11531
11451
11492
11562
11372
11301
10390
11221
12023
11432
11582
11452
11742
11321
11381
11451
11442
10389
11061
11311
10490
11431
11481
11592
11421
11391
11592
11191
11401
11622
11321
10430
11722
11381
11481
11291
11471
11291
11311
10500
11572
11412
11512
11481
11501
11601
11461
11321
11381
10540
11462
11451
11452
11312
11522
11070
12333
11361
11011
10891
10310
10890
10760
11752
11551
11281
11452
11352
11502
11272
18415
11712
11552
11462
12924
10920
11582
10750
12093
10570
11591
11451
10440
11501
11411
11341
10620
13425
10811
10620
11661
11221
11551
11311
11411
11452
11461
11302
10610
11472
11451
11462
10369
11552
11611
10389
11472
11411
11531
11322
11361
11351
11331
11702
11472
11432
12163
11411
12653
10430
11702
12083
11442
10379
11361
11882
11521
11943
11271
10550
11431
11993
11442
11492
10359
11301
11401
12092
10470
11952
11521
11752
11431
13425
11531
10600
11572
12112
11231
13174
10760
10430
11321
12373
11442
11992
11331
11461
11392
12043
11431
11502
10801
10520
11812
11421
11391
11241
11522
11681
10480
10299
10590
12063
10570
11943
11331
11933
11571
11612
10730
12102
10449
11982
11561
11331
11492
11281
11341
12113
11321
12263
11411
11471
11601
11582
11531
11742
11571
12143
11512
12182
11572
11291
11461
11752
11341
11121
10279
10510
11342
11862
11492
11883
11562
11973
11291
11952
11221
10570
11371
11782
11471
11932
11412
12183
11461
11893
11292
12153
11592
11922
10319
11561
11652
12132
10419
11361
10950
10389
11582
11972
11461
12904
11341
11281
11291
11201
11272
10880
10560
11571
11311
10460
10640
11502
11391
11532
11471
10530
11452
11621
11451
11271
11451
10430
10569
10620
11391
11352
11241
11441
11241
11833
10469
10500
11601
11231
11672
10519
11472
11472
11361
11251
11282
11562
11482
11451
11582
11361
11602
11231
10870
11672
11472
11321
11422
12924
10460
11451
11421
11291
11352
11311
11341
10861
11021
11472
8156
11342
11542
11572
11512
8236
11351
11411
11521
8176
11221
11411
8316
11482
11401
11421
11331
8225
11541
11251
11431
10590
11372
8255
11592
11251
11401
11271
11452
11301
11631
11341
10680
10500
11712
11361
11541
11361
10470
11502
11652
11461
8295
11502
8255
11351
11572
11521
11441
11592
8426
11371
8315
11782
11471
11412
8516
11472
8446
11432
11351
11581
11451
8246
11381
11321
10821
11161
11512
8095
11381
11621
11382
11401
11562
11221
11572
11551
11471
11461
11342
11561
10660
10249
11322
11411
11160
11422
11442
11361
11542
11291
11611
11611
11462
11391
11411
10650
12404
11382
11401
11411
11291
11542
11531
11341
11291
10740
12003
11451
10720
10660
11371
16831
11381
11091
11431
9258
11432
6472
11441
17914
11962
8747
11482
9217
16731
11291
8356
11392
10600
11352
8135
11592
13957
10720
11381
8225
8205
11452
11402
11262
8175
11371
11331
11431
11371
11311
11381
11502
11822
11411
11592
11572
11352
11532
11382
11492
11472
11391
11381
11352
11371
11422
11913
11532
11232
11351
11651
11272
11532
11462
8376
12092
11311
16030
9168
11572
9227
11461
11501
11752
11412
11020
11722
8195
12113
11432
8306
12925
11282
11762
11492
11702
11271
11802
11411
12053
11452
12032
11372
11902
11632
12132
11161
11852
11722
11742
11281
11501
11451
8275
12373
11382
10810
11472
8005
10670
8195
11302
11381
11552
8235
11331
11471
11411
9227
11402
8446
11381
11351
11492
8195
11341
11331
11552
11311
11341
11311
11372
11301
11551
11471
11412
11682
11231
11512
11201
11421
11201
11382
11492
11412
11632
11541
11571
11191
11572
11342
11381
11461
11351
11422
11371
11502
11441
11442
11532
11331
11411
11551
11341
11582
11362
11521
11651
11301
11502
11511
11241
11471
11501
8215
11382
11582
11572
11341
11662
11502
11351
11461
11451
11472
11582
11712
11352
11522
11501
11241
11322
10851
11362
10790
10700
11441
11201
11412
11471
10700
10800
10821
10880
10800
10730
10830
10760
10810
10630
10650
10720
10840
11001
10900
10650
10950
11531
11412
11311
10830
10820
10690
10740
10670
10910
10770
10790
10510
10810
10991
11050
10941
10770
10780
10810
10901
11411
11441
11622
10790
10670
11251
11351
11041
10670
10771
10881
10871
10780
10740
10971
11051
10790
10840
10860
10760
10620
10870
10751
11712
11491
10860
10780
11481
11592
10780
11542
10410
10549
11562
11471
11512
11442
11442
11361
11351
11261
11411
11391
10990
10820
11582
10599
10580
11422
10290
11471
11512
10440
11382
11682
11551
11461
11612
11432
11211
11282
11581
10509
10540
10440
11341
11502
11422
10890
10320
11051
11471
10970
11472
10680
11502
11251
10911
10990
11592
10690
11442
10650
11482
11001
10149
10831
10419
10580
11251
11602
11471
10910
10380
11542
10850
10470
10390
10840
11522
10981
10349
10951
10369
11351
10960
10419
11471
10830
11542
11612
10810
11341
10800
10620
10520
10640
11050
10419
10901
10370
10660
11692
10670
10490
10861
11441
11361
10820
10370
11481
10770
10359
10489
11091
11451
11411
10750
10430
11552
10810
10589
10519
10680
11421
11491
10900
10500
11401
10449
10800
10430
11642
10810
11551
10600
11812
10640
10319
10770
11361
10700
10830
10489
11451
10370
11000
11371
11321
10930
10329
10490
10891
10339
10490
10970
11271
11522
10920
10500
10420
11722
11481
10409
10830
10490
10360
11001
10560
10560
10419
8606
10780
8396
11772
11061
8146
11411
10821
11522
10700
8426
11301
10881
11241
10730
11221
8326
10740
8325
11241
10700
11431
10891
8316
11351
10860
11291
10750
8306
11341
10680
11321
10790
11472
11362
10760
11351
11511
10820
6231
6211
10700
6181
11061
10429
10830
11341
10680
6242
10730
11491
10850
10249
9367
11482
10900
11491
10861
11351
10860
11442
6121
9147
8166
6192
11041
10259
10880
11241
6662
11000
11301
10770
11241
10429
11892
11442
11691
11401
12023
10500
12043
11241
11261
11342
11983
11462
10500
11812
11562
10590
10840
11542
11371
12233
10721
11512
10280
11281
10820
11993
11762
11622
10550
11852
11311
11943
11321
11792
11421
11932
11322
10359
12333
11472
11923
11461
12042
11662
11582
10650
12133
11281
12013
10540
11972
11401
10359
11953
11541
11401
11772
12032
11331
12474
11561
10440
11411
10379
11351
11311
10429
11531
11371
11652
11382
10560
11281
11341
10329
10579
11451
11271
10430
10359
11692
10460
11452
11261
11552
11471
12443
10440
12313
11402
11321
11712
12073
11311
11472
11331
10530
11993
11491
12864
11462
10430
11261
10730
10380
12193
10510
12073
11461
10539
11312
11251
10399
10370
10299
11501
10500
10350
10299
11511
11471
10620
11362
11702
11361
10560
10559
11471
11261
10590
10470
10680
11351
11422
11522
11442
10580
10399
11482
11261
11512
10680
10359
11412
11411
11341
11512
10419
11512
11261
10540
10380
10490
11342
11361
11061
11421
11251
11251
11822
11542
11421
11371
11852
11201
11993
10530
11892
11401
11351
11241
11933
11291
11382
10389
11442
10751
11332
10680
10289
10740
11933
11461
11832
11571
12183
10430
11371
10710
10219
11412
12092
11281
11291
11481
11351
11251
11391
11371
11953
11571
11030
10309
12984
11411
11531
11531
11923
11311
11492
10690
10379
11893
8336
11802
11351
12253
11382
11622
10590
11281
10831
10400
11461
12183
11562
10871
10499
11832
10539
11853
11342
12363
10791
12293
10780
10439
11321
11982
11471
11872
11512
11402
11331
11341
11502
12093
11422
12183
11272
11471
10400
10750
11322
10249
10580
11181
11342
11963
11441
11832
10300
11872
11361
12313
10500
11331
10650
10240
11552
12032
11421
12053
11322
11271
11381
10450
11191
14978
11231
12073
11341
12022
10289
11732
11562
10430
11311
11922
11472
12373
11351
11472
11351
12003
11531
11541
11502
11882
10419
12013
11391
11802
11291
11492
11401
11932
11562
16170
11321
10510
11521
11552
11361
11392
11602
11812
10921
11361
10780
11762
10370
12002
11221
10540
11371
11422
11221
12022
11422
11822
11321
12203
11431
12093
11291
11992
11491
12103
11502
11922
10509
11431
11121
12002
10590
11872
11671
11932
10750
10479
11401
13695
12003
11421
11522
11121
12003
8086
10339
10569
10590
10450
11512
11632
11471
11251
11431
11592
11402
11541
11611
11291
11431
11312
11492
11471
11452
11251
11462
11332
11702
11271
11311
11332
11591
11421
11372
11391
10480
11611
11392
11391
11501
11371
11412
11341
11301
11622
11712
11331
10560
11382
11291
11521
11322
10480
11281
11301
11381
10450
11381
11371
11472
11401
11241
10400
11421
11602
10480
11432
10320
11361
10470
11392
11452
10319
11351
10700
10479
11431
11532
11732
11342
11502
11601
11581
11502
11231
11461
11262
11431
10409
10490
11271
11412
11282
10209
11402
11451
11391
11301
11461
11221
11411
8216
11081
11351
11953
6292
11341
10760
10720
11512
11382
11181
11281
10500
10300
11422
10530
11501
10329
11392
10320
11401
11382
11361
11351
11472
11252
11421
12393
11572
11542
11392
11632
11372
11401
11361
11491
11432
11452
10490
11531
11421
10630
11351
11231
11321
11382
11451
11351
11311
11522
11401
11371
10479
10389
11532
11561
11421
11291
10459
11621
11442
11482
12533
10409
11441
11331
11291
10460
10810
11371
11803
11481
12032
11472
11572
11361
11101
10520
11021
10460
10430
11632
12083
11241
12043
11461
10540
11131
10419
11482
11842
11482
11552
11642
11692
11271
11953
11331
11762
11542
11472
11461
11812
11341
12153
11291
11732
11531
11512
11412
11952
10560
11943
11391
11783
11431
12012
10650
11882
10840
12063
11472
12062
10690
10840
12003
10459
11883
11552
11541
11412
10489
11341
12083
10519
12052
11431
11822
10420
11482
10539
11803
11551
12383
11561
11873
11542
12423
11552
11281
11402
11902
11581
11812
10710
11512
11001
11251
11301
13846
10910
11401
11511
11141
10771
11422
11141
11522
11872
10590
11562
11321
11542
11231
11722
11471
11872
11621
12504
10510
11782
10870
10299
11451
11812
11491
12193
11752
10500
11852
11311
11421
11421
12062
11341
11882
11482
11832
11512
11441
11432
11452
11372
11902
11291
11993
11471
12043
10630
13906
10620
10559
11291
12043
11161
11903
11511
11922
11431
10720
11231
11832
10500
11983
10791
11782
11281
12233
11491
10350
11442
11361
11271
10560
11171
11432
11691
11332
11381
11351
11362
10299
11361
11392
11351
11532
11902
11591
11342
11471
11421
11622
11482
11291
11282
11441
11471
8095
11512
11411
11322
11531
8326
15809
11381
11812
11602
11531
11832
11322
11341
11482
11502
11431
11762
11391
11291
11512
12273
11451
11712
11612
12103
11551
11241
11442
11922
11652
11211
11382
11441
11472
11211
11622
11281
11321
11411
10971
11551
11311
11471
11331
11311
11251
10540
11411
8265
11431
11431
10981
10489
11091
10269
11422
11000
10861
10329
11451
11372
10460
11482
11040
10800
11322
10419
11401
11431
11481
11281
11491
11161
11201
11090
10951
10530
11452
11753
10540
11522
11501
11521
11622
11562
11392
11522
11502
11511
10430
11352
11661
11531
10891
10850
10370
11422
11502
11371
11412
11371
10460
11412
11351
11382
10820
11291
11612
10580
11472
10549
11591
10439
11462
11471
11401
11371
11462
8245
11642
11321
8817
11502
11481
11391
8296
11391
8246
10459
10640
11461
10539
11000
11371
10450
10510
11402
10319
11441
10400
10490
10600
11391
10510
11442
10540
11521
11292
10530
10470
10309
11471
10550
10660
12764
12063
11421
11511
11782
11852
11532
11361
10499
11251
11472
11572
11512
11511
11342
11412
10900
10590
11422
11502
11371
11602
11412
11351
11301
11422
11341
11491
11551
11382
11352
11632
11471
11221
10870
10529
11331
11572
11702
11411
11372
11431
11432
10630
11401
10530
11361
11451
11532
11361
11422
11422
10760
10540
10791
11301
10469
11292
11391
11442
11351
11161
10630
10750
10740
12874
11301
10270
10900
10870
10900
11562
10830
11101
13285
11060
10710
11622
11021
11451
10700
11391
10940
10850
11621
11081
10700
10399
10941
11001
10300
10961
10901
11472
10740
10770
10459
10921
13215
11001
11161
10961
11371
10840
10961
10330
10930
11041
11391
10950
12223
10980
11532
10910
11622
10890
10670
11682
10810
10901
11421
11111
10761
10870
10509
11241
11853
10370
10720
10750
11471
11071
11872
10580
11071
10619
11401
10960
10870
13034
10930
10770
10429
10961
10770
11702
11000
10620
10821
10730
11471
10650
10790
11531
10961
11041
10480
10760
10610
10931
10710
11592
10940
11281
10760
10790
12995
11101
11581
10891
10660
11562
10950
11621
11351
10770
10469
11642
11031
11522
11371
11131
11451
10870
10370
11492
11581
11302
10460
11421
11482
11312
11452
11271
11492
11312
11501
11391
10690
11441
11321
11451
11411
11351
11321
11632
11361
11481
11562
11482
11502
11271
10700
11392
11612
11391
11452
11551
11431
11541
11451
11662
10710
11141
10399
11051
11060
11371
10830
10981
11451
10820
10911
11491
11391
11492
10700
11522
11371
11511
11422
11371
11331
11491
8035
11401
11372
11481
11321
10389
11231
11341
11402
11452
10930
6161
10440
11532
8326
10459
8135
11401
11351
11582
11372
11482
8205
10430
8315
11552
8196
11391
11251
8235
11482
11432
11622
10469
12544
11361
11422
11461
11432
12464
6142
11521
11151
11291
11201
11441
11642
11412
11452
11422
11412
11351
11402
8296
11361
11291
11201
8266
11442
8226
11631
11451
56676
11482
8206
6051
11381
8346
11642
8326
11432
8355
5521
11241
8335
11361
8146
11361
8195
11251
8206
11622
8175
11532
8416
11391
11462
11442
11391
8156
11541
11421
11352
11452
8206
10791
10710
10770
8286
10851
9337
8857
11802
8255
8606
8246
12243
8336
13355
9147
11561
9347
11622
8185
12133
9458
11151
9267
12373
9157
11813
9127
12033
8256
11661
9408
12023
8756
11762
8737
12083
8336
14077
8627
11963
9358
11782
8516
11862
8346
11902
8406
11912
8175
10930
12293
8156
11001
11501
10950
11572
10931
11502
11611
11401
11712
11542
11392
11492
11571
11321
11311
11492
10459
11551
11371
11432
11361
11231
8106
11532
11362
10410
11471
11712
11422
5711
10440
10740
11842
11852
11421
11492
11412
11362
10460
10640
10479
11592
11331
11582
11321
11321
11371
10660
11522
11532
11602
10349
11351
10590
11502
11372
11622
11371
11371
11571
11341
11312
10410
11301
11452
11923
11301
11923
10850
10380
11441
8105
10540
10961
11391
10881
11491
10761
10569
11481
10850
10791
10420
10870
10730
11561
11592
11411
11381
11322
11522
11402
11291
11301
11261
11181
11572
10881
12584
11501
11381
11511
11672
10740
11832
10550
11492
11482
11622
11461
11602
10620
11772
11361
11431
11381
11601
11301
11411
11442
11542
10680
10570
11491
11371
11372
11441
11291
11622
11351
11332
11501
11361
11201
11571
11311
11522
10539
10349
11391
11272
11602
11421
11381
11131
11402
11431
11411
11541
11521
11451
43963
10870
11382
5590
10941
11341
5460
10730
6261
11391
10901
11672
11672
11612
11231
11642
11372
11472
10981
10780
11521
11541
11422
11281
11431
11582
11391
11541
11361
11451
11281
11923
11632
8055
11301
11401
11241
11281
11431
11411
11471
11341
11351
11421
11011
10831
11411
11561
11551
11322
11241
11392
11472
11502
11462
11501
11542
11391
11401
11441
11402
10950
10580
11451
11551
11491
11321
11401
11221
11402
11522
11562
11542
11452
11421
11382
11302
11351
11421
11382
11341
11511
11532
11552
11402
11341
11341
11442
11391
11311
11371
11352
11491
11401
11191
10770
11582
11381
11752
11361
11532
11421
11401
11402
11432
11421
11501
11772
10780
9268
10951
9287
12003
9197
11010
11522
11101
11511
11481
11502
11581
10390
5700
11752
10961
10860
11451
11532
8295
11532
9097
10600
11391
11101
10930
11351
10941
11482
11292
11462
11381
11552
11241
11291
10399
10289
11462
10951
11421
11101
11011
11311
11281
10751
11231
11351
11542
11441
11291
11882
11372
11342
11361
11411
11421
11732
11232
11291
11332
11221
11491
11932
11361
9158
11030
9167
10940
9458
10901
11382
11061
10810
10880
10830
11822
10760
11010
11000
11382
11381
14697
10770
10820
10901
11001
10870
10881
10871
10880
10890
10831
10791
10780
10820
10730
11862
10970
10741
11262
11282
11562
11652
11432
10790
10820
10911
10890
10930
12123
10790
10640
10940
10871
10880
11111
10560
10770
10850
10860
11431
11261
11412
11351
10830
10650
11792
10810
11071
10931
10690
11412
11451
10910
10930
10750
11502
11442
10811
11081
10860
10710
10771
10860
10640
10971
10630
10730
10720
11722
11251
6161
11992
6272
10890
10680
10840
10850
11431
10740
11422
10880
11401
11381
11451
11361
11532
11362
11721
11601
11452
11432
11281
11351
11432
10981
6292
11371
11081
11512
11222
11361
11351
11331
13425
11351
11862
11551
11491
12013
11161
11431
12032
11481
11321
11542
11251
11442
11913
11371
11943
11551
13215
10460
11672
10720
11852
11402
11151
10730
11311
11391
12013
11562
11211
10730
10760
5891
10710
6302
10850
6262
10700
6191
10890
6331
10649
6322
10860
6212
10820
6241
10720
6212
11121
6151
10931
6331
10780
6342
10800
10981
6351
10700
6171
10891
6322
10790
6272
10760
5821
10780
6231
10930
6312
10700
5500
10970
6312
10780
6312
10770
6282
10870
11601
10750
5801
11010
5641
10650
6241
10730
5430
10820
5470
10851
6192
10951
6192
10740
6242
11010
6272
10670
6272
10630
6302
10630
5591
10710
6241
10730
6332
10991
6222
10860
6272
10911
6292
10950
5711
10570
6272
10790
6282
10580
6312
10800
6281
10770
6212
10941
6151
10860
6252
10941
6271
10700
10800
6252
10961
6312
10841
6122
11111
10420
8346
11672
10570
11241
8396
11461
8185
11482
11341
10359
10379
11672
11462
11872
11451
11492
10750
11923
10590
11902
11572
11913
10770
11411
11361
11091
11632
11412
10309
10741
10650
11502
11331
11131
10550
11482
11282
10480
11441
11902
11542
11412
11301
11742
10791
11632
10720
11221
11231
11632
10670
11281
12333
11451
11783
10850
10369
11332
11903
10440
11322
10319
11511
11321
12133
11431
11632
11131
12533
10610
12012
11421
11311
10480
11762
10790
12042
10249
12033
11321
11612
11261
11672
11411
9307
6182
10359
6181
11642
6292
9468
11531
9187
11451
9137
11311
9147
11371
9268
11492
10750
6242
11432
11903
11281
11371
11431
11602
8255
11562
8446
11381
9297
10771
6322
10830
5681
10550
5681
11602
5760
11271
6162
11372
6342
10961
6212
11482
5631
11802
6351
11161
6302
11171
6472
11070
6252
14067
6292
11281
6352
11051
6473
11241
5951
11401
10680
6291
10750
6232
11442
6212
10850
6222
10690
6172
10650
6462
10921
10700
5821
10660
6181
10911
6252
10940
6201
10911
6372
10771
6382
10810
5661
10931
5560
10830
6282
6272
11672
6252
10931
5941
11822
6262
6192
11351
6202
11311
6141
11221
6251
11261
6302
10920
6262
11401
6252
6211
11501
6122
11001
6312
6312
6112
6222
6332
6171
6281
6482
6292
5761
10980
10710
10840
10780
11171
10800
10640
10970
6221
10730
11742
10630
11552
10670
6292
10720
10941
10700
6302
10880
11261
10930
11652
10820
11211
10700
10990
10920
6152
10931
11392
10650
11512
10910
11481
10650
11321
10760
11792
10800
6352
11000
11432
6172
11191
10750
11582
6182
11522
10871
6252
10700
11401
10790
11451
10841
11862
10971
11221
11091
10900
10780
11462
10680
11522
10470
11983
10520
10751
11241
11481
11521
11662
10770
11492
11552
12042
11081
11281
11050
11091
10500
11933
8256
10450
8306
13255
11591
11111
11381
11402
11571
11100
11321
11090
11382
11291
10881
10379
10850
11191
11602
11582
11111
10640
10880
11352
11312
11331
10509
8385
10981
10630
10760
10851
11382
6372
10920
10380
10790
10489
10701
9417
11401
9127
10910
11442
10670
10650
10801
9217
11431
8456
10490
9227
10780
11492
10740
11081
11291
6192
10840
11402
6202
6382
10359
6282
10580
11401
11962
11542
11542
12443
11401
12203
11351
12083
10350
12894
11772
10549
11501
11883
11431
12022
11311
11442
11531
8325
11692
10500
10569
11341
8165
11592
10379
10921
9388
10589
6171
10750
11541
10490
10680
11311
11221
11371
11352
11412
10760
11852
10489
11031
10880
10861
10820
10901
11000
10680
10790
10529
10810
11401
11402
11301
10820
11251
11361
10810
11682
11292
10731
11341
11873
10890
11351
11442
11071
11321
11402
10821
10500
10620
10720
11432
11341
10901
11011
10900
10851
10750
11301
10861
10891
10850
10731
11381
11482
6172
11382
11431
11391
11421
10810
11010
10670
10720
10850
6252
10810
11551
11392
10960
10760
10820
10790
10940
6152
10840
10901
10880
6232
10660
6292
10790
6322
6282
10890
6261
10811
10970
11382
8276
11421
6382
10780
6192
6592
10940
6192
11431
11581
11431
8265
11321
6152
10650
6151
10360
6242
11482
10320
10530
11562
11361
8315
11472
11302
11592
11571
11792
11431
11281
11622
11442
11642
11351
11411
11391
11221
11411
11391
11231
11342
11472
11351
11522
11412
11412
11382
11361
11542
11402
11341
11081
11491
11471
11461
11752
11352
11431
11482
11451
11401
11421
11432
11341
11602
11341
11311
11462
10840
10760
11371
11331
11411
11301
11281
11571
11671
11311
11412
11692
11371
11722
11361
11401
11422
11441
11431
11462
11441
11451
11311
11451
11382
11481
11592
11412
11542
11311
11412
11632
11331
11611
10891
10721
11552
11291
11421
11461
11381
11462
11211
11652
11361
11471
11432
11662
11341
11442
10469
11311
11531
11331
11362
11341
11411
11391
10350
10610
11542
11271
11391
11482
11361
11461
8176
11471
11422
11852
11441
11532
11671
11291
11471
11341
11511
11362
11421
11521
11491
8336
10540
10841
11412
11241
10880
12353
6302
6231
10269
6292
9568
10370
11422
8286
11531
8346
11552
11371
11371
10249
11582
8346
11471
8365
11231
10490
11251
8526
11512
8256
11502
11451
11331
11562
11572
8286
11431
11391
6342
10419
10961
11321
11541
11331
8326
11321
11361
11291
10369
11501
8366
11481
8325
11482
10399
11401
11562
11531
11462
11501
5641
6221
11301
11431
11362
11311
11362
11621
11251
11682
11442
11522
11372
8386
11441
8155
11291
11421
11421
11361
11652
11322
11472
11482
8265
11391
11351
11382
11671
11451
8215
11391
11402
11522
11401
11262
11592
8115
11372
11381
10610
11512
11341
11381
11331
11312
5651
11341
11321
8265
8226
11532
10480
11482
8226
11361
10409
10740
10380
10560
11041
10409
10439
11311
11421
11441
8215
11542
11521
11441
10439
11501
11562
11552
11512
8286
11341
11261
8166
11452
11332
11511
11362
11301
8326
11372
8205
11352
8195
11442
8185
11432
11511
11622
11431
8335
11461
11492
11442
8396
11542
8225
11351
10540
11332
11672
11381
8215
11492
11571
11581
11281
11422
11352
8246
11441
11471
11431
11572
11352
11542
11541
11411
11421
11421
8185
11421
11631
11472
10590
11231
11732
8196
11431
11352
11451
10440
11322
11441
11361
12082
11311
11522
11372
11462
11352
8296
11191
8155
11311
11582
11231
11511
11381
11552
11622
11381
11491
11311
11511
11431
8226
11472
11251
12604
8326
10620
8316
11341
11342
11461
11502
10490
8346
11442
8466
11331
10660
10520
10650
8276
11050
11432
11051
11381
8376
10941
8346
11181
10831
11442
10930
8336
11331
10941
11341
10830
8306
11451
11642
11241
8376
10780
8145
11491
10950
11432
11982
11432
9167
8295
11402
10620
11642
10520
10740
11712
8095
11362
11481
11321
11241
10620
11502
11351
10690
10760
11241
11381
8195
11571
11321
8265
11481
8276
11622
11441
11542
11351
8206
11291
11762
10790
11402
8175
11441
11442
11442
11641
11481
8196
11351
11722
12092
11662
11642
10429
10520
11332
11622
11582
11552
11451
11391
11381
11482
11471
11612
11281
11442
11281
11642
11311
11461
11211
11441
11612
11341
11601
11311
11472
11391
11562
11381
11501
11352
11953
11331
11521
11341
11451
11451
11361
12243
11421
12343
11371
11431
11342
11892
11342
12193
11642
11581
11241
11992
11341
12043
11392
12153
10620
11502
11332
10530
12103
11562
12012
11452
12133
10930
13315
11441
10479
11051
10760
10751
10460
10951
10920
11412
10870
10720
10359
10630
10900
11421
11351
11441
11511
11892
11361
11431
11461
11351
10540
11361
11311
11391
11352
11482
11441
10569
11511
11772
11401
11551
11301
11512
10459
10359
11432
11501
11441
11341
11522
11642
11381
11452
11401
10750
11321
11371
10289
11602
11351
11242
11331
11361
11352
10429
10890
6172
10540
10870
10921
11341
11141
10660
10359
10730
11041
10480
9328
10760
11161
10920
9648
10831
11301
10810
10529
6312
10871
11822
10900
10459
9297
10871
11582
10790
10960
11452
6261
10830
10760
10770
10840
11391
11341
11552
11602
10419
10319
10409
10540
10720
11692
10640
10309
10459
11511
11412
11511
11352
11351
11452
11431
11611
11622
11321
8245
11451
8416
11322
11191
11471
10320
10730
10439
10570
10590
11271
11762
10480
11431
10750
11572
11452
11462
10790
10560
11833
11461
11331
10881
11552
11622
10860
11171
11602
11922
10971
13715
10510
11522
10610
11472
11501
10730
11512
11411
11392
11361
11111
11551
11822
11531
11421
11661
11632
10420
10911
11391
11371
11842
11221
11913
11542
14297
11692
11972
11321
11361
12673
11532
11442
11651
11562
11521
11371
11341
12182
11472
11642
10379
11312
11331
12163
11541
11662
11752
11612
11702
11452
11271
11581
11312
11411
11471
11312
11311
11511
11431
11451
11341
10229
10539
11221
11431
11562
11151
11512
11441
11331
11442
11422
11372
11331
11621
11472
11541
11381
11372
11090
11241
11291
11411
11441
11271
11231
11521
10489
11301
11482
11442
11371
11221
10951
10811
11332
11512
11522
11361
11392
11491
11291
11461
11401
11311
11502
11271
11321
11381
11862
11371
11431
11471
11321
10349
11481
11622
11562
11301
11451
11622
10911
10880
10660
10880
11582
11431
12053
10920
10509
11932
11432
11773
11311
11953
10810
10340
10991
11682
10409
11702
10780
11472
11883
11552
12444
11502
12072
10881
10450
11361
11852
11442
12022
11442
10399
11502
11381
11602
11382
11371
11451
10891
11501
11141
11381
11421
11432
11381
11722
11552
11492
11391
11101
11552
11211
11552
11362
11351
11321
11442
11372
10841
11572
11291
11642
11582
11501
11632
11382
11331
11431
8425
11211
11441
8185
11592
11531
11301
11341
11481
11381
11552
10289
5801
11362
5581
11962
11492
10410
11652
11501
11481
11361
11361
11521
11431
5500
10930
11361
11522
11392
11442
11402
11602
11412
11342
10580
8436
11742
8315
11432
11351
10509
10540
11451
8225
11542
5601
10740
11562
10730
11211
11301
11392
11422
11321
10389
10690
11501
11432
11401
11652
11462
11581
11421
11462
11662
11522
11441
8325
11281
11231
8155
11582
11391
11231
11301
11491
11461
11702
11521
11511
11651
8136
11371
11441
11341
11472
11281
8366
11392
8355
11342
11502
11351
11552
8316
11412
11401
11391
11591
8466
11442
11592
11591
11341
11341
11451
8576
11421
11511
11572
11421
11551
11322
11311
11451
11381
11492
11621
17143
11332
11542
11502
11381
11391
11572
11371
11411
11331
11401
11372
11532
11592
11181
11382
11432
11372
11361
11462
11591
11541
11511
11402
11432
11642
11261
11251
10439
11522
11411
11331
11722
11302
10870
11472
10830
10820
10540
11532
11411
11371
10550
10499
11472
11352
11381
10480
11481
11462
11251
11321
11492
10450
11622
11491
10620
11341
11562
10570
11582
11482
11492
11441
10450
12453
11412
12293
11472
11501
10680
10409
11712
11982
10469
11211
10460
11361
11271
12022
11321
11843
10530
11852
10810
10670
10510
11010
10510
11792
10410
11491
10851
10570
10710
11351
11632
11342
11682
10430
11992
10991
11452
10519
11972
11491
10971
11472
11902
11131
11421
10930
10941
11491
12022
11191
10870
10600
11482
11411
11371
11521
11371
11271
11392
11291
11301
10760
11291
11472
11582
11551
12112
11441
12293
11632
12002
11542
11843
11281
10330
11332
12082
11701
11161
10470
11241
11372
11962
10309
11802
11482
11882
11441
12182
10630
12093
11391
11332
11822
12113
11442
11892
11511
10559
11391
11963
11501
11982
11381
11882
11322
11361
12022
11482
11161
10439
11181
10450
12323
11392
10540
11521
12212
11532
11933
11542
11902
11201
13866
10479
11512
11341
11712
11341
11411
11601
11472
11682
11582
11431
11371
11282
11481
11311
11582
11261
11471
11411
10469
11291
11301
11371
11482
11472
10370
11451
11541
11442
11561
10399
11502
11442
10580
10981
10730
11552
11462
11371
11471
11441
11812
11492
11281
11361
11351
11521
11261
11401
11432
11401
11451
11341
11491
11211
11261
11401
11402
11522
11401
8175
11331
11281
11612
10410
11342
11442
11251
11662
11732
11492
10540
10550
11471
11462
10620
8235
11431
11642
11321
10650
11351
11371
11471
11341
11631
11531
5581
10370
10730
11391
11461
8386
11401
8255
11401
10280
8265
11432
8235
11371
11291
10540
10780
11341
8185
11411
11572
11452
10439
11502
11472
11391
11011
10840
10390
8196
11592
10369
11461
11381
11462
11241
11411
11462
11411
11462
11571
11431
11502
10650
11201
8235
11512
8165
11291
11501
11602
11522
11351
11361
11482
10951
10870
10349
11321
11402
11371
11362
11071
10800
11241
10520
10590
11451
11051
10820
10680
11551
11071
10851
11581
10981
10881
11422
10840
10770
11532
11111
11352
11662
11492
11321
11502
11582
11000
11321
10910
11372
11411
12193
11351
11392
11361
11402
11711
11441
11251
11401
11361
11631
11402
11352
11381
10459
10560
11411
11672
11783
11110
11411
11441
11592
11471
11332
11531
11331
11341
11492
10900
11521
11561
11362
11391
11401
11381
11221
11422
11482
11552
11401
8325
11471
8466
10770
11542
10400
10490
11291
11252
11562
11251
11452
11321
11452
11852
11471
11531
11452
11352
11431
11331
11541
11602
11462
8185
11311
10579
11391
10530
10590
11372
11441
11321
11401
11221
11432
11402
11321
11581
10650
10420
11402
11301
11592
11422
11682
11552
11522
11311
11422
11712
11512
11371
11381
11852
11442
11311
11322
11391
11521
11311
8105
11422
11461
11421
10489
11972
11402
12152
11361
11992
10480
12053
11331
11301
12082
11351
11432
11642
11883
11392
11882
11452
11422
11451
10990
14538
10770
12464
11702
10319
11461
11912
11532
12474
11331
12042
10480
11321
12173
10470
12053
11351
11231
10700
13114
11371
11782
11411
11451
11241
11141
11432
11511
11422
11392
11441
10489
11542
11502
11341
11451
11752
10340
13024
10399
11832
10850
11361
11161
13595
11532
12043
10850
11261
11562
12142
11201
12002
11231
10480
11371
12283
10329
11782
11462
11411
11592
12023
11622
12243
11311
10439
11471
10550
12063
10369
10970
10811
11772
11342
11872
11351
11101
11582
12444
11070
11031
10470
11762
11030
11922
11572
11962
10840
11732
11392
12152
11492
12153
11392
12062
11401
11882
11522
11431
11572
11402
11351
11461
11422
10600
11411
12353
11451
11962
11622
10450
11371
11131
11471
11231
12133
10289
12013
11501
11882
11311
11782
10990
10499
11292
11471
11241
10460
10510
10239
11501
11642
10409
6382
10890
11441
11582
10610
11522
11501
11461
11511
11382
11501
10349
10600
11342
11372
11412
11482
8205
11351
8396
10390
11572
10429
11371
10750
12453
11421
10540
11391
11541
10420
11561
11392
11602
11381
10399
11712
10580
11561
10339
10500
11441
11411
11462
21690
10991
5691
11912
5790
11021
6242
11762
6372
10880
6122
11150
6442
10811
5650
10840
5701
11101
10660
11100
10791
10960
10730
10901
10901
10831
10920
10670
10730
11040
10790
10880
11521
11481
11462
10911
10810
10730
12042
10980
11051
11061
10840
10780
10720
10690
10970
10961
10890
11372
11532
11501
10650
10690
10810
11010
10690
10770
10931
10861
11121
10871
10750
12583
10900
11020
10971
10820
10780
10931
12724
10950
10840
10951
10810
10950
10700
10700
10980
11291
10991
10811
10920
10871
11061
10750
10840
10710
10940
10861
10790
10880
10891
10870
10890
10731
10901
11332
10861
10831
10820
10810
10980
11442
11511
10750
10871
10901
10931
11171
10921
10680
10920
10970
10881
10820
10730
10990
10921
10800
10951
10781
10620
10710
10790
11051
10761
10890
11361
11342
10950
10740
10790
11401
11351
10760
10840
10870
10930
10990
10770
11272
5701
12013
6352
10720
6061
10750
6382
10700
6102
10871
5951
10931
6272
11922
6222
10810
6211
11161
6252
10781
5891
10670
6291
11010
6222
10860
6272
10990
6272
10951
6372
10640
6081
10590
6332
10891
5650
10860
6312
10950
6021
10810
6302
11071
51036
10770
10850
10750
10800
10720
10780
10830
10790
10680
11180
10720
10920
10961
11060
6382
10680
10650
10620
10821
10991
6582
10891
10910
10810
5460
10770
10710
10920
10970
10770
10700
10870
10750
10930
11020
10630
10921
10861
10730
10911
11080
10660
10870
11141
11542
11151
10620
10680
10690
10810
10780
10750
10720
10790
10791
10820
10760
10720
10740
11080
12553
10820
10921
10940
11481
11401
11441
11051
10730
10850
11261
10820
10830
10750
10881
11451
11611
10830
10790
10800
11812
11602
11040
11983
10690
10871
10931
12503
10880
10630
11081
11281
11141
10880
12463
10830
10750
10710
10950
10900
11311
10810
11211
11181
11882
10670
10770
10850
10890
10820
11571
11391
10871
10830
10700
10630
10880
11011
11171
10780
11923
10840
12503
11852
13034
11100
10871
10650
10800
10760
10990
10700
10910
10910
10820
10910
10800
10760
10850
10831
10710
10510
11862
10920
10730
10851
10790
10911
10670
10680
10910
10871
10830
10901
11351
11352
10680
10660
10950
10600
10830
10720
10720
10790
11011
11391
13436
11451
10870
10830
10860
10730
11131
10780
11091
10750
10940
10820
10730
11151
14026
11261
11542
10880
10880
10920
10920
10670
10870
10780
10860
10780
11442
10720
11020
10680
10811
11452
11432
11412
10760
10850
10940
10751
10770
10951
10760
10740
10870
11342
11462
10791
10721
10619
11442
11511
10820
10650
10901
10880
10820
10860
11351
10870
10991
10650
10880
11010
10680
10740
9488
10840
8336
11231
5600
11161
5680
11091
5631
11101
5630
11000
5621
10790
5691
11251
5761
11161
5621
10650
5620
11261
6402
11302
5620
11722
5731
11322
5600
11111
5651
11231
5650
11231
5721
11241
5671
10980
5741
10700
5711
11381
5721
10840
5751
11100
5631
11141
5640
10981
5590
11030
8405
11272
5530
11161
5691
11091
5661
10901
5681
10920
5591
10730
5540
11061
5590
10991
5701
10890
5610
11060
5600
11121
5541
10871
5681
11201
5650
11191
5630
11291
5650
10881
5600
11100
5710
11061
5811
11291
5600
11181
5641
10970
5711
10961
5641
12433
5700
11271
5731
10880
6422
10630
6271
10780
5991
10710
5971
10871
10840
11551
10750
10880
10971
10790
10850
10891
10850
9227
11321
8867
10730
10680
10961
10820
11090
11111
11021
10730
10921
10609
10980
10850
10860
10820
10930
10720
12463
12043
10930
11682
11511
10920
10810
10791
11582
11392
11071
11100
10990
10730
10961
10680
10730
10780
11462
10820
11001
10730
10940
10810
11131
10680
10901
10700
11371
10670
10860
10920
10820
11061
11472
11492
10810
11541
11311
11221
11061
10620
11231
10901
10780
10730
11682
10810
10981
10960
12082
11031
10911
10690
10990
10599
10930
10770
10890
10740
10800
11041
11261
10761
10921
11482
11632
11462
10800
10941
10640
11121
10800
10800
10780
11031
10921
12404
10890
11030
10720
10770
11231
11461
10720
12293
10891
11191
11091
11041
11030
11051
10720
11732
10861
11061
10931
11913
10559
10781
10560
10911
10931
10911
11362
10910
10901
10470
11151
10550
11001
11451
12062
11491
11131
12103
11541
10871
10861
11552
10931
11382
11341
10790
10730
11331
10990
11051
11261
11321
10880
10469
11842
11101
11472
11331
11161
11412
10910
11101
10470
11020
10760
11411
12273
11522
11391
11051
10971
11532
10740
11833
11341
11050
10580
10960
11021
11301
11080
11281
11421
11021
11612
10930
11031
11591
11030
11131
11432
12674
11261
11261
10860
10870
11261
8185
11442
11512
11512
8356
11622
10119
10800
6261
10760
6232
10690
5571
10740
6112
10870
6221
10701
5981
10780
5601
10831
6352
11962
6352
10721
6142
10730
5992
10921
6161
10720
6412
10871
5681
11001
6252
10901
6402
10901
5671
10760
6262
11261
6402
10780
5961
10780
6392
10750
5721
10680
5631
10700
6302
10900
6282
11973
6302
10690
6362
11061
6512
10891
6472
10810
6372
10791
6001
10851
5641
10730
6311
11902
6192
11411
6332
10931
6292
11401
6241
10810
6291
10841
6362
10840
6301
10871
6191
10870
6352
10830
6282
10850
6412
10880
6242
10790
6301
10720
5962
10630
6252
10720
6232
10790
5681
10811
6282
11001
6031
10900
5671
10761
6983
10740
6442
10790
6252
10650
6322
10750
5631
10921
6282
10790
6532
11101
5651
10820
5741
11181
6322
11131
5460
10971
6382
10720
11912
6262
10670
5951
10780
6342
10861
6312
10931
6041
10880
6291
11110
8456
11442
8446
10940
6211
10710
5670
10880
6071
10780
6302
10891
5630
10720
5971
11120
6292
11502
6412
11161
6362
10910
6211
10800
6011
10810
6242
10810
5440
10730
5540
10710
6352
12243
6372
10710
6181
10960
6262
10740
6302
10710
6362
10830
5640
10801
5510
10840
6472
10559
5621
10780
5661
11001
5981
10900
6362
10740
6262
10760
6442
12444
6092
10820
5611
10900
6212
11041
6271
10900
6422
10891
6302
10861
6302
10871
6322
10710
5610
10791
6402
10660
6272
10910
6021
10860
6062
10800
6341
11201
6272
10720
6352
11151
6242
10791
5620
10731
5651
11050
6202
10981
6252
11061
6412
11211
6422
10830
6211
10911
6382
10850
6372
10770
5590
10811
5680
10780
6462
10650
5991
10860
6462
10670
6311
10740
6412
11902
6302
10720
5991
11121
6422
10750
6271
10841
6091
10850
6372
11081
6251
10830
5591
11091
7504
10731
6182
11070
5621
11101
5560
11110
10880
10930
10830
11572
11281
11331
10700
12183
10930
11491
10590
10820
10790
11341
10730
10821
10690
10830
10850
10740
10710
12553
10871
11632
11372
12514
11742
11812
10830
10810
10730
13064
10891
11452
10629
11201
10961
11231
10750
12293
10910
10900
10800
10951
11531
10941
11651
11611
11472
10830
10900
11070
10680
11040
10860
11041
10751
12744
11541
12844
10891
11031
11251
14517
11040
11402
10600
11572
11100
11642
10780
12624
10911
11120
11532
11431
11362
10990
10900
10980
10850
11822
10881
10941
10840
10960
10970
10710
10870
10870
10860
10910
10840
10781
10740
11301
10790
10831
11802
11602
10791
10980
10730
11011
10911
10830
10530
10860
10810
10780
10921
10860
10860
10770
10830
10710
10670
10790
10730
10669
10990
10870
11491
11421
11321
10810
10770
10980
11872
10991
10840
10790
10790
10820
10930
11311
10800
11312
11461
11031
10871
10961
10771
10880
10800
10700
10750
10830
10630
10751
10630
10700
10830
10800
10781
10690
11031
10920
10940
11041
10840
10881
10780
10980
6402
10650
6262
11602
10490
11171
11311
11552
11802
11532
11552
10881
11521
10800
11482
10730
11512
11030
11522
10820
11462
10930
11381
10931
11431
9267
10801
12393
11522
10459
11732
11692
11542
11562
11561
11311
11502
11702
11492
11281
8126
11432
11532
11231
11461
11491
8226
11491
11571
11442
8195
11451
11461
11452
10479
11402
8225
11291
11482
11311
11471
11452
11352
11362
11691
8195
11231
8245
11602
11491
11311
10751
11292
11471
11401
8196
11441
8376
11431
10539
8356
11893
10680
11421
11511
11492
11572
11402
8175
11411
8215
11271
10580
11311
8165
11422
11571
11522
11511
11391
11512
11561
11401
11572
8226
11472
11381
11592
11621
11391
8246
11491
8265
10439
10780
10860
11332
11351
11822
10480
6212
10740
10509
11342
10460
11391
8385
11582
8406
11561
11712
11431
11431
8245
11462
11311
11471
11572
8336
11372
11452
11411
11581
11621
11411
11853
11251
11361
11502
10379
11351
11432
11601
6261
10931
10569
11532
11351
11541
11642
11481
11281
11842
11491
6122
11021
10569
6212
11492
11551
11492
11482
8276
11331
10700
11331
11131
11372
8316
10790
11401
8206
10940
11281
8326
10981
8306
11422
10790
11431
10660
11362
10821
11311
10790
11281
10660
11401
8185
10820
8446
11331
10921
11431
10811
11431
10950
11502
10820
11722
10930
11541
10820
11431
10841
11582
10800
11362
10910
11401
10609
11522
10781
11652
11331
10680
13214
11671
11652
11391
11401
11501
11401
10910
11382
11401
10941
11421
11121
11742
10650
11792
10861
11061
11622
10810
11371
11422
12393
10650
11832
10549
10791
11361
11452
11612
10820
11411
10991
11391
10540
11291
11281
10871
11361
11281
10830
11372
11351
10810
10479
10730
11592
11301
11953
10720
11391
10750
11501
10820
11481
10359
13335
10720
10450
10760
11732
11602
11472
13004
11411
11371
11451
11641
11572
11161
11432
11631
11241
11632
11481
12032
10720
10840
11471
10861
10840
13055
11542
11412
11121
11552
11552
11461
11331
11532
11291
11461
11712
11291
11351
11191
11211
11531
11441
10630
11361
10590
11451
10951
10931
11512
8395
11982
10560
11642
11090
11491
6442
10640
6192
11591
10579
10630
12243
11381
12183
11451
12534
6442
11281
8225
12213
11451
11592
12032
10510
11952
11772
11321
11421
11411
11422
11932
11451
12293
10600
12073
8486
11402
8176
11953
11642
11942
10429
12153
8265
11391
8075
12534
10440
12223
10640
8647
11872
11812
11592
12083
11652
11532
11962
11110
10940
12113
11862
11392
11822
10960
10850
12062
10741
10951
12113
10941
11992
10971
12133
11501
11852
11432
11762
11412
11461
11922
11291
11531
12162
10490
11742
11402
8205
11962
11281
11301
11902
11381
8276
11342
12984
9227
10791
11822
10339
11742
10229
11952
10981
11632
10881
11131
10730
11331
10580
11091
10329
11120
10099
10861
9969
10800
9948
9938
9828
9688
9658
9198
9027
8977
8796
8897
8797
8606
8486
8516
8506
8286
8226
8275
8255
8106
8045
8135
7815
7815
8586
7584
7504
7514
7534
7384
7294
7294
7504
7193
7264
6983
6813
8135
6773
7464
6993
6943
7324
6743
6693
6462
6542
6473
6422
6241
6252
6111
6151
6311
5911
6111
6803
5741
5690
5660
5280
5300
5470
5140
5370
4879
4749
5270
4739
4900
4468
3847
4739
4599
4508
4408
4338
4358
4218
2255
3897
3998
3968
3857
3787
2995
3737
2534
3406
3507
3466
3256
2264
3156
2996
2735
2925
2584
2054
2695
1894
2565
2534
2374
2414
1744
2264
2144
2114
