2004
21630
13395
10660
11161
10660
11020
10670
11301
11652
11682
11772
11682
11712
11532
11000
10821
11632
11752
13515
10791
11752
11932
11682
11772
10830
13145
11131
10730
11772
11612
12023
11701
11792
10720
11682
11701
11442
11522
11671
11742
11632
11552
11541
12002
11642
10960
11041
11832
11822
11692
11011
10981
11191
11432
11622
11772
10670
11962
10881
11632
10800
11021
12012
11662
11912
11281
10790
12003
11642
11782
10579
10790
11631
11702
11802
10690
12262
20749
11632
11031
10780
10880
12003
11692
11802
10780
11842
11772
11943
10760
10761
10791
11762
10751
10640
11722
11031
11722
11712
10659
10791
8977
10770
11211
11091
8977
11071
11201
11792
11622
11512
10840
11642
12333
11511
14387
11612
11701
12313
11501
11532
12172
11742
15158
11822
11722
12273
10711
10539
15930
12363
12293
11452
11742
11702
13726
11602
11532
16822
11732
11531
12684
13735
11752
12083
11531
11692
13856
11531
11742
11993
11762
11853
19115
11722
11712
15960
12083
11722
13856
11571
11531
14988
11512
11642
15048
11953
11782
15219
11691
11672
12123
11942
11782
11802
13866
11953
11462
14256
11732
11712
12674
10770
10550
12283
11962
13436
11752
11742
12083
11671
11953
12172
10830
12123
10690
12133
11682
12363
11952
11541
12814
11561
12183
11752
11572
12303
11562
12293
10520
12273
11532
11722
13506
11682
12304
11682
11551
12243
11482
12153
11702
12373
11843
11502
12182
11952
11632
12143
10880
13535
15379
13465
11672
13165
11783
11862
11983
12233
11712
11852
12082
11662
12002
12323
10981
13716
12553
12193
11662
11612
11612
11903
18194
10580
11883
12092
11672
11702
12864
11311
14467
11101
15960
11732
11762
12303
11872
11852
12333
10780
10820
15519
11752
11782
15429
11812
11502
12083
10940
11031
11332
11852
13866
11762
11642
12173
11522
11582
11962
10630
12754
11792
14187
11742
11702
17232
11802
11572
14628
13455
11842
14537
11602
11612
12223
11311
11091
11862
10921
11562
18354
11682
12283
11802
15179
12013
12303
11532
11762
11511
11732
14307
11541
12373
11702
12093
11662
15269
10589
11231
11411
20668
11362
11011
11792
11742
11441
10700
19998
11041
8325
10910
11061
10710
14017
11492
10580
13565
11682
12994
11802
11130
11652
10820
10850
10730
10770
11652
13245
11702
12052
11542
12433
11602
15840
10840
14086
11742
11722
11531
13234
10781
12353
11522
12724
10650
12162
11372
10540
11802
14307
11793
13876
11752
11631
11592
14477
11922
11762
11541
10790
11572
14718
11731
12413
11671
11622
11592
10740
10750
13285
11792
12242
11682
15098
10971
11602
10940
11271
11822
11872
11782
8546
11632
10831
11011
11251
11792
14307
21620
11652
11762
13425
11702
12113
11652
13435
11812
11742
12012
11462
11662
11902
11742
11872
11752
10790
11672
11742
11661
11862
11642
11752
11702
10871
11852
12042
11822
11722
11652
12313
11612
11421
12112
11141
11151
10780
11121
11281
11211
11602
11422
11912
10931
11491
10720
11191
11652
11582
9558
11050
10780
8415
11732
11742
11732
11732
8777
11652
11732
11742
11111
11241
11121
11632
11201
11191
11312
11211
8486
11010
8466
11431
11842
11582
11893
11551
11682
11672
11121
8435
11823
11642
8456
11732
8275
8446
9558
11732
8506
11021
10770
8255
12433
8376
8266
11602
8375
10680
10760
10890
8706
11652
8476
5851
11421
8366
11742
11611
11692
11852
10950
10960
11592
11672
11111
10951
11312
8335
10780
8306
11742
11682
8767
11752
11762
8496
6352
11341
8346
11511
11932
8426
8346
11812
8386
11712
11661
8245
8335
11672
8286
11682
8435
8386
11732
8346
10750
8506
8546
8366
11532
8395
11762
11632
11732
8596
11812
8365
8536
11792
8436
11742
12032
5831
11883
8215
5881
8375
11191
10149
10800
8576
8386
8276
11542
8476
10620
10821
8506
8355
11652
8346
11712
11842
11612
8345
8406
6342
11322
8536
10710
10700
11812
16241
11722
11842
8436
11581
13415
10510
6242
8496
8526
11532
8425
12444
10971
8436
8246
11532
8356
11572
11952
11612
8456
11632
6312
11060
6462
8486
6372
11151
8315
11221
8436
6302
11071
8366
11642
8406
8586
8726
11562
8656
11551
11932
8606
8326
8395
11682
11793
10690
6512
11111
8556
6372
10820
8325
11651
8506
11512
8315
8817
11582
17363
11752
8516
8505
11672
11562
8526
10800
12082
10891
9398
11592
10900
11712
10800
10950
8346
10990
10540
8295
11642
10700
12083
8376
10710
11842
11381
11642
11612
11742
11732
11341
11611
12273
10821
10971
10941
10660
11581
11662
11762
10751
11812
10880
11732
11692
11542
11582
11131
10600
10850
10630
11392
11902
11852
11742
11621
11521
11581
11521
10800
11782
10960
11030
10951
11551
11802
11622
10650
10910
11552
11642
11652
11571
11772
11702
10620
11782
11452
11782
11983
10940
11101
10710
11461
11802
11682
11812
11131
11030
10560
11621
11592
11802
11091
10960
10680
10740
11792
10780
10620
11612
11792
11752
8375
11742
11823
11562
11622
11551
11792
11331
11111
8847
11011
11662
10750
11492
11611
11742
11712
11752
11672
11372
11762
11942
11542
11682
11562
11762
11882
11592
11992
11812
11441
11572
11462
11812
12173
11451
10660
11762
10750
15659
11812
11872
11532
10990
10610
11521
10599
11592
10680
11472
10830
10690
11521
10830
11551
11813
11902
11561
10870
11792
11582
10680
11581
10479
11862
11552
10750
11622
10650
11612
10771
11672
10780
11732
11631
11581
11932
11481
11461
11732
11682
11601
11652
11722
22101
11912
10781
10630
11521
11702
10750
11802
10930
10720
10700
11491
11652
13515
11531
11602
10881
11522
11522
11672
11702
11452
11662
22282
11391
11792
11783
11602
11642
11702
11702
23484
11711
12092
11591
11651
11702
11351
11512
11812
11933
10991
11021
11702
10951
11592
11501
10911
11111
10649
12614
10790
10500
11692
11652
11852
11692
11351
11642
10700
10599
11482
11431
11431
11762
11712
11522
11832
11702
11562
10630
11792
11552
11802
11772
8386
11972
11762
8446
10499
11572
10810
11712
11692
11732
11702
11612
11702
11682
12694
11772
11832
11662
10901
11692
10730
11492
11742
11792
11391
11141
11622
11592
10730
11522
11802
11362
11511
11622
11572
11802
11682
21230
11832
10991
11081
11782
11612
11822
10790
10930
11041
10570
11562
11652
11651
11722
12874
11651
12203
11572
11551
11101
10781
10840
11191
11231
11031
11601
11752
9367
11131
11742
11802
11020
10871
11181
11161
11050
12604
10961
10881
10720
11121
11141
11020
10971
11722
10610
11651
11892
10660
11652
11732
11762
11572
11752
11532
13345
11873
11581
11561
11732
11632
11893
11561
11612
11432
10760
11802
11612
8386
11522
10820
8506
12243
11621
11862
8506
11992
8526
11772
11541
11752
8866
11522
8406
12463
11692
11742
10680
10680
10780
13125
11020
11291
10820
11972
11773
11782
10660
10801
10710
12033
8476
11632
8596
11922
11662
11802
11682
11712
11652
11872
8386
11932
11973
11662
11712
8677
11531
11762
8546
11652
11602
11662
10580
11652
10459
10940
11622
11110
11051
10700
11631
11642
11702
10430
10941
10800
11571
8425
10750
8266
11642
11652
11722
11661
11822
11722
11972
10590
11602
11652
11572
11501
11692
11582
11091
11011
10730
11461
11612
12353
11601
11651
11592
10810
11521
11691
10560
12003
11542
11792
11582
11862
10760
11561
11441
11732
11712
11602
11351
10650
11581
11812
11581
11692
10750
10630
11842
11792
11592
11682
11702
11672
11652
11332
11672
11802
11672
11661
12934
11472
11582
11642
11732
11552
11622
11672
11762
10801
12374
11732
11671
11602
11882
11692
11842
11662
11040
11041
10670
12113
10710
11652
11611
11411
11421
11722
10830
11702
11501
10570
11922
11571
11552
11802
11782
11671
11923
11581
11762
11582
11581
12293
11772
11662
11561
11922
23625
11962
11902
11291
11762
11671
15529
12143
11441
10970
11691
13415
11862
10550
14517
10951
10650
11712
11691
11712
11101
11652
11602
11772
11822
11682
11411
11832
11772
10570
11621
11572
10529
11722
11512
11492
11582
11822
11712
11592
11702
11722
11732
11551
11321
11783
11822
11051
11131
10810
11492
13275
11712
11802
11672
11762
11562
12083
11872
11832
11892
11642
11121
10931
10610
11792
11611
10640
11642
11722
11972
11642
11732
11272
11571
11702
11712
11812
11922
10790
12002
10790
10580
11712
11792
11681
11742
11611
10780
10891
10860
10600
8356
12103
10479
8486
11782
11552
11541
11822
11702
11732
11552
10680
8546
11742
11591
11411
11642
11772
8716
11671
8577
11461
11762
11782
11652
8456
11833
11722
11001
9898
12163
9528
11502
11512
11231
9408
6452
8637
10700
6552
11001
10790
11241
11581
12103
11081
11722
10940
11001
13406
11050
11251
13244
10840
10790
10620
11421
11793
11672
11552
11472
11041
10770
10619
11512
11442
11752
10700
10620
10790
11853
11632
11712
11913
11762
11672
10940
11121
10700
11181
13295
11011
13345
11201
11551
10750
10599
11842
11852
11922
11711
13265
11191
11121
10710
11782
11491
12383
11812
11572
17343
11702
10009
19987
10820
10590
11010
10570
16431
11872
9518
11131
11762
15579
9618
10620
8566
10840
11882
11341
11572
11512
13956
12022
11542
11221
11231
10780
11031
11050
10710
11752
11521
11742
11822
11742
11652
12003
11562
11652
11792
11612
11612
11722
11902
10780
11682
11722
11461
11832
11992
11702
11873
11682
12082
11762
11792
11481
11742
11702
12513
11812
11622
11742
12373
11943
10961
10820
11832
11642
11592
10720
11902
11662
11802
10930
11692
11711
11671
11362
11111
10700
11853
11681
10710
11041
11772
13295
11602
11031
10439
11081
11892
11672
11652
11632
11682
11641
11391
11662
11131
11131
10630
11000
10730
11843
13175
10930
10811
11021
10610
11641
11722
11602
10850
10720
12653
10660
11792
11562
11622
11732
11722
11842
11962
11582
11732
11652
11892
11501
10970
10550
11301
10931
11181
11021
11030
11301
10519
11672
11471
10540
11601
11692
11521
11521
11592
10620
11652
11893
11612
11581
11211
11001
13225
11651
11512
11711
10820
10620
10880
11672
11512
10780
11832
10469
11702
11712
8306
11521
11662
11451
11722
10910
10890
10691
12073
11872
10690
11652
11532
11762
11622
11562
11702
11803
11721
19526
11681
11631
11481
11631
11542
10630
11552
11702
10710
11011
10680
11632
11772
11812
11772
11041
10970
10760
11452
11592
11863
11912
11621
10599
11802
11722
12043
11773
11611
11332
11561
11632
11752
11361
11692
11481
11883
11431
11701
11702
11622
11010
11141
10680
11481
11531
11652
11852
11883
10530
11792
11451
11682
11581
11582
11492
10880
11762
11632
11972
11892
11151
11111
11491
10710
12344
11712
10750
11541
11100
11893
10981
13265
11622
11541
11792
11492
11802
12123
11993
11722
11732
10700
10980
11712
11792
11712
10650
11782
12463
10730
11622
11913
11642
11982
11842
11782
13546
11952
11752
11832
11782
11461
11261
11612
11962
11491
11642
11702
20298
10800
12153
11642
10670
11541
12133
11712
12233
11642
15699
10640
14026
11842
13605
10730
11622
11291
10750
12013
11783
12253
11672
11892
11071
10700
11572
11962
11612
11060
10540
12133
11441
10761
11581
11882
10791
10680
11762
11572
11602
12083
10900
10821
10820
10540
10700
11632
11852
11592
10790
11641
11602
10890
11622
11572
10650
11542
11501
11842
11442
11511
11402
11592
11691
11361
11722
11511
13094
10640
11912
11571
11672
11211
11010
10740
11652
11412
11702
11191
6322
11853
11822
11721
10650
11532
11492
11702
11652
11552
11692
11922
11551
13045
11571
10580
11571
12193
11582
11762
11753
11442
11832
11502
11722
11411
11101
10600
11662
11792
11631
11662
11872
11872
11872
11812
11812
10730
11852
11642
10700
11691
11682
11742
11652
11772
11481
11582
12123
11782
11772
11802
13195
11732
11702
10700
11812
11592
11552
11602
11601
13395
11622
11722
11532
11502
11642
11522
11833
11031
11592
11001
11051
11742
11752
8456
11772
10650
11501
10760
11742
11522
11602
11802
10680
11973
11742
11712
11762
11672
11532
10640
10800
10730
11992
11441
10990
11632
11722
11652
11993
11742
11682
10750
10600
10640
11081
10871
10550
10640
8396
10780
11531
10800
11151
10850
11732
11691
11772
11702
11692
12123
11612
11922
11872
10660
11562
11602
10540
8315
11652
8476
11651
10770
10580
11642
10480
10620
11562
11632
11472
10490
11531
11682
11652
11923
11732
11692
11722
11642
10640
11592
11531
10931
10760
10740
10730
8496
10881
11742
10941
10720
10830
10751
11802
11882
11421
10761
10690
11762
11652
11081
11041
11712
11832
11742
11532
10519
11481
11522
11511
11652
11662
11822
11552
11431
10771
12053
11701
11432
10920
11692
11702
10680
11672
11852
11752
11591
11532
11642
10910
10801
11652
11662
11782
10970
11842
11912
11692
11382
11091
11682
11672
11441
11522
11601
11612
10710
11762
11742
11492
11572
11702
12043
11782
34314
11572
11632
11793
11582
8526
11842
10780
10900
11722
8506
11612
11682
10500
10540
8516
11561
11722
11692
11742
11692
11592
11572
11492
11702
11021
11883
11612
11482
11742
10720
12023
11351
11592
11492
11451
10780
11101
10981
10459
11552
10590
11632
10851
11291
10820
11711
10980
11632
11792
11882
11441
11271
10901
10770
11642
12984
11632
11812
10860
11681
15779
10599
14787
11481
11732
10991
11221
11612
12073
10750
12353
11762
11611
11502
12023
10630
13565
11552
11371
11652
11562
11081
11562
11882
10620
10890
10670
10930
10529
10570
11692
10700
10760
11622
11842
11282
10730
10480
11722
11902
10590
10510
11813
11681
10630
10720
11962
11542
11522
10700
10670
11742
10550
10740
11772
11512
11572
11581
11592
11942
11522
11021
11251
11671
11662
11722
11451
11602
11602
11792
11712
11521
11862
11572
11501
11041
11652
11642
11451
11742
11612
11572
11852
11692
11502
11621
11772
11030
10770
11321
8416
12083
8395
11612
11571
11241
9458
11632
8506
11752
10550
11261
10509
8325
11481
11461
11452
10629
11692
8436
11512
11571
11481
9297
10580
8336
11491
11481
11632
10970
11672
11581
11722
11562
8436
11652
8606
11722
10750
11792
11882
11692
11752
11512
11701
10931
11712
11641
10469
11472
11652
11622
11652
11792
11682
11532
11692
11682
11762
11702
13045
11692
11632
11151
12443
11662
11341
10700
11642
11672
10440
11702
11612
11451
10590
10820
11883
11542
10430
11341
11591
11722
11562
12102
11631
11672
11552
11742
11632
10700
11452
11822
11602
11642
11993
11572
11031
11110
10610
11521
11431
11602
11912
11742
11712
11702
11662
11572
10830
12343
11652
11562
11542
11561
12052
11772
11562
11552
13415
11201
11672
11832
11432
13525
11752
11522
11762
11692
10720
11581
11783
11522
11612
11932
11572
8667
11802
11712
11702
10970
11722
11872
11531
11562
11672
10600
10660
10750
10620
13485
11682
11832
11562
11512
11742
11972
10821
11211
11932
11261
10860
11632
11521
10710
10550
11452
11913
11452
11501
10790
11531
11502
11712
11892
11722
11511
11642
11732
11762
11652
10610
11581
11512
11662
11611
11892
11532
11471
11482
11632
11752
19637
11000
10861
11441
11712
11722
11853
11562
21730
11521
11552
11832
11792
11582
11692
11702
10599
11551
11521
11962
11612
11682
11742
11582
11531
11692
10490
11602
11532
10771
11591
11502
11932
10821
12002
9407
11271
10700
10790
11692
10559
11532
11702
11422
11161
8506
11561
14246
11582
12072
11442
11392
12053
11452
12203
11642
13856
11802
11491
15399
11632
11792
11211
10820
6302
18555
8526
11361
10500
13125
10690
16250
10469
11972
11652
15318
11592
14777
11522
12313
11562
16260
11561
11752
11762
11812
11632
11712
11772
10580
6342
11191
10760
11582
11442
11632
11512
11702
11521
11461
11562
10570
8516
10610
11922
8245
10350
11842
11542
10430
11522
11561
11391
11402
11551
8256
11612
27091
11962
11883
12133
11682
8567
11451
11792
10480
10690
10951
8526
11281
10650
11521
11382
11592
11682
11602
11581
11612
12143
12012
11621
11562
8526
11481
8465
10510
11541
11652
11542
11462
8386
11702
11471
11281
9218
11832
11672
11571
10619
10800
10440
11952
10800
11511
11622
11582
11681
11732
11541
11522
11562
11722
11571
11671
11502
11572
11692
11561
11651
11652
11421
11602
11672
11622
11412
12013
10520
11331
11812
11913
11752
10950
14157
11592
10630
11672
10881
11561
11802
11521
10790
11752
10630
11842
10800
11472
11551
10580
12033
10540
10510
11582
13816
11611
11541
11712
11652
10770
11942
10851
11110
11732
11622
11501
11511
10650
10841
11692
11552
11622
10600
11502
11672
11551
10600
10530
11462
12062
11522
10590
11602
11592
11602
12022
11682
11712
11722
11652
11581
11561
11381
11602
12493
11681
11852
10420
11622
11612
11462
15770
11392
11642
11632
11461
10730
11552
11612
11712
11652
10630
11642
11522
8576
11241
11652
10840
11541
11601
11352
11672
11511
10680
10410
11521
11682
11622
10610
11592
11391
11592
11912
11612
11872
12082
11782
11551
11461
10690
11782
11452
11391
10750
11611
11372
10570
11671
11532
11582
11181
11612
11592
11591
11612
11001
11411
11642
10941
11622
11372
11452
11612
11732
11591
11571
11542
11512
11491
11411
10750
11471
11642
11551
11592
11572
14527
10730
11361
11512
10720
11872
11511
11872
10509
11662
12383
11611
11522
11662
11521
11491
11401
11672
10640
11872
11491
11421
11842
11481
11492
11531
11601
10540
11691
13886
11602
11171
10600
11171
10710
6442
11181
10650
10830
6402
11942
6262
13315
11582
11522
11742
12063
11702
11752
11241
11441
11591
11652
10620
10650
11020
10800
11011
11792
10981
10900
11081
10740
9718
10830
10791
10851
9327
11722
9307
11611
11592
11512
11532
11452
11662
11702
11441
11452
11521
10600
11482
11442
11482
11571
10560
11682
10841
11521
10550
10580
10820
10580
11562
11592
10630
11512
11562
11702
11492
10629
11562
11592
10920
10880
11311
11381
10650
12113
11492
10510
12183
11692
11842
11702
10630
10800
11061
10570
10580
11081
14427
11491
12093
10600
11512
11943
10510
11782
11312
11672
11852
11431
12373
11381
12193
11662
11772
11291
11572
11662
11582
10540
11451
10670
11402
11402
11992
11712
11692
11872
11561
11632
11551
10510
11692
11852
11612
11912
11621
11391
11632
11762
11361
11592
11862
10760
5551
12083
6402
11512
11682
11712
11612
10821
8435
11381
8266
11572
10460
11531
11882
8255
11532
11662
11772
11492
11581
8426
11641
8246
11662
10760
11482
8917
12203
8396
11572
11702
11752
11682
11752
8376
11111
10590
11231
8586
11642
8296
11682
11622
10900
10480
10700
13545
23324
11622
12123
11381
8296
11932
10430
11672
8546
11662
8246
11472
11591
10991
11452
8476
8505
11432
11762
11491
11451
11422
11572
11742
11742
11712
11572
11922
11451
11622
11341
11602
11421
11642
11431
11602
11712
11662
10850
10740
11672
11592
11782
11702
10780
11712
11602
11442
11952
11582
11401
12464
11722
12583
11842
11611
11432
11592
10880
10560
11681
8245
11582
11422
11442
10629
11722
8265
8386
11581
11411
11792
10730
11882
11642
11582
10720
10620
11572
11612
11872
11431
10660
11782
12023
10479
11572
11662
11601
11612
11712
11521
11752
11652
11562
11562
11621
11652
11532
11883
10740
11402
12113
11612
11601
10570
11171
11121
11572
11502
11592
11772
10680
11902
18094
11722
13205
11642
11331
11481
11512
11822
11652
10449
12123
11561
11712
10620
11752
11532
11431
11692
10710
11512
11632
11561
12053
11732
11532
11492
11521
11802
11432
11471
11632
11742
11412
11812
12042
11492
11612
11382
11491
11732
11642
11622
11682
11972
11481
11561
11692
11471
11492
11612
11512
11602
11501
11482
11481
11522
11642
11371
11552
11922
12062
11552
11552
11461
12704
11711
11491
11752
11632
12143
11572
11382
11652
11582
11652
11542
11702
11471
11962
10981
11151
11762
11862
11692
11652
12113
11591
11722
11562
11401
13145
11823
11481
10770
11431
11411
11822
10540
11531
11792
11652
11712
11651
11862
12524
11361
11532
11572
11582
12102
10500
12022
11802
11412
11742
11822
11672
11802
11752
11692
11612
11873
11531
12122
11692
11532
12052
11652
11221
11592
11511
11611
11561
11822
10530
11833
11522
11853
11993
11522
11602
11712
11762
10470
17934
11592
11501
11191
11962
13816
11391
11331
10409
10940
10880
10690
11482
11792
11532
10610
11762
11702
10991
11642
11501
12173
11993
11622
12163
11382
11591
11572
11441
12153
10740
11281
11401
10439
11401
11692
11412
10790
11141
11712
11371
11322
11361
10530
11442
11642
10389
11923
11672
11552
10820
10680
11702
11261
11552
10781
11552
11722
11451
11591
11632
11692
11862
11572
11481
11322
12052
11552
10930
11511
11522
11392
11591
11572
11752
11612
11442
11492
11722
10520
11621
11872
10439
11432
10740
12002
11582
10910
11622
11862
11772
11491
11692
11782
10499
10910
11101
10610
11471
10700
11622
10850
10760
10901
10740
11081
11461
10821
11802
10550
12053
10700
10569
11522
11522
11772
10600
10650
11521
11451
10490
10720
13535
10570
11512
10700
11432
10620
11301
10660
10861
10650
11421
11381
10690
10880
11101
10610
11181
11502
11551
11501
11672
11512
11522
11531
11611
11521
11532
11772
11621
11671
11602
10710
11552
11482
10540
11521
11592
11662
11451
11762
11562
11562
11391
10690
15860
11592
11632
11812
11551
11883
11331
11742
11512
11572
10620
11061
11311
10490
11492
11612
11773
11421
11391
11933
11542
11612
11672
11442
10430
13786
11381
11481
11381
11712
11582
11642
10509
11612
11652
11661
11581
11702
14357
11552
11802
11381
10650
11773
11521
11611
11431
11661
11291
13265
11621
11160
10941
10630
11191
10880
11942
11642
11531
11501
11421
11631
11481
18415
11852
11752
11491
12924
12002
17193
10830
10840
10830
11591
11792
10660
11521
11561
11542
10850
13445
10941
10620
11732
11221
15158
11742
11522
11491
11552
11541
10650
11852
11451
11532
10900
11812
11682
10389
11712
11632
11832
11682
11692
11461
11942
14407
11712
11592
13766
11542
14808
10640
11702
16361
11442
10570
11461
15529
11662
11943
11501
10630
11442
11993
11742
11492
10500
11301
11502
12092
10659
13445
11642
11752
11602
13425
11652
10790
11862
12112
11361
13224
10830
10430
11531
12373
11442
11992
11461
11461
11522
14046
11532
11502
10801
10820
11812
11421
11391
11521
11762
11752
10590
10570
10659
14788
10710
11943
11652
14036
11652
11612
10961
13615
10790
16421
11852
11402
11642
11531
11401
12113
14337
12263
11632
11471
11692
12003
11531
14677
11722
12233
11531
13786
11641
11532
11461
11752
11602
11121
10489
10640
11682
13084
11492
12283
11682
12152
11452
11952
11442
10750
11822
14207
11512
12023
11412
12183
11632
11893
11292
12153
11592
15099
10409
12002
11832
17333
10600
11361
11060
10560
11642
12924
11461
12904
11481
11362
11461
11622
11301
11010
10851
11622
11511
10740
10770
11692
11612
11963
11471
11642
11452
11621
11612
11371
11562
10600
10800
10810
11391
11622
11351
11441
11572
11833
10590
10529
11842
11231
11672
10600
11541
11552
11752
11382
11371
11562
11482
11451
11842
11732
11792
11231
10870
11722
11682
11512
11551
12995
10460
11451
11532
11291
11642
11401
11582
11020
11021
11472
8516
11342
12042
11803
11722
8236
11351
11592
11822
8286
11432
11492
8476
11682
11581
11522
11391
8316
11812
11251
30898
10950
11572
8686
11972
11461
11401
11271
11452
11412
11631
11692
14337
10801
11752
11512
11631
11532
10680
11502
11652
11461
8456
11652
8436
11511
11972
11522
11441
11592
9117
11652
8556
11782
11581
11822
8887
11592
8496
11552
11682
11592
11652
8375
11482
11592
11061
11472
11521
8346
11481
11812
11883
11642
11792
11391
11572
11742
11612
11562
11652
11562
11051
10380
11541
11572
11631
11511
11442
11392
11551
11542
11611
11752
11602
11572
11472
10911
11742
11431
11601
11632
11442
11641
11632
11341
11432
11001
11873
11451
10951
10850
11712
12033
11692
11171
11431
7394
11562
9839
11582
18865
11962
9628
11912
9237
16731
11742
8706
11581
16161
11792
8436
11592
13957
10931
11762
8426
8496
11482
11411
11502
8345
11371
11451
11532
11491
11642
11813
11712
11842
11411
11883
11572
11462
11602
11382
11492
11492
11641
11552
11452
11471
11461
11913
11642
11482
11351
11852
11272
11541
11462
8717
13095
11452
16030
9327
11873
9267
11461
11501
11752
12103
11251
11782
8416
12113
11612
8466
11922
11411
14206
11912
12033
11341
12804
11732
17984
11521
13375
11662
17893
11632
12132
11281
14848
11722
15779
11531
13175
11521
8596
12373
11762
11562
11752
8075
10740
8355
11331
11823
11552
8346
11371
11561
11432
18084
11943
9839
11562
11491
11592
8196
11682
11722
11682
11362
11431
11501
11532
11612
11772
11562
11672
11772
11571
11662
11862
11631
11692
11742
11592
11452
11822
11762
11632
11371
11632
11472
11882
11542
11471
11422
11592
13876
11441
11442
11632
11571
11432
11913
11362
11582
11501
11632
11651
11642
11591
11632
11241
11672
11582
8225
11441
11782
11572
11352
11692
11882
11682
11732
11561
11472
11992
11863
11662
11722
11502
11652
11701
11091
11362
10790
10850
11441
11391
11481
11902
10941
10880
10890
11020
10800
10760
10930
10991
11101
10871
10810
10850
10840
11732
10900
10881
11281
11722
11742
11612
10881
10960
10801
11020
10940
11010
11011
11090
10720
11051
11211
11050
11181
10880
10990
11050
10950
11561
11752
11631
11181
10880
11621
11512
11121
10900
10880
11131
10891
11231
10840
11201
11051
11071
11091
10960
10991
11091
10870
10941
11712
11501
11101
10830
11481
12272
14687
11542
10530
10700
11802
11471
11581
11442
11802
12082
11452
11502
11561
11522
11111
10840
11722
10720
10590
11491
10439
11571
11512
10480
11382
11832
11551
11822
11712
11923
11702
11381
11742
10640
10660
11211
11451
12133
11511
11011
10480
11772
11471
10970
11521
10850
11662
11532
10961
20178
11592
10991
11592
10790
11742
11050
10350
10840
10509
10580
11451
11602
11471
11020
10770
12073
10850
10600
10650
12503
11662
11001
10469
10951
10529
11551
10920
10419
11572
10911
11662
11612
10820
11462
11110
10730
10810
10850
11050
10419
10980
10710
10740
12563
10720
10680
12474
11441
11501
11291
10370
11892
10930
10781
10600
11091
11582
11762
10780
10430
11612
10851
10991
10600
10910
11402
11712
10900
11000
11622
10580
11030
10831
11642
10841
11551
10830
11532
10660
10500
11221
11392
10901
13125
10560
11702
10529
11000
11502
11522
10941
10490
10820
10891
10430
10490
11110
11452
11522
11031
10840
11060
11722
11662
10409
10950
10540
10360
11121
10579
10670
10750
15899
11001
8516
12634
11091
8216
11511
11011
11662
11071
8676
11682
11071
11391
10840
11402
8326
10740
8325
11492
10860
11581
10891
8616
11351
11181
11512
10891
8396
11581
10940
11552
10990
11612
11872
11121
11541
12023
11081
6312
6312
10750
6442
11071
10559
11030
11341
11001
6251
10930
11632
10991
10289
9367
11602
10920
11662
11161
11431
11031
11522
6232
9147
8335
6241
11181
10650
10900
11421
6662
11000
11432
11050
11241
10559
12073
12002
11691
11712
12023
10650
13956
11241
11372
11802
11983
11742
10820
11812
11562
10750
11071
11542
11521
12233
10851
11512
10520
11281
10940
11993
11762
11572
10550
11852
11561
11943
11562
11792
11622
11932
11381
10549
12333
11482
11923
11582
12042
11662
12032
10650
12634
11351
12013
10790
11972
11561
10460
12043
11541
11481
13435
12032
11843
12474
11953
10599
11411
10529
11611
11611
10539
11652
11631
11652
11462
10750
11562
11582
10480
10610
11451
11431
10430
10450
11932
10830
11501
11622
11732
11672
12443
10599
12313
11402
11551
12063
13956
11471
11642
11382
10810
11993
11782
12513
11542
10670
11261
10840
12163
12193
10680
12073
11652
10539
11461
11251
10600
10580
10399
11692
10640
10350
10730
11833
11471
10750
11442
11982
11772
10801
10600
11712
11472
10590
10670
10800
11702
11582
11522
11582
10620
10399
11642
11351
11702
10680
10460
11571
11602
11461
11802
10419
14748
11261
10540
10390
10500
11572
11471
11061
11702
11251
11852
13225
11902
11642
11512
11852
11362
13115
10720
11892
11452
11351
11362
11933
11341
11382
10580
11442
11271
11351
10840
10550
10961
11421
11611
11832
11571
12714
10540
11371
10710
10520
11591
12092
11562
11291
11732
12413
11421
11532
11752
11953
11662
11030
10419
13655
11752
11762
11531
11923
11391
11492
11031
10700
11893
10339
17814
11501
12925
11382
12483
10620
11281
10941
10740
11642
12183
13675
10871
10740
11832
10539
11853
11342
13816
10840
11381
10871
10510
11472
11982
11661
11872
13795
11581
11352
11562
11842
15008
11501
12183
11371
11131
10850
11021
11322
10299
11021
11181
11642
11963
11702
11832
10520
11872
11432
12313
10640
11331
10820
10620
11591
12032
11442
12053
11492
11422
11632
10731
11401
14978
11371
12744
11542
12022
10530
11732
11581
10469
11372
12002
11522
12373
11351
11612
11541
12003
11531
11783
11512
11882
10549
12013
11431
11802
11442
11712
11662
13615
11591
12334
11441
10710
11522
11632
11542
11411
11782
11812
10921
11562
10971
11762
10580
12002
11522
10540
11793
11602
11481
12022
11581
11822
11321
12203
11431
13866
11471
11992
11531
12103
11692
11922
10550
11431
11121
12002
10620
11872
11671
12083
10910
10520
11401
16962
12003
11501
11802
11121
12073
8205
10590
10690
10720
10660
13606
11772
11471
11472
11813
11622
11932
11672
11651
11562
11431
11732
12012
11862
11571
11531
11511
11612
11862
11411
11602
11552
11702
11421
11551
11532
10690
11712
11491
11392
11592
11562
11412
11561
11611
11721
11832
11652
10650
11572
11481
11532
11492
10480
11331
11532
11522
10710
11402
11492
11642
11542
11872
10600
11421
11682
10740
11592
10529
11361
10569
11392
11541
10660
11441
13085
10790
11431
11772
11732
11542
11502
11852
11732
11542
11372
11902
11512
11462
10539
10500
11832
11522
11572
10329
11402
11542
11952
11431
11742
12072
11411
8395
11081
11522
11321
6342
11762
10920
10981
11651
11762
11522
11392
10500
10479
11622
10680
11571
10570
11392
10389
11422
11382
11361
11442
11472
11291
11522
11161
11823
11602
11392
11782
11582
11512
11572
11491
11521
11452
10680
11632
11511
10680
11451
11361
11361
11501
11522
11522
11431
11712
11482
11692
10590
10440
11532
11762
11622
11362
10580
11983
11452
11542
35637
10650
11472
11442
11572
10520
11651
11662
11803
11481
12063
11622
11702
11582
11101
10630
11021
10530
10821
11773
14167
11241
12043
11742
10590
11321
10429
12093
11842
11622
12293
12042
14908
11592
17002
11581
12093
11712
11472
11582
11852
14186
12153
11291
11732
12002
11541
11412
13074
10579
17042
11552
11783
11431
14907
11071
11882
10840
12063
11512
12062
11030
11141
12003
10791
11883
11802
11632
11501
10500
11511
17883
10700
12052
11682
11922
10520
12925
10539
14907
11562
13546
11712
14387
11732
12423
11832
11462
11552
11902
11581
11812
10730
11521
11001
11251
11361
13846
10910
11401
11511
11141
11090
11542
11572
11892
11942
10971
11702
11572
11602
11341
11972
11591
11872
11621
12504
10550
11782
10920
10449
11451
11812
11762
12193
11752
10701
14176
11532
11742
11522
12062
11722
11882
11482
14597
11512
11442
11742
11632
11512
11902
11432
11993
11552
12043
11091
11342
10790
10559
11351
12043
11571
11903
11541
11922
11521
10971
11451
11832
10500
11983
10891
11742
11281
12233
11642
10350
11622
11361
11452
11010
11372
11552
11852
11332
11571
11441
11381
10429
11361
11451
11472
11712
21491
11591
11342
11591
11612
11702
11742
11582
11382
11562
11752
8215
11732
11471
11692
11531
8386
12142
11701
11812
11652
11732
15770
11753
11632
11551
11541
11702
11762
11772
11341
11572
12273
11512
12373
12493
24987
11962
11441
11522
11922
12113
11211
11382
12513
11892
11281
11852
11281
11572
11571
10971
11822
11401
11642
11722
15690
11462
10600
11411
8386
12384
11431
11141
10530
11482
10390
11462
11201
10960
10519
11521
11571
10580
11642
11040
10921
11461
10640
11401
11852
11481
11392
11852
11372
11492
11090
10990
10530
11652
11753
10640
11661
13906
11562
11732
11562
11422
11552
11772
11662
10580
11572
11661
11442
10891
11140
10439
11552
11752
11451
11462
11792
10460
11601
11792
11482
10851
11401
11662
10730
11561
10950
11632
10550
11652
11602
11692
11371
11802
8245
12013
11321
8817
11752
11562
11411
8536
11893
8456
10530
10649
11942
10820
11000
11702
10791
10630
11542
10580
11512
10400
10841
10710
11502
10660
11542
10840
11802
11292
10791
10820
10520
11511
10550
10700
10940
12063
11562
11542
11952
11852
11532
11742
10750
11441
11472
11572
11792
11832
11411
11412
10950
10590
11601
11502
11692
11762
11412
11411
11342
11632
11432
11582
11642
11382
11602
11632
11622
11341
10870
10831
11381
11843
12153
11742
11372
11431
11502
10851
11722
10530
11361
11631
11922
11702
11422
11712
10961
10760
10910
11111
10600
11392
11682
11732
11512
11161
10660
10940
10820
13165
11321
10680
11011
10941
11080
12283
10830
11101
13535
11141
10920
11912
10991
11792
10921
11551
11061
10960
11621
11081
10970
10700
11311
11702
10329
11031
11241
11472
10860
11111
11031
10921
13525
11161
15218
11181
11842
10861
11291
10620
10930
11041
11442
11011
13114
10980
11742
10960
11962
10950
10710
11682
11041
10901
11601
11141
10960
11001
10509
11341
10971
10370
10740
10830
11471
11442
11140
10760
13465
10790
11341
11522
10920
13034
10930
11222
10750
11101
10950
11863
11000
10620
10951
10820
11471
11021
11101
11531
11050
11041
10560
10860
10639
11151
10750
11852
11140
11281
11291
10950
13264
10920
11581
10961
11161
11562
10991
11621
11351
10770
10580
15549
11301
11522
11461
11131
11452
11131
10620
11752
22502
11492
10800
11532
11502
11471
11642
11271
11742
11351
11512
11442
10830
11442
11461
11541
11622
11832
11321
11632
14096
11622
11562
11482
11933
11331
19376
13085
11932
11772
11662
11551
11431
12353
11451
12133
10870
11171
10430
11161
11101
11421
10950
10981
11501
10910
12774
11542
11552
11752
10841
11712
11371
11511
11542
11371
11562
11551
8425
11521
11381
11662
11492
10550
11261
11541
11441
11561
11000
7303
10440
11532
8326
10459
8276
11722
11351
12053
11472
11822
8205
10430
8336
12033
8196
11391
11291
8577
11482
11502
14357
10720
13195
11361
11441
11591
11712
12744
6172
11712
11151
11531
11292
11611
11672
11502
11742
11501
11521
11491
11682
8356
11511
11432
11352
8266
11442
8265
11631
11582
56676
11622
8405
5661
11742
8566
11712
8326
11461
8355
5571
11321
8445
11371
8455
11562
8426
11301
8296
11622
8245
11532
8416
11502
11601
11562
11522
8156
11952
11521
11352
11772
8466
11111
10850
10890
8425
10931
9508
8907
17382
8586
8656
8246
14768
8657
16431
9618
11561
9548
11622
8246
12133
9458
11151
9367
12373
9238
14187
9528
12092
8276
14888
17733
12023
8937
11762
9067
12974
8556
14077
8676
14618
9358
11782
8756
11923
8365
11902
8746
11912
8627
11282
14577
8396
11371
11502
11080
11873
10931
11502
11732
11401
11712
11672
11392
11712
11662
11592
11551
11662
10850
11662
11471
14226
11461
11431
8156
11592
11512
10841
11471
12002
11481
5841
10870
10740
12333
11852
11562
11922
11562
11422
10460
10640
10479
11682
11462
11702
11322
11472
11812
10930
11522
11641
11702
10529
11502
10519
11822
11461
12162
11512
11451
11802
11581
11361
10510
11572
11472
16631
11301
11923
11170
10599
11822
8105
10540
11031
11552
11050
11602
10761
10940
11682
11031
11101
10480
11251
10860
11933
11923
11952
11651
11542
11642
11472
11361
11551
11612
11492
11701
10881
11452
11542
11412
11511
11952
12673
11321
10599
11511
11572
11572
11672
11692
10940
11772
11401
11702
11571
11963
11422
11451
11822
11682
10940
10901
11542
11532
11431
11592
11622
12092
11431
11421
11672
11602
11441
11722
11671
11622
10540
10349
11401
11462
11631
11782
11381
11411
11732
11532
11902
11582
11632
11632
58249
11251
11511
5751
10941
11882
5510
10871
6301
11622
11091
11782
13235
11661
11342
11411
11551
11502
10981
10870
11521
11541
11422
11402
11672
11742
11392
11602
11641
11762
11331
11923
11632
8406
11521
11401
11241
11611
11611
11411
11471
11401
11351
11622
11011
10831
12082
11651
11642
11622
11371
11392
11472
11702
11462
11602
11691
11782
11532
11442
11852
11973
10930
11802
11652
11612
11511
11401
11471
11502
11823
11702
11542
11552
11491
11382
11411
11502
11471
11502
11481
11552
11532
11822
11411
11502
11341
11572
11651
11782
11371
11461
11642
11441
11231
10971
11582
11391
11802
11361
11672
11632
11442
11892
11522
11562
11592
11863
10931
12664
11181
9348
12003
9478
11351
11742
11652
11983
11552
11922
11822
10519
5811
11752
10961
11031
11521
11601
8406
13385
8536
10810
11452
11431
11231
11361
11001
11692
11442
11561
11572
11792
11281
11341
10400
10469
11632
12283
11421
11151
12784
11441
12023
11001
11521
11432
11882
11491
11612
11882
11572
11692
11542
11702
11562
11732
11652
11401
11361
11371
11902
11932
11541
9158
11672
9297
11621
9848
11581
11382
11682
10870
11281
10851
11001
10900
11702
11000
11491
11773
11251
10870
10820
11121
11061
10870
10910
10871
10951
11090
10831
11001
10780
10820
10830
11101
10970
10741
11712
11401
11562
11682
11641
11101
10820
11060
11141
10931
12123
11010
10901
11291
10931
10910
12804
10740
10870
10910
11161
11772
11531
11813
11481
10941
10780
11792
11180
11071
11161
10820
11682
11732
10961
10951
10770
11622
11442
11061
11081
11181
11010
10900
10940
10710
11081
10730
10770
10840
11722
11392
6161
10930
6272
11261
10810
12373
11090
11431
10790
11491
10880
11401
11411
11532
11742
11652
11362
11721
11762
11511
11492
11642
11732
11521
10981
6292
11462
11081
11702
11261
11362
11441
11432
12073
11492
13666
11551
11561
13335
11381
11431
13375
11792
11612
11642
11332
11732
11913
11391
11943
11582
13215
10579
11672
10981
11852
11692
11151
10850
11311
11612
12013
11692
11211
10830
10991
5581
11090
6453
11091
6652
10821
6402
10890
6342
10810
6332
11121
6372
10921
6362
10811
6332
11131
6392
11232
6432
10780
6523
10901
11111
6452
10880
6371
11131
6372
10790
6332
10760
5821
10780
6432
11191
6422
11081
5550
10970
6332
10861
6472
10950
6372
10961
34655
10830
5760
11010
5791
10950
6552
10800
5660
10970
5611
10900
6472
10971
6231
10871
6622
13225
6492
10890
6352
10860
6913
10820
5591
10831
6412
10730
6402
10991
6402
10860
6362
10911
6392
12914
5781
10570
6322
10790
6342
10870
6432
10830
6482
10770
6362
11041
6322
10860
6282
10971
6332
10760
10890
6292
10961
6512
10841
6312
11451
10460
8586
11672
10840
11241
8506
11952
8296
11482
11442
10359
10570
12093
11462
11872
12243
11492
10750
18755
10590
11902
11572
11913
10770
11381
11191
11411
11632
11551
10470
10870
10841
11502
11441
11131
10620
11482
11381
10480
11502
11902
11461
11412
11402
17162
10931
11722
10760
11221
11361
11632
10670
11441
13595
11561
11783
11111
10930
11571
11903
10610
11322
10330
11511
11401
12133
11502
12834
11421
12533
10620
12012
11782
12313
10530
11762
10980
12042
10450
12033
11492
11692
11361
11672
11411
9508
6211
10490
6292
11642
6443
9768
11581
9357
11742
9278
11321
9348
11521
9277
11952
11100
6301
11652
12313
11281
11371
11431
11602
8496
13526
8696
11381
9428
10771
6322
11341
5681
10870
5751
11602
5760
11271
6472
11372
6342
10961
6332
11482
5711
11802
6351
11161
6352
11171
6512
11070
6332
11792
6452
11281
6633
11051
6542
11241
5971
11401
10680
6291
10760
6351
11442
6412
11001
6222
10821
6172
10750
6462
11041
10720
5901
10801
6322
10940
6332
11091
6201
10980
6372
13175
6442
10830
5710
11141
5660
11411
6302
6472
11672
6312
11471
5630
11822
16671
6402
11271
6262
11311
6141
11221
6252
11392
6402
11301
6372
11401
6261
6382
11501
6322
12113
6462
6322
6282
6542
6592
6361
6432
6482
6482
5801
11041
10931
10840
11161
11702
10930
10881
11030
6522
10821
11742
10801
11552
11061
6412
10720
11611
10801
6432
10890
11261
11131
11652
10871
11642
10800
12513
12083
6232
11111
12423
10720
11512
11301
11481
10720
11321
10900
11792
10800
6352
11170
11432
6221
11191
10910
11582
6282
11522
11070
6392
10911
11401
10950
11451
11051
11862
11591
11221
11091
11441
10950
11462
10920
11251
10950
11983
10680
10751
11241
11711
11521
11662
10901
11492
12233
12042
12023
11531
12083
11091
10530
11933
8436
10790
8586
11512
11612
11121
11381
11472
11571
11100
11401
11351
11382
11412
10990
10630
10850
11191
11602
11582
11141
10720
10941
11352
11372
11331
10570
8707
11031
10700
10910
11051
11511
6422
10941
10620
11130
10539
10750
9478
11672
9367
10910
11752
10670
10970
10881
9437
11651
8436
10730
9458
10780
11492
10740
11351
11522
6302
10931
11471
6332
6382
10690
7554
10811
11411
11962
11682
11702
12443
11551
12203
11401
12083
10350
13135
27472
11231
11532
11883
11742
12022
11512
11742
11531
8466
11692
10500
10610
11522
8276
11772
10540
10921
9608
10750
6171
11101
11541
10640
10801
11762
11462
11371
12133
11512
11211
20759
10489
11031
10961
10861
10860
11040
11000
10750
10961
10580
10980
11521
11472
11611
11041
11341
11361
10840
11752
11532
10900
11341
11873
10901
11612
11452
11642
11321
11942
11030
10500
10770
10931
11622
11682
10980
11011
11061
11120
10750
11552
10910
10891
11001
10821
11382
11531
6241
11642
11442
11582
11602
10961
11010
11302
10811
11221
6282
10970
11993
11912
11051
10780
11001
10980
11061
6152
10840
11031
11141
7905
10970
6292
11011
6452
6402
10890
6332
10811
11050
11582
8546
11421
6382
10950
6332
6592
11161
6262
11552
11672
11431
8335
11772
6211
11100
6192
10509
6482
11482
10379
10530
11602
11471
8315
11472
11511
11822
11652
12133
11531
11291
11832
11642
14116
11422
11442
11391
11221
11502
11391
11372
11591
11472
11432
11852
11662
11873
11382
11361
11572
11402
12644
11332
11632
11491
11491
11762
11352
11452
11691
11732
11451
11612
11802
11752
11762
11341
11532
11492
11271
10930
11491
11421
11571
11451
11432
11802
12083
11832
11632
11812
11672
15038
11572
11562
11642
14196
11502
11511
11531
11682
11421
11491
11501
11602
11671
11652
11542
11311
11412
11652
11331
11611
11211
10750
11902
11621
11742
11602
11652
11682
11531
11652
11802
11601
11462
11662
11611
11612
10560
11391
13696
11842
11431
11601
11632
11812
10569
10730
11542
11652
11501
11883
11451
11492
8485
11471
11551
12013
11722
11762
11671
11291
11552
11361
11722
11482
11491
11521
11572
8336
10550
11051
11912
11382
11251
11241
6382
6792
10630
6462
9568
10639
12884
8356
12032
8586
11552
11551
11371
10620
11662
8346
11471
8676
11512
10590
11252
8526
11872
8386
11502
11592
11372
11712
11942
8386
11431
11521
6572
10770
11051
11612
11552
11502
8336
11331
11542
11291
10369
11632
8556
11542
8406
11602
10459
11592
11722
11622
11491
11602
5641
6361
11511
11682
14037
11461
11752
11622
11512
11792
11983
11552
11662
8666
11441
8435
11401
11481
11782
11541
11882
11422
11722
11512
8395
11432
11441
11601
11672
11682
8546
11962
11501
12002
11852
11392
11682
8175
11431
11552
10710
11692
11341
11541
11702
11522
5700
11391
11421
8516
8406
11692
10569
11582
8556
11452
10870
10740
10509
10910
11601
10650
10579
11411
11652
11782
8465
12193
11661
11692
10890
11631
11802
11732
12053
8506
11662
11412
8206
11502
11442
11511
11492
11501
8326
11372
8235
11391
8335
11592
8326
11802
11963
11752
11451
8376
11572
11802
11823
8756
11572
8315
11682
10961
11431
11672
11642
8416
11571
11582
11912
11371
11532
11442
8435
11642
11762
11481
11572
11482
11622
11541
11551
11592
11672
8236
11431
11631
11472
10810
11371
11732
8236
11431
11772
11552
10550
11391
11822
11361
12122
11832
11923
11402
11562
11521
8326
11321
8346
11692
11732
11391
11802
11482
11822
11722
11542
11672
11572
11993
11562
8546
11491
11412
15248
8476
10620
8426
11471
11402
11461
11532
10620
8346
11442
8506
11461
10660
10700
10850
8306
11291
11571
11051
11622
8597
11351
8536
11492
10871
11452
11011
8456
11542
11131
11422
10911
8486
11461
11511
11271
8516
10840
8315
11622
10950
11572
20599
11461
9438
8546
11402
10841
12163
10520
11121
11862
8115
11552
11612
11501
11381
10620
11662
11521
10970
10870
11342
11572
8326
11682
11562
8325
11511
8546
11622
11461
11952
11582
8296
11631
11812
12563
11402
8396
11551
11442
11482
12013
11592
8285
11852
11722
12092
13726
11682
10619
10830
11722
11622
11712
11552
11612
11732
11452
11782
11471
11612
11281
11782
11552
11642
11502
11752
11491
11571
12002
11832
11932
11552
11472
11692
11582
11591
11752
11361
11953
11562
11692
11531
11632
11451
11452
15729
11522
12343
11461
11522
11532
11892
11612
12193
11832
11923
11492
11992
11471
12043
11441
12223
10620
11502
11581
10640
12103
11711
12012
11641
12133
11431
13315
11792
10600
11161
10941
10821
10730
11131
11091
11412
11241
10750
10460
10960
10941
11482
11842
11512
11632
11892
11621
11571
12173
11351
11011
11592
11601
11411
11502
11893
11522
10740
11923
14267
11612
11812
11452
11621
10459
10410
11482
11702
11522
11421
11522
11732
11762
11652
11562
11151
11451
11532
10479
11732
11812
11422
11752
11361
11662
10499
11351
6172
10900
10870
11010
11641
11141
10720
10399
10840
11151
10730
9738
11011
11291
11401
9648
10851
11532
11161
10880
6382
10871
11822
10990
10459
9297
11351
11852
12343
11101
11452
6312
11001
10900
11010
11031
11451
11442
11552
12043
10630
10730
10600
10650
10941
11692
10910
10550
10610
11511
11412
11742
11521
11532
11782
11672
11993
11632
11321
8406
11451
8676
11431
11412
11682
10520
10690
10439
10570
11061
11472
11762
10480
11431
11000
11572
11873
11462
10820
10560
11842
12023
11331
10881
11712
11622
11021
11171
11602
11922
11271
13715
10510
11522
10730
11472
11691
10820
11512
11502
11392
11832
11111
11572
17684
11762
11521
11661
11632
10880
10911
11622
11371
17203
11462
17583
11712
14297
11953
11972
11321
11612
12673
11532
11662
11651
11562
11521
11581
11482
17462
11712
11701
10409
11491
11461
12163
11611
12894
11973
11612
11922
11812
11451
11581
11391
11902
11722
11481
11351
11511
11431
11532
11481
10369
10630
11622
11431
13816
11341
11662
11482
11401
11732
11422
11421
11852
11702
11472
11541
13505
11682
11090
11241
11742
11542
11512
11362
11512
11542
10489
11531
11542
11571
11481
11262
11191
10881
11712
11512
11863
11692
11512
11592
11562
11461
11401
11311
11752
11462
11321
11482
14777
11401
11431
11521
11401
10730
11481
11622
11482
11301
11451
11782
11031
11491
10690
11762
11582
11671
12053
10920
10509
11983
11441
11773
11622
11953
10850
10439
10991
11682
10690
11722
10790
11472
11883
11552
12444
11502
12072
11081
10580
11541
11902
12314
12022
11692
10519
11502
11491
11772
11601
11371
11492
11171
11501
11321
11501
11572
11541
11642
11742
11692
12012
11943
11131
11631
11442
11682
11472
11572
11752
11952
11441
10841
11572
11381
11662
11852
11501
11882
11692
11532
11672
8666
11532
11591
8386
11592
11602
11482
11501
11481
11381
11722
10580
5911
11472
5701
11171
11612
10660
11933
11611
13334
11431
11612
11652
11492
5540
11332
11361
11712
11753
11451
11803
11882
11441
11351
10960
8436
12043
8586
11522
11361
10720
10801
11742
8346
11862
5671
11271
11702
10811
11472
11301
11782
11612
11802
10469
10710
11912
11571
11491
11652
11843
11902
11512
11752
11662
11522
11812
8406
11281
11231
8306
11582
11692
11431
11301
11582
11602
11963
11521
11622
11802
8425
11601
11441
11461
11622
11532
8666
11782
8355
11381
11621
11712
11552
8506
11432
11742
11702
11692
8526
11822
11852
11591
11431
11401
11592
8576
11491
11711
14066
11702
12002
11662
11552
11451
11632
11661
11642
25928
11332
11592
11792
11632
11401
11722
11661
11442
11472
11662
11372
11542
11592
11432
11552
11561
11632
11782
11522
11602
11792
11682
11552
11432
11852
11822
11492
10439
11612
11442
11441
11722
11762
10870
11912
10951
10790
10670
11782
11411
11512
10550
10711
11962
11581
11752
10510
11772
13285
11431
11351
11492
10740
11902
11491
10650
11662
11762
10570
11611
11482
11682
11601
10510
17513
11431
16441
11682
11501
10971
10630
11712
11982
10610
11211
10670
11973
11471
12022
11372
11843
10730
12062
10980
10670
10640
11010
10600
11792
10569
11491
10910
10630
13025
11572
11652
11431
12152
10880
11992
10991
11452
10730
11972
11572
11241
11622
13175
11361
11421
13054
11201
11532
12022
11191
10870
10600
11482
11672
11371
11722
11772
11271
11401
11421
11301
10800
11291
11542
12022
11722
13846
11501
12353
11632
13946
11662
11843
11452
10690
11402
12082
21130
11161
10539
11391
11622
11962
10580
15649
11562
11882
12193
12182
10720
15589
11722
11512
14628
12113
11632
11892
11612
10559
11622
11963
11501
15199
11522
13084
11852
11522
12914
11482
11161
10630
11181
10991
12323
11932
10770
11662
12212
11532
11933
11542
12423
11351
23263
10730
11822
11341
11712
11592
11531
11601
11612
11952
11582
11902
11632
11282
11651
11452
11582
11372
11672
11541
10570
11471
11421
11491
11802
11541
10680
11772
11742
11471
11702
10650
11572
11442
10580
10981
10971
11622
11502
11542
11582
11792
11812
13575
11321
11432
11351
11571
11301
11942
11632
11621
11561
11341
11532
11411
11421
11471
11402
11622
11622
8175
11342
11392
11762
10480
11441
11661
11351
12103
11972
11492
10540
10550
11542
11963
10980
8486
11671
11782
11401
10780
11412
11752
11802
11372
11892
11842
5621
10459
10790
11441
11962
8536
11401
8255
11401
10480
8385
11612
8346
11371
11692
13816
10981
11762
8465
11411
11853
11622
10439
11502
11622
11592
11081
10840
10500
8196
11692
10409
11371
11421
11532
11322
11451
11622
12023
11561
11923
11472
11772
10841
11361
8506
11902
8326
11501
11632
11602
11582
11752
11391
11953
10970
10911
10680
11622
11502
11491
11842
11281
10990
11542
10600
10600
11631
11090
10880
10860
11883
11272
10950
11802
11442
10901
11551
10951
11151
12002
11221
11572
11732
11551
11481
11542
11652
11221
11321
11010
11822
11712
11582
11692
11402
11361
11481
11943
11441
11331
11452
11742
11842
11712
11352
11502
10479
10740
11512
11903
11783
11301
11492
11582
11602
11692
11532
11542
11481
11341
11572
13375
11652
11592
11461
11812
11762
11411
11432
11491
11482
11552
11521
8396
11532
8466
10931
11562
10579
10579
11392
11421
11562
11502
11762
11422
11492
11852
11511
11792
11572
11422
11441
11631
11742
11672
11873
8366
11451
10579
11501
10640
10781
11752
11441
11482
11432
11702
11492
11591
11542
12113
10720
10630
11532
11642
12023
11642
11802
11602
12102
11521
11662
11712
11682
11742
11592
12093
11652
11482
11322
11391
11521
11472
8236
11472
11461
11692
10640
11972
11722
12173
11582
11992
10480
12053
11572
11632
13655
11512
11471
11742
11883
11542
11882
11802
12173
11572
11081
14538
11652
12464
11722
10509
11501
11912
11532
12474
11952
12042
10500
11942
12173
10850
12053
11522
11381
11121
13114
11602
11782
11411
11451
11412
11531
11442
11541
11572
11392
11592
10670
11762
11792
11472
11642
11752
10460
14367
10439
11832
11181
11722
11161
13836
11532
11612
11511
11381
11943
12474
11341
14197
11441
10539
11461
12283
10549
11782
11571
11682
11692
12063
11882
12243
11411
10640
11471
10629
13836
10619
10970
10811
11772
11441
11872
11632
11131
11832
12444
11472
15859
10470
11762
11431
11922
11632
11982
11121
11732
11712
12152
11712
17283
11431
17693
11972
14738
11812
11611
11942
11552
11532
11752
11561
10700
11451
12353
11561
11962
11692
10750
11491
13165
11722
10720
12133
10360
12013
11501
17313
11451
11782
11121
10499
11512
11732
11702
10620
10610
10600
11522
11682
10700
6472
10981
11561
11601
10610
11532
11852
11983
11581
11382
11602
10380
10630
11532
11502
11471
11482
8426
11351
8616
10390
11762
10670
11462
11131
12894
11522
10710
11732
11672
10610
11681
11421
11602
11381
10450
11712
10640
11622
10420
10600
11441
11722
11662
23214
11231
5691
12984
5911
11021
6362
11261
6482
12523
5931
11261
6552
12113
5781
11020
5851
11211
10820
11100
10841
11371
10860
11282
11161
11021
11381
10670
10800
12574
10790
11040
11722
11762
12073
11021
10910
10800
12273
11121
11131
11061
10840
10921
10810
10800
11031
11451
11342
11372
11822
11742
10780
10871
12784
11010
10880
10891
10931
11011
11251
11231
10870
12904
11081
11241
10991
10820
11011
11001
13295
10950
10840
11101
10961
11010
11241
11000
11341
11933
11081
11171
11000
11191
11271
10860
12824
10780
10961
10970
10960
12694
11231
10980
10970
10920
10901
11332
10861
11221
11251
10810
10911
11662
11511
10811
11020
10901
11160
11251
10980
10780
10920
10981
10890
10930
10850
11061
10921
10880
11181
11011
11241
10870
11181
11091
11011
11051
11441
11852
11061
11001
10790
11471
11421
10770
10840
11131
10950
11362
10820
11272
6042
11321
6352
10881
5721
11652
6382
11472
5781
10871
5630
11422
6783
11321
7103
10810
6833
11221
6361
11211
5891
10670
7835
11111
6362
12704
7444
11111
7274
11641
6502
10820
5951
10941
8666
11762
5810
10960
6312
10950
5760
10810
6412
11151
47749
10770
10961
10871
10850
10930
11131
10890
10940
10840
11180
10941
11010
10980
11251
6382
10680
10760
10860
12683
11040
6823
11221
11001
10940
5580
10951
10981
10920
10990
10770
10880
10950
11040
11021
11020
10650
10991
10861
11181
10920
13785
10800
10960
11362
11542
11311
10760
10690
10890
11111
10841
11101
10770
11040
10881
11151
10921
10850
10920
12674
13525
12603
11161
11111
11882
11671
11441
11051
10750
11061
11261
12614
11160
10821
11772
11571
11712
10941
11191
11161
11442
11421
11040
11402
11211
11110
10931
13275
11702
10971
12473
11591
11471
10880
12463
10890
10750
10950
11892
11041
17052
11021
11581
11271
11552
10690
10840
13916
11612
10991
11602
11472
10860
10840
10880
10970
12113
11311
11782
10881
11181
10950
12503
21570
10960
11261
10871
10790
11021
11261
10990
10851
11080
10910
11101
11001
10800
10861
10960
10850
10950
10760
11391
11030
10890
10890
11040
10921
10790
10811
10910
11071
11121
10891
11411
11381
10910
10810
11191
11041
11061
10971
10850
11011
11692
11512
15158
11732
11511
12383
11362
11061
17312
10860
11712
10821
11772
10820
11382
11201
19296
11691
16841
10940
11651
11191
10920
10850
11482
11241
10860
10811
16962
11151
11111
11081
11010
12063
12002
11542
10961
10850
10940
11081
10891
11011
10760
10851
10980
11562
11692
10841
10851
10820
11562
11933
10930
10720
11782
12523
11171
11171
11351
11471
12063
11031
11441
11722
10980
12333
9528
11011
8706
11712
5790
11241
5680
11271
5711
14207
5660
11311
5761
10991
5881
11251
5780
11211
5621
10871
5911
11642
6632
11702
5620
11372
5781
11322
5750
11351
5680
11431
5851
11531
5741
11562
5671
11291
5761
10901
5711
11581
5721
11331
5851
11391
5741
11552
5881
11271
5721
11231
8576
13986
5731
11792
5751
11401
5801
11151
5751
11031
5651
10961
5561
11251
5690
11271
6011
11141
5720
11281
5650
13525
5671
11311
5881
11491
5711
12774
5691
13736
5741
11131
5601
11392
5901
11261
5811
11341
5751
11562
5731
11311
6091
11411
5901
33864
5921
11391
5831
11331
7253
10870
6613
10780
5991
10810
5851
10961
11501
11511
10891
10880
10971
10931
11341
11191
11091
9467
17833
8546
10890
10930
11591
11011
11522
11111
11021
10730
11001
10710
11903
10890
11672
10820
11021
10910
12463
11672
11221
11792
11511
10960
11561
10871
11712
11471
14317
16842
10990
10860
11602
11131
11000
11070
11462
11321
11001
10990
11602
11121
11742
10771
11722
10921
11371
10750
11362
10981
11622
11061
17322
12574
11001
11562
11622
15108
11752
10840
12523
10941
10801
10870
11682
11181
11501
11171
11201
11191
11010
10730
11612
12394
11031
10770
10890
11111
11010
11161
11261
11973
11461
11582
11632
11572
11031
11712
10901
11232
10921
10850
11191
11622
11081
13175
11922
11912
11030
11281
11231
16912
11021
12063
11151
11111
11150
11531
11492
11953
10850
11732
11040
11562
11311
11913
11041
10970
10560
11271
12794
11712
11431
11221
11501
10670
11992
10790
12113
11732
11342
11491
11141
11261
11541
10871
11492
11953
11051
17222
11502
10790
11001
11331
11421
11632
16692
11522
11311
10540
11842
11812
11602
14497
11712
11582
11191
11742
10881
11401
11532
11672
12513
17193
11512
11621
11772
11632
11171
17953
11551
11632
10741
11421
12494
11752
11171
14858
11521
11872
11612
11161
13756
11823
12714
11651
11472
12674
11261
11441
11050
10960
11282
11331
11482
11742
11632
8426
11632
32901
11201
6502
10800
7805
10881
5811
11511
5711
10870
6221
10760
5690
12433
5601
10831
6352
11171
6492
10921
6142
10781
5731
11541
6262
11071
6883
11161
5881
11221
6672
11331
7754
10950
5671
10760
7003
11582
6582
11080
5881
11231
6512
12574
6062
11050
5831
10770
7664
11191
6803
11181
6392
11060
6362
11331
16551
11101
6803
11091
6723
11060
5851
10981
5791
11111
6311
11151
7444
11221
6342
10931
7804
11401
7043
10810
7474
11121
6943
10850
6622
12543
5891
11793
7234
11171
6612
10910
6512
11131
6372
11081
8045
10900
5631
10810
6252
10900
7223
11081
5741
11171
6322
12543
6031
12714
5671
11431
8986
11231
6572
11472
6512
10910
6462
12864
5811
11141
6322
10971
6532
11141
5911
11161
5741
11672
7795
11131
5551
11141
6412
10781
12654
6452
12523
5891
10780
6592
12593
6822
11201
5640
10880
6652
11491
8456
11672
8446
12613
6613
12574
5741
10961
5761
10941
6302
12704
5641
10770
5671
10991
6372
11341
7203
13876
7875
12563
6883
10901
5601
11281
6963
11492
5711
10940
5790
10710
7484
13055
6502
10750
6652
11101
6392
10740
6432
10850
6533
11101
5851
11081
5650
11231
7233
10750
5810
11191
5731
11171
5851
11171
6642
10900
7815
11051
6883
13405
6092
10930
5641
11251
6352
12553
6352
10961
6422
11281
6522
10990
6302
11131
6452
11041
5871
10841
6442
11872
6352
10940
5721
11181
6062
11051
6583
12583
6272
10860
6562
11151
7254
10791
5790
10921
5680
11291
6202
11863
6262
11381
6612
11431
6281
12564
7584
11000
6382
11000
7063
10871
5791
10961
5941
10941
7134
10650
5991
11040
6853
10800
7785
10901
7153
11902
6382
10991
5691
13325
7213
12173
6382
10971
5700
10930
7023
11442
7214
11001
5701
11141
7504
11611
6402
11291
5891
11101
5691
11342
10950
11591
11020
12233
11281
11021
10870
11682
11001
15299
10680
11642
10910
17323
10730
11271
10690
11612
10890
11221
10801
13185
10871
12343
11411
11832
11973
12233
11041
11502
10790
11261
10961
18585
10680
11892
11001
12033
10970
12484
11592
11892
10931
11712
12744
11631
11742
11611
11511
10830
11140
11552
10680
11842
13676
11041
11141
12363
11992
11582
11040
11742
11251
12223
10880
18405
10771
11782
12443
11642
10780
12624
10951
11742
11532
12112
11552
11612
11021
11682
11251
11822
10950
11291
11031
11050
11081
10720
10961
10910
11110
10950
12433
10860
10830
11301
10941
11391
11802
12012
11020
11311
10961
11101
11081
11020
10730
10860
11141
11090
11251
10860
10860
11070
12483
10881
10891
10860
10830
10910
10990
10870
11702
11472
11482
10850
10870
11221
11111
11131
10971
10820
11151
10891
11071
11311
11241
11612
11632
11221
10931
11191
10771
10880
10950
10890
10931
11141
10810
11001
10800
10700
11271
11011
10961
10890
13025
10920
10960
11050
10840
11381
10951
11041
6422
11011
6262
12163
10730
11171
11421
11651
11802
11532
11682
10951
11662
11020
11802
10940
11803
11111
11682
11431
11662
10930
11872
11211
11431
9518
10801
15088
11782
10741
11993
11742
12042
11622
11962
11531
11983
11702
11662
11682
8235
11722
11591
11612
11993
11882
8396
11632
11712
11452
8265
11631
13596
11452
10740
11652
8265
11532
11551
11532
12053
11452
11441
11472
11691
8195
11471
8396
11602
11722
11471
10791
11331
11582
11401
8516
11672
8556
11521
10770
8837
11893
10780
11421
11582
11712
11572
11932
8226
12063
8466
11342
10760
11622
8456
11422
11571
11782
11872
11411
11561
11812
11562
11692
8516
11601
11471
11822
11621
11541
8556
11631
8265
10720
10860
11151
11521
11442
11822
10740
6292
10840
10810
11542
10810
11481
8696
11883
8676
11782
11712
11431
11732
8395
11602
11662
11722
11732
8526
11722
11452
11512
11662
11852
11531
12323
11502
11361
11612
10670
11592
11622
11983
6422
10931
10569
11802
11622
12162
11642
12013
11371
11882
11742
6282
11161
10720
6231
11492
11551
11642
12043
8406
11631
11051
11712
11131
11501
8506
10801
11492
8366
11101
11452
8446
11342
8506
11502
11050
11491
10850
11481
10920
11681
11031
11441
10991
11451
8366
10850
8446
11462
11111
11431
11763
11532
11171
11922
10820
11942
11191
14056
10890
11431
10940
11421
10800
11411
10920
11692
10800
11742
11010
11982
11351
10780
13214
11671
11652
11712
13245
11501
12473
11431
11382
11401
11342
11602
11121
11742
10870
28012
11131
11061
11632
11001
11371
11532
12393
11171
11763
10860
10880
11361
11792
11561
11001
11562
11061
11571
10540
11291
11522
12303
11602
11281
11131
11481
11351
11001
10620
10860
11592
11481
15348
10720
11391
11041
11522
10950
11481
10519
14918
10971
10590
11051
11732
11802
11522
13004
11512
11371
11451
11943
11772
11161
11572
11792
11241
12002
11572
12032
10910
11131
11471
11071
11021
13055
11903
11572
12925
11712
11772
11742
11331
11521
11532
11642
11712
11461
11522
11191
11321
11802
11441
10890
11602
10760
11822
11021
11913
11512
8526
11982
10960
11642
11441
11662
7534
10891
6291
11591
10760
10670
12122
11381
12213
11762
12534
6692
11461
8476
12213
11461
11592
12032
10520
11952
12092
11672
11872
12023
11501
17012
11812
12423
10740
12073
8837
11662
8305
11953
11742
11942
10429
12153
8546
11572
8376
14708
10510
12223
10820
8647
11872
11993
11672
12112
11882
11572
11962
11302
11090
17853
11982
11632
12814
10971
10860
12062
10801
11622
16701
11061
11992
11101
12133
11501
11852
11732
11762
11412
12153
14477
11612
11792
12994
10549
17263
11602
8666
11962
11461
11411
11902
11461
8286
11552
12984
9287
10941
11822
10500
11742
10400
13876
11211
11632
10891
14818
10860
11412
10580
11091
10470
11120
10359
10861
10430
10800
10089
10219
10068
9738
9798
9198
9207
8986
9007
8907
8797
8756
8767
8667
8686
8556
8356
8335
10470
8215
8286
8426
8206
7995
8947
7685
7765
7554
7544
7524
7454
7294
8015
7414
7394
7173
6863
7834
6813
7464
7113
7093
7324
6813
7153
6612
6673
6953
6482
6392
6713
6111
6472
6603
6081
6111
6803
5791
5831
5982
5660
5340
5621
5140
6041
4879
4959
5520
5020
5270
4609
9608
4789
4799
4508
4459
4528
4418
4329
2295
3937
4358
3977
3947
3917
3016
3737
2665
3596
3507
3477
3256
2264
3156
2985
3016
2925
2615
2054
2725
1894
2575
2534
2374
2455
1744
2324
2224
2114
