1894
20399
12433
10009
10550
10139
10670
10079
10891
10990
10770
11021
10890
11091
10951
10430
10169
11011
11051
10961
10019
11011
11130
11000
11131
10069
10480
10470
9979
11091
10910
11181
10911
11302
10009
11011
11040
11080
10920
11091
11181
10871
11071
10890
11341
21981
10540
10810
11241
11021
11141
10340
10570
10349
10840
11231
12333
10079
11321
9998
11051
10209
10159
11111
11010
11121
10119
9989
11131
11171
11181
9969
10259
11121
11191
11241
10229
11141
10149
11111
10259
10169
10169
11191
11061
11151
10119
11100
10991
11372
10180
10018
10019
13415
10129
10210
11271
10099
11231
10880
9989
9969
7904
10069
10630
10740
7985
10370
10370
10510
10911
10971
9959
10951
17472
11040
11070
11431
11071
13545
10871
10890
11201
11090
11261
11101
11051
15419
10209
10069
10109
11361
11051
10038
11151
11151
10901
11080
10910
9999
11141
10931
10189
11021
11011
11121
10850
11110
10300
11091
11081
15489
10930
11372
9999
11030
10930
10139
10830
11341
11020
11031
10951
10139
10931
11020
11251
11131
11111
10250
11021
11091
14166
11090
11071
11010
10400
11211
10981
10059
10941
10880
21991
10139
10059
15659
11181
10189
10941
10881
11311
11191
10971
11161
10059
11021
11983
17443
11080
11271
11261
10910
10911
10891
11040
11231
11041
10961
10931
11191
10009
11111
10971
11041
11130
11111
17263
11181
10941
14437
10990
11231
11181
10159
11161
11391
13506
11040
11071
14757
10249
11051
10109
11121
10910
10339
11010
11040
11030
14047
11000
11181
10279
10980
11181
11322
10229
12584
10480
12263
10921
11091
11030
11111
12413
9969
11141
13315
11191
11021
11331
10510
11021
10409
10920
11081
10991
15509
11131
11020
11241
10099
10018
10129
10971
11181
11151
11050
11081
12403
10599
10440
10579
11091
14136
11011
11080
10860
10961
10971
10970
10239
11130
11311
11010
11060
12323
10971
11231
11031
11121
11040
11091
11010
10961
11081
11452
10560
10109
11221
10420
10951
11111
11120
11221
11051
10971
10981
11121
10980
11051
11051
11071
11011
10951
13866
11071
11141
11101
11041
10039
10850
10780
10179
10650
10379
10990
11081
11081
10048
17253
10470
7915
10329
10489
10079
10229
11041
10009
11160
11151
11131
11301
10449
10951
11842
10299
10109
9979
11131
11181
11061
11131
11111
11411
11231
11071
10189
11090
11061
11021
11040
10951
10129
11221
11040
11361
10019
11120
10940
10079
11070
11030
10921
11131
11051
11121
10850
11131
11121
11030
10961
10039
10921
11101
10991
11121
11070
11031
10981
10219
10149
11100
11111
11151
10920
11161
9949
10650
10389
9998
11121
11101
10971
8035
11010
10139
10440
10399
11131
10169
10099
11191
11010
11021
11201
11131
10901
11261
13325
11321
11001
10861
11071
11081
11101
11341
11161
10149
11080
11091
11241
11131
10931
10951
11101
10069
11211
11101
11211
11181
11151
11211
11191
10910
11141
10580
10409
10089
10399
10499
10509
10400
10590
11010
10380
10549
10159
10540
11000
11091
9077
10039
10038
8446
10961
11221
10870
11081
7975
10991
11111
10991
10380
10570
10650
10770
10510
10640
10520
10570
7954
10500
7885
10930
11191
10920
10910
13015
11151
11031
10369
7975
11241
10890
7975
11110
7985
7955
9097
11201
7944
10079
10139
7824
11201
7955
7934
11021
7835
10089
9998
10109
7965
11171
7855
5460
10510
7885
10920
11080
10990
10530
10330
10399
11040
11772
10529
10339
10560
8025
10389
7875
11071
10991
7855
11021
11051
8125
5951
10650
7845
11051
11181
8075
7835
11291
7995
10971
11101
7884
7865
11050
7865
10930
7865
7854
11010
7845
10190
7984
8405
15509
11151
7975
11111
11021
11231
7995
11081
7845
7874
11061
7915
10970
11021
5480
11111
7814
5781
7974
10480
7995
9958
7885
7944
7845
11010
8005
10109
10099
7855
7885
11051
7915
11111
11051
11060
7935
7854
6081
10600
7975
10129
10099
11091
7995
11231
11111
7955
11572
11011
10009
5911
9418
7955
11010
7875
10149
10119
7875
7865
10950
7905
11061
11211
11161
7955
10911
6062
10349
5981
7755
6011
10499
7945
10630
8396
5982
10470
7925
11141
7875
7975
7965
11322
8005
11131
11221
8005
7905
7925
11071
11061
10039
6082
10680
8026
5971
10479
8035
10910
8015
11051
9508
7985
10960
8005
11231
7995
7855
11061
11111
7925
9909
11071
10180
8916
11090
10029
11011
10360
10500
7804
10610
9938
7835
10971
10079
11251
7785
10059
11301
10931
10950
10971
11211
11061
11061
11261
10920
10059
10339
10489
9918
10981
10960
10961
10048
11031
10179
11111
11221
11020
11070
10089
10149
10089
9988
10911
11261
11010
11782
11071
10830
11040
10940
10219
10910
10460
10510
10018
11061
10970
11101
10029
10159
10950
11091
10941
10991
11041
10880
10099
11081
11040
11041
11221
10580
10369
9959
10960
11090
11020
11271
10510
10389
10089
12483
10991
11181
10480
10350
10129
9919
11191
10259
9938
10961
11041
11091
8065
11020
11121
10880
10961
12293
11041
10589
10539
7855
10440
11100
10059
11000
11021
11151
10960
11041
11041
10950
10920
11021
10941
10931
11291
11031
11812
10971
11341
11111
11201
11081
10951
11071
11261
11391
9959
11161
10179
11151
11171
10730
10980
10310
10039
11131
10059
10970
9828
10920
10008
10039
11021
10109
10970
11101
11120
11021
10139
11081
10970
9989
11321
9948
11041
11060
10048
12965
10019
10971
10049
11501
10019
11201
12163
11100
11281
10981
11061
11091
11181
10940
11021
11131
12633
11151
10169
9999
10960
11121
10370
11011
9968
9929
10019
11071
11011
10831
10960
10941
10029
11090
12864
11011
11161
10871
10931
11050
10910
10941
11010
11000
11161
11111
11140
11281
11522
11041
10951
11061
11070
10379
11331
11051
11141
10650
10310
11120
10349
10841
11001
10539
10600
10029
12894
10089
10079
10961
11001
10970
11081
10831
11181
10179
10029
10930
11041
10900
11071
11011
11371
11171
11090
10881
10039
11000
11101
11261
11281
7785
11191
11271
7915
9919
10931
9979
11211
10990
10880
11111
11021
10930
11021
10971
11241
10990
11151
10019
10900
10310
10851
11060
11051
11091
10078
11080
10981
10109
10981
10901
11061
11080
11021
11050
11151
11081
11041
11061
10409
10469
10941
11051
11191
10179
10259
10620
10109
11030
11111
11030
11070
11020
11091
11101
12954
11021
10410
10460
10740
10540
10409
10470
11171
11271
8917
10370
10880
11141
10530
10229
10439
10599
10459
10339
10629
10339
10259
10459
10440
10439
10510
11141
10049
11051
11141
10009
11121
11121
11050
10891
11131
11482
12604
11181
11101
10940
11070
11111
11130
11071
11121
10189
10159
11051
11011
7955
10910
10079
8025
11031
11111
11131
7874
11071
8035
11171
11120
11221
8135
10930
7925
10149
12684
11572
10069
10099
10129
12713
10559
10519
10310
11211
11211
11311
10059
10079
10059
11181
7984
11431
7904
11141
11081
11141
11011
11031
11131
11191
8115
11161
10991
11111
11091
7925
11131
11031
7975
11121
11261
11091
10129
11121
9979
10269
11051
10580
10470
9938
11030
11020
11361
10049
10379
10179
11081
7935
10059
7855
11051
11221
11121
11201
11712
11201
11271
10029
10960
11071
11191
10920
11001
11081
10490
10690
10239
10940
11111
11341
10861
11001
11040
10069
11071
11221
10069
11060
11040
11120
11101
11201
10139
11100
10981
11061
11141
11131
10970
10099
11090
11161
10930
10991
10079
10269
11291
10950
11160
10930
11111
11040
11001
10840
11031
11061
10960
10960
10199
10991
11081
10910
11111
11101
11131
10960
11011
10078
11251
11111
11091
11051
11151
11060
10981
11221
10299
10380
10068
11050
10069
11782
10981
10881
10950
10900
10039
11221
10931
10169
11061
10981
10901
12944
11090
11080
11171
11061
11081
10970
10950
11070
10981
11080
11111
11071
10900
11231
11271
10470
11041
11201
11131
11371
10970
10068
10861
11201
11201
9979
11121
10270
10059
10971
11131
11161
10089
11221
11041
11081
11101
11150
11001
10960
11111
9929
11211
11061
10069
11081
11071
11151
11130
11191
11110
10961
11070
11150
10921
11031
11732
11061
11141
10449
10369
10139
11070
11131
10910
11011
11101
10960
11011
11181
13104
11271
11031
10961
10610
10419
9969
11091
11031
10250
10970
11100
11110
11201
10991
10069
10971
11051
11161
11232
11241
10169
11541
9969
11662
11151
11040
10991
11411
10931
10169
10319
9969
10029
7905
11261
10009
7975
11031
10931
11071
11161
11041
11181
11041
10079
8015
11051
11090
11041
11041
11171
8125
11151
8025
11010
11130
11261
11171
7904
11071
11151
10480
9108
11031
8966
11241
10890
10710
8997
6032
7975
10149
6061
10650
10259
10389
10870
10399
10520
11281
10459
10610
12653
10460
10559
12644
10099
10009
9979
10900
11301
11171
11091
10971
10580
10429
10139
10930
10960
11051
9998
10079
10179
11371
11041
11301
11582
11211
11070
10530
10459
10139
10540
12403
10460
12634
10540
10911
10309
10069
11151
10970
11141
11091
12634
10539
10319
10058
11051
11081
11221
11060
11001
16702
11191
10399
17362
15209
11302
9017
10069
9588
11301
7924
10409
10960
9147
9057
9949
7925
9999
11231
10410
11051
10299
11542
11312
10890
10409
10329
10119
10360
10550
10299
11041
11151
11181
10950
11141
11211
11131
10870
11011
11271
10971
11331
11161
11191
10169
10920
10940
10980
11252
11151
10951
11151
11101
11011
11352
10931
11141
11362
11011
10249
11150
10820
11041
10961
11171
10129
10079
11752
10981
10991
10058
11081
11060
11291
10099
11000
11061
11141
10510
10440
10129
11071
11151
10048
10018
11040
11421
11080
10380
9909
10369
11231
11070
10960
11131
10931
11121
10008
11101
10440
10409
10019
9928
10039
11131
10590
10480
10309
10480
10179
10980
11181
10970
10400
10109
10189
9949
11131
11111
11061
11231
11181
11391
11161
11321
11211
11091
11070
10429
10479
10109
10550
10319
7925
10429
10339
10570
9978
11161
10971
9938
11241
11110
10961
11041
11090
10048
11091
11181
10960
10951
10510
10409
10990
10981
11100
11161
10128
10079
10309
11090
11031
10269
11020
9968
11071
11031
7925
10880
11101
11071
11071
10460
10419
11712
11060
11161
10109
11051
11001
11171
10991
10941
11151
10991
10921
10058
11030
11071
10830
11051
11020
10059
10921
10991
10420
10149
10219
10971
11151
11121
11061
10469
10559
10129
11061
11061
11201
11131
11271
10169
11021
11020
11071
11120
11682
10019
11040
10900
11341
10760
11261
11031
11161
10911
11111
11041
11010
10439
10630
10099
10970
11071
11010
11070
11021
10049
10970
11091
11120
10890
10981
11021
10229
11181
11151
11120
11141
10640
10399
10500
10159
11141
11232
10089
10951
10059
11271
10009
11051
11211
11021
10990
11040
11121
10881
11171
11432
11120
10029
10139
11191
11541
11161
10209
11001
11021
10049
10961
11020
11061
11422
11090
10921
11211
11071
11101
11121
11081
10951
10099
10951
10951
11000
11011
11141
11091
10179
11201
11051
9989
10960
11101
11120
11321
11161
11121
9999
11241
11311
11000
10339
11041
10559
10179
11051
11041
11221
11121
11071
11001
9979
10930
11492
11041
10500
10009
11211
10911
10099
11061
11151
10169
10119
10980
11021
13295
11211
10069
10259
10299
9949
9959
11001
11021
11261
9968
11211
11001
10089
11231
10950
10049
11161
11081
11061
11061
10991
10980
11302
11031
10901
11010
10951
11171
10079
11181
11030
11131
10450
10500
10239
10930
10860
11151
10419
5991
11121
11151
10950
10019
11130
10991
11101
10991
10971
11161
11191
10990
10961
11041
10159
11061
11141
10900
11121
11252
10960
11612
11021
11091
10540
10479
9989
11081
11091
11061
11050
11121
11061
10951
11120
11071
10129
11031
11010
10199
11201
11110
11101
11031
11261
10901
11040
10961
11121
10860
11211
11191
10971
11060
10009
11101
10920
10911
10930
11000
11001
11080
11121
11030
11031
12864
11071
11141
10480
10970
10439
10320
11421
11020
8025
11171
10129
11151
10059
11241
10951
10920
11081
9999
11301
32671
10970
11061
11141
10921
10399
10330
10299
11311
11030
10309
11031
11161
11221
11110
11051
11050
9868
10028
10089
10410
10359
10098
10159
7945
10239
11041
10039
10250
10230
11221
11231
11161
11110
10960
11181
11131
11000
11131
9938
10961
10981
10018
7925
10991
9988
11060
10149
9999
10960
9958
10219
10991
10981
11001
9998
11030
11221
10870
11331
10921
11191
10950
11141
10169
10850
10991
10109
10279
10009
10149
8145
10229
11251
10109
10179
10088
9999
11221
11170
10890
10129
9989
11271
11061
10129
10540
11101
11171
11090
11011
9968
10930
10901
11091
11061
11221
10941
11091
10991
10249
11040
11070
11151
10339
11090
10951
10048
11131
11070
10951
10980
11050
11131
10099
10069
11091
10970
11241
10239
11171
11161
11150
10991
10189
11050
12734
10980
11051
11001
11000
10109
11081
11041
11090
11091
11161
11071
10960
10991
10901
10940
11111
10960
7865
11010
10369
10320
11161
8957
11010
11061
9949
10019
7825
11241
11160
11051
11071
11161
11151
11030
11180
11011
10119
11141
10990
11011
11181
9998
11011
10960
11091
10880
11061
10220
10159
10039
9979
11050
9959
10970
10019
10028
10209
11241
10529
11261
11191
11121
11070
10410
10810
10139
10960
11081
11041
11031
10129
11111
11090
10089
11121
11091
11161
10169
10770
11091
11231
10059
11371
11161
11030
11111
15860
10159
10941
10991
10750
10941
11151
10320
11131
11121
10029
10209
10079
10129
10169
10239
11000
10209
10009
11091
11231
10961
10109
10089
11011
11171
10088
10049
10970
11071
10139
10169
11271
11161
10910
10048
10089
11091
9988
10179
10981
11051
11181
10971
11131
11201
11041
10520
10740
10950
11051
11001
12875
11091
11171
11151
11051
10910
10951
11281
11051
10370
11181
10991
10930
11151
11050
11582
11031
11091
10931
11000
11081
10369
9959
10580
7915
11161
7855
10870
11030
10740
8846
11201
7965
11161
10048
11061
9928
8135
11361
10940
10720
9978
11061
8176
11041
11221
10790
8907
10029
8035
10921
10930
11161
10199
11071
11071
11031
11010
7975
10980
7905
11111
10240
11362
11241
11041
11070
28914
11181
10239
11121
11081
10119
10940
10940
11091
11031
11211
11111
10921
11021
11822
10950
11241
11191
11081
10951
10079
11411
11361
10910
10069
10990
11051
10019
11011
10970
10881
10069
10299
11141
11071
10149
10971
11130
11121
11040
11251
11081
11081
10971
11151
10910
10119
11101
11070
11110
11000
11131
11001
10640
10570
10109
11071
10951
11091
11101
11071
11342
11101
11031
11111
10089
11090
11081
10971
10930
10970
11121
11120
11071
11141
11051
10810
11111
11161
10911
11091
11311
11060
11101
11131
10209
11091
11021
11261
13245
11191
10980
8085
11001
11061
11211
10209
11011
11201
11001
10950
11081
9989
9999
9968
9979
12854
11121
11141
10920
11011
10971
11031
10169
10460
10981
10509
10309
11020
11241
10059
10088
10971
11251
10930
11041
10039
11081
11021
11001
11241
11171
10901
11001
11061
11071
10930
9979
11141
11001
11141
11061
10960
11021
10981
10970
35286
11171
10600
10469
10109
11081
10990
11421
10881
10951
11080
10870
11041
11001
11161
11051
11041
11051
10149
11031
11101
11161
11001
11331
10950
10921
11040
11040
9928
11101
10990
9949
10951
11100
11071
10309
10970
8937
10340
10048
9939
11121
10019
11010
11051
10871
10540
7975
11060
11071
11211
11461
10881
10920
10971
11011
11201
10960
11180
11041
11021
11071
11071
11231
16461
10290
5901
11070
8045
10710
10159
10911
10099
10921
9969
10870
11041
11011
10920
11341
10771
11181
11121
11050
10921
10991
11051
10990
10971
10910
11011
10049
5981
10640
10099
11171
10840
11031
10960
10991
11111
24465
10991
10149
7955
10048
11181
7925
9949
11261
10910
9758
11071
11020
10940
10960
11020
7835
10841
11061
10971
10940
11010
11121
7975
10930
11031
9919
9998
10269
7915
10881
9989
10930
10890
10991
11040
10961
10890
11060
10991
10921
10911
10830
11452
10891
10880
9969
11131
11021
11121
10860
7855
10880
10870
10910
8085
11100
10961
11071
10099
10139
10039
11021
9998
10951
10910
11011
11121
11080
10960
11091
11031
11060
11071
13886
11071
10970
11050
15348
11161
10981
10931
11021
11081
11050
10911
11211
10089
11041
14237
11221
11141
10169
10109
10841
9928
11071
10109
9868
10940
10930
9989
10960
9929
11181
10219
11011
11021
10009
11111
9998
10069
10921
11081
10921
10991
11031
10951
10589
10950
10139
10529
11011
11091
10980
11051
10109
10660
11001
10970
11141
9949
11161
11070
11061
9878
10038
10930
11110
11091
9988
10960
10950
10871
11211
11201
10911
11171
11141
10910
10971
10920
10961
11041
11061
11031
10119
11041
11061
10881
10129
10871
11041
11051
10910
9979
10790
10931
11151
11051
9958
11252
11020
8066
10600
11111
10320
10881
11051
10860
11081
10951
9989
12994
10911
11091
11081
9989
11021
10900
11031
11060
13435
19957
11091
11081
10941
11181
10119
11091
10870
10930
10029
11131
10941
10210
10850
10960
11001
10510
11241
11041
11402
10990
9999
10990
11051
10399
11000
10900
11131
11141
11161
11141
11081
11040
11061
11090
10951
10079
10881
10880
11001
11010
10990
11101
9969
10851
10850
9989
11221
10971
10941
9978
11191
11181
10980
11141
11181
10981
10970
10990
11091
9928
11251
10881
10880
11131
10820
11071
14628
11021
9919
11221
10450
10980
9909
10189
10129
10008
5931
10430
10149
10459
5882
11040
5951
13155
10841
10940
11251
11131
11031
11031
10800
11101
11011
11081
10059
10038
10330
10280
10510
11041
10430
10319
10279
9959
11922
10310
10349
10320
8786
10901
8797
10921
10910
10980
11150
10881
11041
10991
11020
11041
11201
9919
10931
10920
11000
10960
9999
10881
10249
10981
9938
9968
10169
9969
11061
11161
10089
10951
10901
11000
11050
10088
11161
11140
10620
13255
10710
10480
10139
11522
10940
10269
11161
11070
10930
11111
9948
10239
10420
10229
10269
10300
10991
11031
11201
9929
10831
11051
9969
10941
10891
10981
11191
10961
10920
10900
10870
11031
11141
10861
10881
11141
11020
10109
10880
10169
10890
11011
11281
11071
11121
11181
10990
11090
10981
10029
11131
10970
11241
11271
10980
10941
11110
11101
10940
10901
10961
10069
5250
11080
6101
11060
10991
11141
11121
10179
7885
10971
7855
10930
10289
10880
10951
7725
10981
10980
11251
10981
11231
7975
11050
7774
11031
10029
10790
8396
11131
7885
11001
11502
11010
11151
11161
7855
10530
9909
13165
8226
11302
7795
11101
10880
10139
10058
9908
11091
11051
10910
11361
10900
7875
11242
10009
11231
7905
10940
7845
10880
11010
10450
10911
7805
7985
10931
11101
10881
10941
11051
10940
10941
11121
11001
11131
11191
10810
10990
10980
10981
10961
11021
10981
10990
11101
10991
13485
9958
10991
10971
10991
11101
10059
11110
11201
11001
11121
11120
10960
10961
11251
11000
11151
10880
11031
11001
10029
15940
11061
7865
10920
10891
10910
10219
10950
7825
7895
11010
10690
10961
9899
11111
10961
11120
10129
10109
10881
10980
11101
11040
10109
11261
11151
9899
11281
11020
11071
10881
10901
10981
10971
11461
10981
10891
10971
11171
11030
10981
10119
10921
10900
10950
11111
10089
10820
18124
10911
11081
11021
11111
10139
11081
11050
11090
11722
11051
11020
11091
11050
11091
10830
10039
10980
10850
11040
10299
11211
11161
10900
11091
10249
10961
11000
10910
10831
10981
11041
10920
10850
11051
10821
11010
10960
11121
11091
10940
10981
10900
11051
11000
11010
10970
11060
11221
11070
11010
10991
14747
11121
11011
11171
10880
11041
10940
10920
11061
10710
11040
10990
10820
10970
11040
11071
11121
11041
10970
11131
11051
10971
11080
10910
11040
10850
10850
10910
10991
10850
11041
11041
10920
10820
10600
9938
10930
11161
10961
11041
11071
11011
10870
10991
10860
34474
11181
11071
10349
10660
10850
10580
13245
10961
11051
10940
10981
10940
11000
10950
10911
10961
10931
11131
10991
10089
11041
11111
11171
11021
10930
10831
11070
11111
10930
10990
11111
11101
11131
11031
10971
10970
11141
10950
11111
10940
11051
10940
11041
10089
11261
13615
10970
11241
10980
11031
11031
10991
10059
11131
11020
11051
10540
10550
10620
11091
10780
9918
10460
10280
10059
10841
11131
13866
10129
11040
11201
9948
11262
10880
10950
11131
10890
10961
10980
11040
11020
11011
11061
10179
10930
10840
9899
10841
11271
10830
10339
10489
11100
10851
10830
11031
9829
10880
10981
9919
11011
10921
10960
10109
10139
10930
11010
10910
9858
11201
11191
10810
10940
11101
11050
10930
10940
10890
10890
11191
10940
10219
11081
11001
10910
11030
11061
11081
11051
10940
11131
11110
9858
11101
11161
9918
11081
10309
10990
11050
10069
11090
11110
11070
10980
11110
32782
10109
10389
10380
10009
11051
10109
11081
10169
10179
9979
10059
10139
11051
9949
11161
10028
10981
18705
10199
10871
11010
10991
9908
9988
11031
10840
9948
10169
10049
10009
10890
10369
11041
15379
10880
10259
9999
10049
10850
10970
10059
10479
9969
10109
9999
11371
11000
11011
11252
10890
11120
11011
11070
10890
10960
11031
10981
11021
10911
10019
10930
11090
9908
10961
10780
10971
11011
11151
11141
10931
10910
9988
10770
12834
11031
11000
11021
11181
10921
10981
11101
10951
10028
10449
10860
9978
11071
11060
11051
11041
11021
11131
11001
10951
11121
10840
9869
10891
10951
10870
10950
11101
10900
11101
10119
11211
11070
11071
10971
11000
10970
10960
10941
10831
10039
11011
11121
11160
10861
11111
10660
10300
11001
10610
10550
9878
10520
10550
11141
10951
10971
10991
10991
11141
10941
11842
11231
11051
10991
11081
10449
10570
10430
12553
10089
11071
11000
9899
10870
11081
10950
10019
12824
10410
10129
11110
10840
11151
10971
10961
10941
10991
10890
10039
11011
11061
11081
10019
11141
11041
10019
11051
11011
11050
10991
11070
10980
10930
11091
11021
11111
11111
10930
11291
10369
11041
11130
10970
9879
10860
11021
11051
11001
11011
10049
10991
11131
10920
10670
9959
10901
10871
11070
10038
11051
11090
11221
10990
11071
11051
10109
11081
11432
10900
12544
10329
9999
10911
11542
13576
11382
10821
10950
10951
11111
11031
10971
10500
10029
11110
11031
11111
10830
11211
10980
9908
9958
10119
11081
10059
11001
10970
11031
11071
10589
10340
10951
10009
11070
11031
11081
10990
11030
10960
11612
10930
11361
10981
10971
11081
11131
11040
10900
11121
11161
10980
11140
11080
10960
11010
11291
10871
10600
10019
10039
10971
10870
10970
10930
11171
11030
10901
11101
10950
10109
11031
10921
11011
10920
10981
11181
10941
11041
10931
11191
13916
11051
9969
10920
11031
11101
10058
10219
10320
9998
11311
11111
10970
12373
10940
10781
10970
10920
10690
10449
10229
11131
10901
10049
10269
11061
11051
10931
10950
10049
10951
11060
11081
10780
10920
9999
10189
9999
10990
11101
10850
10950
11041
15429
10160
10049
11161
10830
11111
10099
10921
11060
10940
10810
10930
11151
10951
10901
11211
11011
11011
10820
10370
11141
10980
11021
11051
12483
9869
10930
11011
10860
10830
10800
10981
10279
10509
10980
7914
11091
11121
11181
10991
7915
10950
11011
11041
7725
10951
11071
7865
11111
11010
11061
10871
7945
11101
11081
10309
9969
11021
8015
11061
10810
10911
10891
10950
10870
11091
11010
10008
10069
11150
10960
11100
10880
9879
11011
10991
10840
7935
10940
7865
10991
11171
10931
11101
11051
8035
10890
7905
15509
11030
10940
8115
10950
7895
11070
10950
10931
10940
7865
11231
10941
10339
10460
10920
7805
10970
11061
10961
11061
10860
10860
11050
11151
10941
11011
10971
11050
10059
9838
10971
10981
10931
11031
13966
10930
11071
11061
11041
10980
10971
10880
11020
10340
12404
10921
11110
11041
11011
10991
11081
10820
10931
10400
12003
11100
10329
10470
10931
16831
10880
10771
11001
9258
11020
5992
10930
16762
11983
8065
11070
8847
14618
11201
7915
10871
9007
11031
7775
11211
12714
10240
11061
7794
7965
10800
10930
10940
7885
10910
10870
10940
10921
10931
10881
11020
11291
11071
11121
11021
10830
11301
10900
11011
10840
10951
10940
10841
10941
10880
11261
11031
10890
11010
11130
10950
11131
11070
8105
11111
10890
12323
9047
11021
8767
12313
11031
15018
11120
10439
10971
7885
11301
10991
7875
14467
10911
11060
11010
10820
10870
10930
11081
11060
10930
11161
11041
10951
13846
11341
10930
10970
11221
10941
11050
10940
11051
7774
11531
10930
10400
10991
7785
10349
7825
10950
11000
11211
7784
10870
11050
10951
7965
11111
7955
10940
10890
11011
7834
11051
10810
11051
10790
10951
10960
10991
11041
11031
11000
10951
11131
10980
11181
10780
11001
10981
11051
10990
10950
11040
11131
10981
10840
11151
10981
10940
10971
10860
11181
11010
11101
11261
20469
11091
11081
11031
11281
11030
11040
11000
11041
11051
10931
11040
10880
10931
10981
11191
7854
11020
11171
11081
10800
11161
11171
10920
10971
10960
11040
11071
11601
11031
10950
11040
10880
11001
10359
10921
10349
10499
11020
10830
10920
11071
10219
10319
10440
10389
10299
10339
10339
10380
10389
10420
10289
10379
10280
10499
10540
10319
10580
11121
10870
10910
10439
10380
10279
10399
10470
10470
10349
10360
10279
10229
10489
10419
10490
10410
10359
10630
10380
11061
10950
11091
10520
10320
10971
10900
10399
10249
10470
10570
10319
10430
10319
10440
10640
10440
10400
10339
10380
10320
10390
10229
11161
10981
10500
10319
11140
11111
10119
11632
10059
10119
11101
13495
11081
11031
11121
11030
11201
10920
11071
11312
10540
10259
11161
10028
10039
11151
10179
11121
11041
10059
10851
11311
10911
11041
11121
11011
10991
10901
11101
10019
10049
9919
10931
10881
10950
10480
9999
10630
11161
10630
11111
10310
11121
10951
10429
10230
11191
10590
11011
10260
11001
10500
9929
10399
9928
10109
10650
11081
10971
10469
9979
11041
10399
9979
10119
10419
11251
10650
9919
10510
10039
10941
11010
10028
11071
10340
11091
11041
10259
10930
10470
10039
10119
10149
10419
9949
10309
9988
10089
10450
10119
9999
10580
11091
11091
10430
9949
10980
10370
9929
10058
10701
10911
11090
10370
9969
11151
10409
9868
10039
10450
13776
10930
10519
10119
11101
10038
10440
10059
11181
10429
11231
10179
11812
10059
10019
10469
10970
10159
10380
10009
11090
10038
10449
10950
10931
10560
9969
10049
10499
10270
10049
10450
10930
11071
10610
10128
10049
13135
11021
10009
10400
10209
9938
10590
10079
10249
10139
7945
10309
7975
11081
10630
8055
10931
10450
10911
10359
8005
10921
10389
10891
10299
10830
7985
10250
7915
10891
10249
11010
10399
7825
10760
10570
10810
10410
7945
11322
10310
10990
10490
11441
11020
10450
10990
11141
10400
5932
5901
10350
5982
10600
9948
10470
10961
10399
5901
10499
11151
10269
9868
9017
11221
10510
10970
10549
10961
10559
11051
5971
8886
7865
5992
10399
9938
10460
10871
7784
10630
10961
10429
10891
10049
10991
11141
10941
11031
11131
9998
11071
10791
10810
10991
11251
11211
10099
11111
10891
10239
10780
10941
10910
11331
10439
15599
10029
14187
10520
11422
13526
11622
9928
11031
10861
11041
10900
10971
11211
11421
10950
9938
11251
11081
11131
10941
11261
11171
11031
10139
11242
10911
11221
10029
11141
11030
9888
11171
11111
11091
11251
11321
10971
11461
11010
9919
10950
10039
11341
10991
10019
11030
10971
11161
10850
9988
10980
11000
9809
10279
11130
10850
9889
9818
11171
10119
10870
11020
10921
11382
11332
10069
11341
11151
10920
11261
11030
10900
11051
10910
10139
11060
10911
12864
10941
9999
10590
10320
9889
13665
10229
11321
11031
12503
11001
10900
10089
9888
9918
11021
10069
9868
9959
11261
11050
10239
10880
11221
10870
10079
10059
10941
10961
10039
9978
10269
11130
10981
11141
11010
10069
9979
11021
10871
11050
19376
10009
10911
11111
11011
11011
9998
11031
10890
10270
9948
10209
10891
11000
10580
11050
10370
11061
11001
11100
11121
10991
11231
10881
11011
10079
11281
10941
10961
10960
11271
10921
13937
9979
14287
10309
10871
10279
9789
10359
31920
11061
11081
11040
11261
9959
10750
10279
9958
10951
11141
10920
14638
10960
10260
10960
10931
10830
11461
11221
10459
10279
12323
11161
11141
11371
11061
10930
10850
10319
9939
11201
8075
11001
11060
11060
11010
11101
10129
12653
10370
9959
11191
11362
10980
10199
10049
11090
10169
11171
11110
11141
9999
14448
10370
9838
11001
11051
11010
11342
11101
11061
10961
10921
11000
11101
11071
11491
10851
11471
10079
10419
10880
9869
10169
11432
10931
11171
10981
11080
9889
11181
10930
11241
10099
16551
10500
9868
11121
11622
10940
11491
10900
11001
10981
10099
10800
11502
10840
11031
10911
11241
10009
10951
10930
10069
10940
11312
11080
11701
11001
11001
11031
11302
11111
11120
11061
11421
9918
11181
10951
11211
10960
11080
11081
11111
10961
22111
10911
9999
10960
11041
11121
10870
11191
11051
10390
11020
10329
11161
9919
11231
11011
12994
11001
10971
10880
11531
10991
14207
11010
11372
13254
11362
10951
11161
10910
11171
10900
11261
10079
12343
34955
11451
10139
11211
11141
11080
10370
9999
10911
10480
11491
10880
11000
18003
11011
7814
9928
10038
10069
10028
10960
11231
11111
10931
11071
11121
11061
11110
11031
10890
11001
10870
11161
11211
11051
10930
11031
10920
11090
11000
11040
10981
10981
10941
10921
11061
9818
11120
11151
11011
10870
10911
11000
11021
10730
11231
11191
11031
9989
11101
10890
10961
10911
10039
10850
10961
10980
10079
10941
10981
10981
11020
11050
10069
11040
11151
10099
11031
9929
10860
9848
10800
11110
10018
10861
10239
10119
11051
11061
35316
11010
11091
11241
10950
10971
10810
11061
10850
10950
9989
10009
10991
11071
10951
9908
11061
10981
10980
11040
10920
10900
10880
7795
11361
10980
11953
6002
10930
10449
10299
10991
11101
10990
10951
10199
9859
10981
10059
10880
9958
10820
9968
10891
10941
10920
10890
11141
10880
11402
12393
11010
11010
11091
11141
11001
11031
11040
11001
11091
10950
10069
11090
10871
10159
10900
10930
10850
11011
10920
10971
10960
11111
10971
11111
9958
9849
11040
10961
10910
11000
10129
11241
10990
10900
11051
10008
11111
10870
10991
9989
10139
11030
11131
10901
11031
11001
11140
10951
10579
10109
10439
9858
10099
11281
11000
10850
14547
11121
9969
10670
10029
11010
11101
11040
11011
11011
10960
10840
10970
10901
10971
11031
11020
11061
11060
10861
11131
10881
11010
11111
11011
10981
10941
9908
11151
11121
13605
10890
11090
9949
11080
10289
11682
11141
11441
10129
10420
11361
9969
11081
11231
11061
10990
10069
11020
10931
10029
11392
11030
11000
10319
10830
10089
10920
11051
11151
11141
11141
11271
16310
11181
10890
10890
11452
10990
10871
10309
11161
10509
10540
10910
15549
12613
13766
11181
10570
10420
10910
10871
10890
11021
10019
11111
10790
11181
10701
11041
11010
10921
11171
15790
9889
11461
10319
9918
10881
11261
11061
11251
11302
9979
10980
10901
11101
11111
10921
11001
11261
11031
11071
13174
10931
10981
11071
10931
11241
11041
11140
11060
12583
10059
14207
10449
10099
10931
11361
10911
10850
11020
11101
11121
10049
10941
11060
10190
10940
10310
11782
11441
11332
11221
10089
11000
10880
10921
9959
10950
10960
11041
25548
11010
10891
10980
9909
11091
10991
10890
10900
11031
10941
10911
11041
11040
11001
11171
10870
10810
11020
11141
7855
11151
10980
10890
13625
8005
16571
11020
11392
11040
11040
11090
11031
10980
11051
10971
11031
10890
11352
10840
11121
12994
11051
11261
10821
10900
11131
10930
10971
11121
11181
10510
10981
11181
11282
10961
11141
10880
11040
10931
12534
11051
10901
11020
11031
10860
11051
10099
10941
7884
11010
10921
10519
10039
10600
9898
11140
10730
10499
9898
10930
11011
10068
11181
10650
10630
11001
10089
10860
11071
10930
10810
11111
10780
10900
10560
10479
10009
11001
21420
10059
11051
10931
10991
11181
14387
10970
10900
10961
11171
9928
10881
10920
12122
10529
10470
10058
10960
11001
11121
11061
11021
9979
11020
11021
10931
10399
10871
11090
9999
11090
10079
11000
10088
11091
10981
11051
10931
10860
8055
11201
10981
8045
11041
11060
10880
7955
10931
7934
10089
10159
11051
10109
12684
10990
10169
10249
10970
10008
11001
10069
10139
10119
10900
10319
10970
10309
11061
10990
10069
10069
9948
11392
10139
10159
12764
13426
11101
11151
11241
11001
11051
11071
10159
10900
10991
10901
10920
11051
11020
11051
10449
10149
10971
11151
11001
11241
10941
11031
10790
10941
11021
10891
11070
10951
11071
11031
10961
10810
10359
10169
11021
11090
11111
11031
10990
10981
10931
10109
10981
10119
10900
11000
11100
11000
11201
11121
10370
9928
10269
11301
9999
10950
11021
11001
11021
10590
10269
10470
10289
12543
10800
9978
10409
10410
10389
11051
10379
12724
12824
10570
10370
11091
11021
11161
10540
10870
10540
10420
11151
10670
10339
10038
10580
10610
9939
10510
10610
10921
10330
10510
10119
10430
11101
10500
10279
10470
11031
10329
10490
10059
10480
10640
10871
10420
10950
10409
10891
10499
11141
10369
10270
11271
10480
10490
11100
10590
10329
10559
9959
10740
11853
10180
10299
10299
13766
10610
11872
10029
10620
10370
11401
10610
10259
10961
10489
10370
10099
10470
10400
11181
10630
10199
10570
10329
10961
10310
10479
10941
10420
12103
9958
10259
10039
10400
10229
11161
10590
11000
10319
10429
12423
12644
11161
10500
10399
11091
10479
11061
11070
10359
9959
11000
10700
13495
10941
10720
11141
10470
9989
11001
11060
10960
10058
10971
10971
10961
10960
10891
11041
10841
10960
10950
10139
10890
10981
10990
10901
10950
10960
11141
10911
10910
11040
11091
11251
10570
10059
10940
11001
10931
10940
11141
10960
11061
10931
11130
10259
10410
9999
10690
10490
10901
10539
10700
10891
10460
10440
10941
11201
11131
10149
11080
10901
10861
10990
10930
10921
11041
7785
10960
11001
11011
10960
10069
10830
11090
10750
11292
10580
5861
10049
10950
7995
9938
7885
11131
10981
11051
10941
11031
7895
9979
7864
11181
7905
11011
10971
7885
11100
11091
11040
10039
11021
10950
11071
11181
10940
10349
5931
11041
10680
11261
10930
11201
11171
10910
11141
11060
11011
10901
10940
7835
10951
10901
10640
7795
11081
7824
11131
10971
55093
10991
7885
6051
11041
8065
11031
7944
11030
7884
5350
10930
7965
10920
7935
11021
7935
10820
7965
11060
8135
11061
8055
11051
10981
11051
11020
7774
11120
10950
10961
10950
7865
10550
10259
10410
7974
10389
9017
8546
11161
7874
8226
11472
11161
7914
12283
8816
10851
9017
10951
7864
11281
8987
13074
8936
11341
8716
10790
8767
10941
7885
10890
8957
11071
8425
10871
8415
11161
7865
14077
8215
10980
8967
11051
8346
10890
7925
11261
8095
11131
7755
10620
10951
7824
10580
11041
10660
11040
10430
11001
11201
10980
11060
11221
10830
11131
10900
10961
11020
10981
9979
11080
10951
10870
10931
10961
7724
11031
11041
9889
10970
11191
10980
5420
9939
10249
11101
11061
11041
11041
11020
11030
10069
10089
10079
11051
10911
11141
10901
10941
11101
10069
10981
11101
11120
9858
10881
19747
11251
10770
11231
10970
10991
11291
11131
10680
10039
10961
10950
11061
10850
16110
10429
10159
11140
7815
10039
10560
10960
10389
10990
10350
10329
11010
10340
10309
9839
10650
10410
11160
11181
11001
10831
10941
11181
10860
10950
10910
10930
10820
11071
10410
12584
10940
10840
11041
11501
10420
11832
10079
11151
11081
11622
10971
10961
10199
14768
10851
10991
11080
11090
10850
10891
11001
11161
9999
9979
10971
11021
10901
11030
10950
11071
11221
10850
11061
11091
10891
11131
10880
11051
9798
9889
11070
10961
11090
10981
11040
10860
10951
11111
11131
10981
11060
11091
33973
10540
11020
5410
19617
10951
5220
10530
5891
11150
10440
11111
11161
11021
10599
12023
11020
11241
10529
10540
11332
21731
10970
10871
10980
11080
11020
11181
10911
11000
10891
11211
13525
7745
10870
10901
10700
10880
11071
10991
11001
10970
10910
10991
12904
10510
10930
11241
11021
11001
10881
10931
10991
11051
11020
11011
11030
10941
11041
10991
11051
10600
10320
11041
11051
10970
10891
10980
10830
10970
11111
10971
11061
10981
11271
10890
10890
10880
11171
11000
10991
10881
11051
11161
10991
10940
10900
11111
11061
11281
10970
10900
11090
10880
10680
10359
11111
10850
11110
10821
11121
10961
11041
11080
11001
10891
11001
11211
10410
8887
10660
8896
10820
8906
10529
11011
10700
10911
10860
11101
11070
9969
5500
11181
10529
10419
11020
11081
7885
11091
9097
10389
10940
10660
10530
10940
10519
11020
10730
11001
11011
11001
10891
10810
9949
10049
11091
10559
10920
10760
10550
10840
10790
10449
10871
10830
11061
10960
10931
13545
11010
10960
11001
10970
10910
11031
10841
11070
10930
10870
10880
11111
10941
8847
10369
8887
10269
9147
10320
11060
10450
10380
10319
10369
11822
10299
10490
10410
10840
11011
14697
10390
10790
10450
10520
10359
10440
10459
10370
10419
10420
10489
10359
10459
10259
11862
10580
10339
10951
10961
13605
11191
10990
10499
10449
10560
10560
10530
10700
10400
10289
10500
10340
10429
10429
10209
10439
10589
10559
11141
10880
11101
11060
10370
10250
12754
10379
10429
10440
10479
11021
10980
10439
10429
10319
11031
11030
10499
10529
10440
10480
10429
10329
10349
10420
10299
10209
10410
13465
10820
5931
11992
5941
10480
10339
10299
10449
10850
10500
11061
10509
10941
10850
10910
10920
11111
10901
11231
11271
11131
10951
10950
10950
11031
10460
5961
11071
10470
10940
10901
10861
10900
10951
47930
11101
11040
11071
11211
11091
11030
10941
10930
11090
11321
11111
10941
10930
11041
10891
11151
11090
13826
10109
11241
10360
11021
11051
13846
10459
11812
11121
14537
10930
11742
10289
10359
5891
10419
6202
10370
5951
10279
6031
12694
6071
10259
6001
10429
6011
10340
6081
10409
6041
10520
5901
10459
6021
10340
6151
10369
10309
6061
10260
6041
10430
6051
10359
5991
10349
6241
10480
5961
10520
6102
10389
5249
10450
5952
10340
6032
10539
6071
10590
6722
10389
6222
10510
5390
10379
6071
10249
5260
10359
5290
10370
6012
10449
5921
10360
6032
10399
5981
10429
5961
10239
5941
10489
5922
10399
6001
10339
6082
10500
6032
10460
6001
10450
6001
10390
5400
10270
5971
10349
6021
10319
6012
10400
5931
10389
6021
10540
5891
10400
6021
10470
6061
10299
10479
6001
10580
5991
10520
5992
10700
10048
8015
11171
10058
10880
7965
11061
7875
10960
10960
9958
9908
10951
10960
11201
11051
12874
10420
11171
10159
11301
11021
11131
10329
19837
11361
10790
10941
11080
9868
10610
10079
10881
10941
10449
9969
10800
10990
10169
11090
11131
18725
16060
10870
10801
10600
11131
10390
10711
10790
12313
10289
10890
11241
10840
11060
10410
10049
11050
11381
9989
10370
10019
10950
10910
11582
11021
11020
10990
11381
9929
11041
11011
10029
10039
11362
10499
15128
9929
11431
10930
11081
10880
11061
11010
8956
5921
9918
5941
12253
5961
9067
11031
9017
11031
8856
10881
8887
10831
8917
11141
10390
5991
11171
10800
10881
10691
10951
13155
7895
10780
8246
13856
8927
10369
6142
10420
5410
10269
5480
11852
5490
11171
5971
10861
6111
10489
5981
15850
5430
11070
6121
10710
5931
10850
6152
14999
6051
14277
6152
13896
6091
11922
6121
10670
5670
16370
10309
6001
10310
6001
10570
5931
10379
5941
10349
5981
10309
6072
10680
10269
5580
10280
6022
10509
5991
10509
6071
10550
6081
10350
6081
10289
5410
10339
5340
10350
6052
6071
12293
5971
10409
5941
12183
5961
5941
11351
5941
14437
5951
12153
5941
11261
6042
10450
5981
10930
5961
6042
12072
5951
10550
6002
6011
5911
5971
6051
5911
5931
7935
6022
5541
10500
10319
10340
10319
10589
10329
10320
10580
5991
10359
12483
10309
12092
10319
5952
10269
10420
10289
6031
10389
12794
10489
11872
10420
11191
10259
10410
10920
5901
10510
10400
10379
12854
10640
13605
10300
13064
10420
11952
10270
6121
10570
12965
5941
14046
10420
12223
5931
10700
10640
5981
10310
13375
10299
16451
10349
14627
10429
12955
10410
10329
10440
10570
10299
11522
10079
12584
10039
10320
10791
11090
15770
13385
10439
14327
11041
12223
10559
10981
10580
10490
9939
10720
8065
10189
7975
13255
11071
10620
14547
10991
10850
10549
10820
10670
10931
10820
10560
10029
10801
13275
11061
11071
10670
9978
10370
10520
10921
10970
10129
7944
10530
10079
10340
10439
10981
6101
10470
10039
10429
10009
10259
8907
11051
8856
10310
11081
10290
10159
10380
9037
11061
9187
10079
8827
10399
11131
10389
10569
10930
5921
10430
10870
5951
6031
9928
5921
10109
10880
11321
11071
11060
11572
10981
11281
10910
11071
10018
11201
11111
10019
11161
11181
10951
10971
10850
11070
10991
7875
11151
10058
9989
10980
7864
11141
10049
10350
8957
10159
5911
10480
11060
10309
10078
11000
10760
38732
10730
10990
10740
10961
9898
10510
10499
10470
10310
10360
10660
10199
10359
10189
10420
10930
11070
10880
10500
10961
10990
10339
11221
11030
10309
10901
13576
10450
10920
11031
10620
10841
10951
10420
9958
10179
10460
11101
11151
10349
10459
10610
10549
10440
10890
10280
13075
10499
10359
11081
11061
5921
11141
11010
10960
10951
10510
10469
10369
10299
10339
5941
10400
11291
11050
10500
10750
10379
10290
10440
5841
10330
10430
10420
5931
10490
6011
10410
6001
5911
10380
6152
10369
10530
11001
7905
10940
6583
10419
5921
8166
10429
6071
11031
10901
10920
7955
10981
5931
10239
5911
9868
5951
11040
9879
10099
11101
10850
7905
10881
10910
11201
11071
11251
10971
10931
11131
11161
11171
10970
10971
11061
10881
10941
10890
10981
10991
10971
10960
11071
11051
10971
10841
11091
10830
10921
10239
10470
11091
10950
11091
11001
10951
11091
11101
11000
10870
10860
10970
11131
11111
10860
10990
10880
10339
10400
10921
11000
10931
10900
10930
11011
11191
10971
10951
11010
10981
11251
10891
11031
11061
11031
11041
11000
10990
11151
10891
10971
10961
11040
11231
11011
11121
10960
11141
11110
10971
11341
10460
10289
10941
11061
10930
11091
11000
10910
10930
13315
10821
11141
10980
11041
11011
11000
10469
10901
10960
11040
10970
10830
11020
11221
10009
10049
11050
10870
10991
10960
10980
11071
7784
11001
10951
11231
10890
11041
13756
10891
11151
11001
11221
11001
10971
11080
11151
7835
10119
10480
11151
10920
10430
12353
6052
5971
9879
6031
9057
9868
11080
8195
10971
7804
11091
10960
10900
10009
10980
7885
11070
8035
10990
10119
10791
9588
11051
8004
11011
11161
11011
11151
11010
7945
11051
10941
6051
9908
10510
10860
11021
10981
7865
10850
10830
10880
10119
11011
8085
10990
7955
11091
9878
10960
10960
11061
10961
11161
5360
5951
10921
11191
10951
11021
10941
11010
10971
11321
11070
11010
10931
8145
10990
7774
11010
11001
11141
10960
11061
10890
11011
11131
7855
10830
11151
11130
11121
11070
7875
11071
10930
11281
10901
10910
11171
7774
10931
11011
10169
11090
11051
11121
10880
10871
5310
11031
10791
7854
7894
10970
10009
11031
7985
10910
10089
10259
10029
9939
10700
9988
10089
11000
10890
11201
7895
11271
11011
11141
9989
11041
11090
11081
11011
7965
11140
11191
7814
11061
10961
11081
11020
11010
8005
10960
7875
10970
7934
10961
7915
11011
11211
11160
11021
7915
10931
11131
11131
7955
10930
7885
10951
10049
10890
11131
11081
7875
11131
11111
11181
10970
11021
11061
7905
11071
11091
10881
10960
10970
11030
13174
10921
11040
10961
7804
11021
14507
11070
10180
10870
11311
7794
19697
10920
10991
10119
10940
11101
10830
12082
11020
11271
10911
10890
10991
7864
10860
7865
11061
11181
10840
11171
10850
11111
11221
11071
11050
10960
11071
10951
7935
10980
10910
11231
8015
12624
7875
10901
10981
11021
10990
9978
7905
11030
8015
10990
10149
10089
10018
7845
10710
10971
10600
10951
8105
10509
7905
10910
10459
11141
10499
7985
10920
10510
11191
10420
7865
10971
11642
10810
8005
10360
7874
10890
10610
10991
11131
10900
8857
7904
11051
10059
11100
10380
10039
11351
7835
10981
10931
10910
10860
12704
11060
11041
10309
10409
10851
10921
7824
11081
10900
7965
11071
7985
11030
11020
11001
10900
7864
11001
11031
10409
10941
7885
10890
11071
10921
11050
11120
7894
10801
11111
11151
11211
11111
10069
9939
11021
10870
11000
11081
11060
10980
10970
11041
10931
11111
10950
10981
10871
11050
10880
11031
10780
11131
11332
10991
11271
10970
11001
11151
11091
11010
11121
10941
10921
10900
11020
10921
11061
10950
11041
11251
10971
11121
10991
11041
10931
11531
10910
11412
11251
11030
10901
11040
10941
11171
11081
11030
10089
11481
11031
10149
11150
11060
11051
10951
11551
10439
10990
10891
9928
10570
10430
10339
9989
10480
10409
10861
10519
10359
9858
10399
10389
10961
11001
10871
10991
13956
11171
11020
11000
10910
9999
10920
11051
10971
10931
11081
10971
10119
11051
11161
10991
11071
10950
11000
10009
9998
11001
10910
10971
10900
11130
11211
11101
11061
10981
10169
10940
10870
9898
11291
11040
10970
10990
10881
10950
9989
10549
5941
10029
10349
10620
10931
10580
10449
9969
10430
10580
9938
9067
10370
10991
10480
8996
10290
10870
10550
10059
5981
10359
11211
10460
9939
9367
10540
11020
10279
10380
11001
5881
10410
10018
10330
10470
10921
11001
11060
11131
9958
10088
9939
9938
10249
12183
10329
10189
9918
11041
10890
11181
10811
10871
10960
11061
11030
11061
10880
7925
11141
8105
10880
10830
10971
9768
10730
9969
10089
9979
10861
10860
10019
10811
10450
10810
11121
12243
10379
10079
10690
11020
11272
10299
11191
13205
10449
10920
13655
13936
10420
10700
10009
13185
9999
11161
11081
10329
10189
10981
14356
10920
10329
11131
10991
11000
11081
11171
10970
9889
10360
10991
10921
11040
10881
10890
11081
11060
10940
11281
10920
11111
16771
11061
10861
10019
10940
11001
11051
11011
11090
11051
11391
9859
11101
10911
11231
11061
11101
11291
11191
11361
10981
10940
11090
10901
10950
11091
11071
10870
11091
10880
11050
10881
9918
10069
10961
11411
10930
10870
11351
11121
10980
11011
11071
10931
10980
11111
11051
11612
10840
11051
10620
10880
10980
10971
11031
10740
10981
11232
9939
10880
11010
10831
11050
10820
10690
10450
10910
10911
11041
10830
11051
11111
10971
10921
10881
11021
10940
10850
10931
10940
11000
10980
11061
10971
10911
9928
11081
11271
11562
10890
10980
11331
10499
10379
10239
10540
10771
11081
10821
18865
10109
10950
10900
10981
10910
14848
10329
9899
10600
10821
9999
10770
10499
10791
11151
11010
16812
10960
11352
10409
10199
10971
10880
11051
12854
10960
9878
11141
10970
10980
11050
13516
11251
10480
11150
10510
11030
10881
10920
11031
11201
11061
11040
10941
10560
11061
10911
11231
10930
10851
11000
11131
10970
10400
10880
10800
11021
11261
10991
11101
11001
10981
11151
8035
10960
11001
7865
14036
11041
10931
11041
10960
11151
11011
10009
5470
10940
5270
11962
10910
9919
11131
10941
10991
10880
10910
10971
10951
5250
10550
10820
11131
11071
10981
10980
11081
10901
10970
10159
7935
11252
7985
11121
10901
10180
10199
10981
7945
11001
5370
10379
10991
9989
10850
10870
11091
11001
10921
9908
9988
10991
10921
10921
10951
11051
11181
11041
10971
11111
13745
11071
7905
11051
10800
7834
13134
11031
11000
10940
11061
10990
11221
11091
11311
11302
7865
10970
10840
10870
10980
10830
7965
10891
7955
10821
10990
10950
11050
7805
11040
10990
11071
11111
7935
11071
11101
10940
10900
11071
11011
8025
10870
11091
11031
11051
11271
10910
10890
10971
10970
11141
11040
11101
10790
11020
11341
11001
10880
11151
11060
11040
11091
11060
10931
10960
11171
10871
10881
10900
10860
10910
11090
11051
11191
10941
11021
11061
11191
10970
10861
9888
11081
10880
10871
11271
10901
10490
10991
10440
10820
10490
11031
10981
10981
10099
10219
11091
10961
10960
10079
11051
11011
10970
10901
10990
10079
11050
10941
10139
10971
11120
9989
11100
11101
10910
10910
10009
11141
11051
11371
11111
10761
10219
10009
13635
11271
10009
15379
9988
11061
10881
11201
10850
11352
9928
10911
10400
10349
9979
11171
10009
10960
10059
13906
10450
10068
9998
11010
11141
10941
11111
10008
11050
10510
10760
10049
11191
11051
10369
10940
11131
10660
10990
10400
10701
10960
11171
10900
10389
10159
11061
11121
10831
11131
10890
10831
10920
11151
10770
10259
10951
10980
11101
11021
11101
11011
11171
10951
11221
10930
11161
10950
10009
10930
11301
10971
11010
10169
10850
10991
11442
9989
11101
11081
11091
11131
11181
10099
11231
11060
10941
11060
11061
10961
11161
10981
9959
10990
11211
11271
11201
11261
11051
10961
11031
11241
11000
10489
10089
10209
9979
11211
10870
10129
11141
11381
10920
11061
11121
11281
10800
13866
10109
10941
10800
14747
10851
10980
11031
10930
11121
11702
10991
11061
10800
11252
11021
11041
10921
11051
10970
10059
10810
10790
10941
10931
11341
9828
10970
11091
10991
11140
9929
11001
10971
10109
10449
10439
11031
11001
11001
11011
11071
14397
10930
10861
10961
10971
11111
10870
11090
10971
11050
11191
10931
10921
10830
10811
10901
11081
11011
11001
7825
10911
11051
11000
10019
11001
11000
11111
11160
11101
13715
10049
10079
11010
10920
10089
7865
11081
11642
10971
10219
11111
11071
10930
11030
11141
11091
5320
9969
10309
11000
11030
8105
10870
7835
10871
10280
7845
10931
7925
10881
10731
10179
10410
11031
7795
11011
11051
11080
9968
11071
10930
11231
10630
10549
9878
8015
10981
10008
13796
10981
10991
10820
10941
11050
11000
10880
11251
10981
11070
10089
10800
7975
10981
7845
11090
11030
10960
11101
10991
10840
11050
10399
10640
9989
10991
11020
10861
10970
10750
10410
10950
9938
10039
11061
10460
10290
10449
10950
10710
10270
11261
10670
10319
11011
10429
10349
10900
10580
11090
10991
11011
11181
11011
11251
10440
10790
10299
11051
10941
12193
11111
11151
10980
11011
11231
10941
10891
10971
10960
11161
11050
11011
10931
9929
10009
10890
11101
13536
10911
10921
11221
11091
10970
10951
11071
10910
10820
11101
10430
10921
11061
11001
11021
11061
10920
10910
10940
10880
11061
11041
7894
10970
7924
10279
10990
9998
10038
10840
10910
10980
10871
11041
11031
11001
11091
10830
11051
11001
10941
10911
10901
11001
11040
10920
7865
10900
10019
10911
10048
10199
11031
11081
10830
10790
10891
11021
11000
10920
11171
10129
9938
11010
10920
11081
10920
11010
11050
10971
10900
11051
11091
11261
11141
10990
11231
10810
10870
10890
10921
11091
10911
7705
10941
10980
10911
9998
10991
10991
11091
11011
11180
9999
11041
10991
11050
11141
10950
10890
11041
11161
11071
11110
11040
10400
10981
10600
12484
10039
17853
11221
9979
11021
11231
11051
11362
10940
11301
9918
10900
11141
9939
11272
10901
10881
10129
11241
11111
13355
10971
11041
10891
10890
10961
11101
11121
11031
11071
10149
11071
11090
10971
11141
11060
9949
13024
9959
11371
10429
10900
10720
13595
22823
12043
10380
10850
11121
11091
10870
11041
10840
10139
10980
11682
9898
10880
11021
10880
11111
11060
11001
11191
11050
10029
11001
10039
11121
10360
14798
10380
10910
10890
11091
10961
10610
10940
11211
10600
10119
9979
10660
10640
11121
11221
11090
10289
10720
11051
11141
11181
11100
10880
10920
10981
10850
11011
10870
11051
11090
11111
10980
10940
10059
11040
11171
10961
11190
10990
10139
10970
10460
11001
11231
11582
9758
11191
11091
10961
10910
10871
10310
10139
10991
11060
10840
9948
9999
10079
11000
11141
10079
6071
10339
10910
11131
13035
11101
11120
11070
10931
10780
11011
9888
10459
10840
11011
10950
11001
7835
10961
7925
9978
11061
10059
10991
10460
10520
10850
10099
10931
11081
10089
11000
10910
11151
10881
9919
11180
10139
11091
9988
10029
10900
11051
11060
21370
10670
7364
10369
5570
10570
5952
11762
6041
10429
6122
10820
6021
10330
5510
10540
5460
10620
10269
10630
10360
10500
10390
10500
10460
10360
10509
10299
10339
10560
10419
10409
11191
11031
10981
10570
10390
10370
10970
10459
10740
10510
10450
10460
10389
10329
10449
10409
10520
11321
11081
11141
10460
10400
10469
10479
10359
10430
10510
10440
10670
10330
10340
10981
10429
10620
10450
10630
10349
10460
10660
10470
10400
10530
10399
10680
10400
10289
10450
10751
10480
10370
10450
10430
10610
10400
10459
10409
10349
10410
10299
10590
10539
10499
10450
10520
10379
12123
10389
10530
10380
10369
10980
11131
11001
10430
10529
10439
10770
10640
10440
10390
10320
10660
10309
10570
10470
10470
10400
10339
10520
10480
10219
10370
10430
10731
10430
10440
11071
11051
10590
10550
10360
11010
10890
10329
10539
10470
10409
10409
10449
13435
5450
12013
6012
10339
6061
10420
5972
10349
6102
10510
5951
10420
5962
11922
5931
10439
6022
10760
5921
10470
6903
10570
6072
10600
5942
10490
6021
10549
5991
10479
6002
10309
6081
10349
6081
10440
5380
10440
6061
10490
6021
10339
5981
10841
55594
10549
10560
10349
10449
10440
10500
10289
10530
10400
10660
10429
10360
10419
10590
6051
10209
10319
10339
10540
10479
5921
10470
10470
10479
5310
10390
10380
15458
10389
10389
10420
10429
10379
10630
10460
10309
10450
10420
10370
10510
10580
10429
10450
10941
11111
10710
10379
10269
10280
10610
10449
10369
10319
10349
10429
10399
10409
10369
10459
10479
10379
10369
10399
10499
11121
10950
14838
10540
10239
10340
12323
10450
10409
10479
10419
11010
11101
10379
10339
10430
11812
11602
12895
11983
10289
10560
10680
10519
10429
10259
10520
10960
10390
13135
16270
10370
10330
10350
10380
10489
10550
10400
11030
10851
11882
10379
10229
10600
10400
10410
11071
11131
10871
10459
10589
10399
10300
10620
10559
10340
11923
10400
12414
11011
16361
10700
10460
10400
10450
10610
13585
10299
10540
10410
10319
10490
10359
10400
10380
10410
10359
10279
11862
10419
10329
10490
10409
10389
10370
10319
10299
10590
10419
10901
11071
10800
10400
10359
10479
10329
10480
10509
10299
10780
10379
10991
11201
11040
10379
10620
10540
10379
10339
10419
10360
10470
10330
10309
10600
10910
11732
11121
10770
10479
10319
10380
10230
10339
10379
10459
10510
10309
10630
10460
10520
10350
10360
11090
11081
11121
10479
10780
10480
10429
10319
10509
10370
10430
10490
11001
11101
10400
10319
10310
11001
11101
10430
10379
10580
10459
10349
10680
10880
10650
10410
10340
10279
10630
10259
10369
9107
10379
8105
10840
5460
10760
5440
10810
5330
10540
5390
10520
5410
10319
5460
10730
5490
10790
5380
10330
5360
10750
6141
10810
5380
11722
5460
10700
5320
10831
5420
10951
5430
10770
5380
10780
5380
10530
5411
10340
5450
10971
5501
10510
5510
10700
5430
10791
5410
10650
5470
10620
8155
10800
5401
10780
5430
10740
5370
10610
5500
10489
5390
10379
5360
10750
5380
10670
5470
10620
5460
10560
5351
10750
5320
10529
5401
10790
5460
10830
5340
10710
5430
10801
5320
10861
5410
10670
14978
10901
5370
10680
5420
10700
5391
10700
5570
10761
5490
10740
5531
10600
6272
10279
6071
10390
25237
10279
5971
10710
10509
12443
10340
10430
10410
10429
10650
10600
10500
9007
10589
8867
10329
10339
10439
10369
10680
10400
10730
10420
10590
10229
10580
10320
10269
10319
10590
10540
15379
12043
10490
11131
11021
10449
10489
10389
11081
10970
10329
10500
10650
10289
10380
10419
10310
10379
11091
10390
10740
10439
10479
10459
10450
10359
10539
10570
11191
10290
10389
10530
10279
10460
10359
10359
10390
11091
11040
10560
10510
10430
10510
10540
10309
10240
10640
10450
10670
10510
12082
10600
10489
10320
10489
10370
10599
10300
10460
10419
10400
10640
10670
10410
10600
11050
13465
11031
10429
10360
10340
10580
10359
10369
10600
10540
10540
10600
10379
10470
10479
10319
10630
10951
10409
16411
10459
11191
10640
10439
10529
10409
10389
10690
10570
10440
10479
10610
10079
10479
15469
10750
10640
10540
10920
10600
10309
10058
10549
9998
10399
11031
12062
11231
10650
12103
10940
10349
10289
11051
10460
10429
10901
10499
10369
10920
10500
10439
10600
10901
10350
9919
10991
10490
10951
10569
10730
10921
10440
10350
10068
10530
10340
11071
10419
10510
10900
10640
10380
10921
10399
10560
10931
10469
10269
10520
10500
10940
10720
10389
10970
10520
14247
10459
10470
11061
10680
10510
10931
10439
11271
11061
10370
10570
10950
7835
11261
10971
11040
7975
11151
8215
10410
6001
10379
6041
10439
5430
10470
6112
10360
6101
10399
5981
10419
7144
10359
5972
11962
6082
10390
5951
10319
5992
10409
6011
10390
6051
10420
5310
10550
6052
10720
6051
10360
7344
10399
5981
10720
6062
10359
5961
10440
5961
10440
5391
10259
5380
10339
6022
10590
5982
11973
6031
10419
6021
10560
6081
10340
6131
10319
6021
10450
6001
10450
5340
10400
6022
11902
5951
11411
5951
10509
6011
12463
6021
10309
5981
10600
6162
10430
6042
10299
6191
10580
6031
10389
6022
10430
6101
10419
5961
10440
6022
10480
5962
10189
6082
10289
6022
10320
5440
10419
5961
10290
6021
10299
5270
10400
6983
10459
6232
10369
5992
10200
6071
10300
5390
10470
5962
10409
6072
10520
5450
10380
5741
10740
6021
10670
5300
10550
6011
10229
10329
5911
10359
5951
10280
6061
10329
6072
10470
6041
10279
6072
10580
7875
11031
7965
10550
5921
10349
5320
10390
6071
10320
5982
10410
5310
10330
5971
12163
6072
11502
6051
10490
6071
10370
6021
10529
6011
10459
5931
10380
5300
10340
5299
10339
6132
10380
6091
10269
5921
10519
6031
10450
6021
10359
6082
10660
5440
10450
5260
10479
6041
10290
5390
10580
5390
10570
5981
10239
6072
10279
5971
10410
6272
10399
6001
10359
5360
10570
6032
10600
6031
10499
6031
10419
5991
10359
8185
10530
6041
10430
5431
10389
6021
10320
6011
10429
6021
10530
6031
10370
6001
10410
5951
10520
6092
12213
5952
10310
5440
10370
5259
10720
5941
10360
5962
10720
6132
10781
8005
10449
5971
10390
6141
10439
6061
10339
5270
10409
5470
10379
6192
10299
5991
10479
6081
10249
5971
10349
6072
10390
6001
10379
5991
10590
6071
10249
6071
10409
6091
10469
6052
10489
5971
10429
5420
10529
9588
10470
6032
10640
5410
10670
5370
10730
10460
10430
10399
10961
10820
18836
10340
12183
10350
10480
10259
10440
10420
10519
10259
10650
10410
10329
10279
10419
10369
10529
10369
11000
10860
17573
11241
11070
10660
10450
10290
13064
10370
10429
10209
10529
10690
10600
10499
10700
10579
10349
10379
10439
10540
10430
11020
10920
11151
10800
10449
10490
10309
10319
10389
10509
10389
16371
11221
17273
10480
10320
10560
15649
11291
10540
10259
11111
10600
11331
10359
15650
10419
10470
10941
11021
10910
10419
10410
10810
10459
10540
10440
10319
10440
10469
10520
10349
10360
10469
10349
10459
10450
10380
10339
12453
10409
10420
16351
11151
10399
10560
10530
10690
10480
10470
10159
10410
10400
10429
10580
12774
10470
10299
10499
10300
10279
10369
10299
10369
10449
10420
11141
11000
11001
10309
10289
10510
11872
10499
10349
10410
10390
10520
10439
10700
10360
10981
11271
10590
10390
10380
10379
10440
10480
10359
10429
10369
10319
10530
10219
10300
10409
10420
10259
10439
10650
10430
10599
10480
10499
10400
10590
10519
5982
10209
5921
11081
10059
10479
11021
11070
10921
11080
11512
10660
11221
10420
11041
10469
10910
10489
11191
10489
11041
10470
10990
10489
11201
8937
10359
12393
11071
10159
11221
11101
11251
11121
10950
10930
10910
10940
11011
10850
7735
11061
10941
11231
11021
11000
7885
10950
11131
10920
7865
11060
10930
10960
10019
11061
7915
10941
10951
10970
11101
10961
10980
10931
11151
7844
11101
7855
11061
11201
10911
10029
10891
11041
10991
7955
11061
7925
10970
10360
7925
11983
10199
10921
10940
11171
11150
11131
7845
11161
8055
10901
10209
10980
7945
10890
11141
10951
11361
10840
11011
11211
10870
10921
7825
11090
11000
10941
11442
11071
7965
11150
7885
10019
10290
10680
10921
10961
11161
10139
5981
10359
10249
11001
9959
10921
8065
11021
8005
11101
10960
11151
11211
7945
11101
10940
10980
11051
7934
11081
11161
10840
11110
11110
10921
11312
10931
11081
11131
9989
10900
11020
11191
5981
10490
9858
11141
10970
11091
11121
11080
10920
11231
11101
5861
10430
10079
5861
10940
10991
11041
10980
7814
11051
10570
11021
10540
10971
7995
10280
10991
7845
10500
10900
7945
10600
7894
10950
10419
10891
10239
10941
10459
10970
10410
10970
10329
11141
7915
10400
7944
10980
10499
11181
10289
10920
10490
11091
29766
11020
10480
10981
10339
11051
10389
13194
10169
10961
10399
11041
10300
10940
10269
11151
10369
10139
10720
11061
10890
10850
10410
11101
10299
10500
10920
10420
10289
11020
10550
11391
10129
10499
10640
10249
10439
10440
11151
11041
10840
10350
11832
10089
10479
17593
11171
11612
10410
11070
10590
10539
10088
11251
10901
10369
10951
10580
10429
10971
10690
10400
9929
10470
10650
10860
10419
10170
13575
10350
11031
10339
10660
9958
11061
10340
10039
10440
10860
11001
11071
10449
11131
10981
10700
11141
11021
10550
11020
11161
10851
11060
11031
11672
10309
10599
10810
10449
10329
10500
11001
10931
10369
10981
11010
11121
10560
13866
10930
10981
10690
10960
11001
10420
10931
10961
16732
10300
11041
10279
11060
10459
10459
11081
7945
11431
10149
10509
10579
11491
6071
10009
5971
13305
10129
10219
12243
11051
11552
11091
16251
6132
11051
7895
11572
10921
14698
11372
10039
11201
11261
11001
11011
11091
11021
11111
11031
10980
10209
11772
8135
10921
7965
10971
11100
11071
9939
11351
7845
11000
7804
11241
9898
15279
10059
7995
11582
11090
11261
11091
11241
10900
11011
10590
10540
11151
11080
10890
11041
10470
10350
11191
10330
10409
11131
10459
11100
10530
11081
10981
11031
11071
11151
11041
11000
11041
11061
10990
10950
10068
11021
11041
7925
11361
10910
10821
11452
10941
7965
10951
11451
8906
10540
11071
9978
10931
9778
10870
10660
10860
10379
10219
10169
10309
13676
10179
9958
10570
9999
9918
9678
10099
9648
9598
9538
9337
9388
8797
8676
8606
8536
8586
31379
8366
8256
8245
8185
8015
7975
7945
7945
7905
7855
7775
7614
7564
7473
7414
7404
7214
7243
7124
7093
7054
6983
6823
6923
6692
6562
8135
6483
9408
6823
6722
6712
6602
6422
6362
6392
6412
6152
6001
5992
5961
5941
5961
5801
5851
9087
5511
5520
5320
5109
5040
5210
4969
5200
4749
4639
4990
4579
4679
4298
3727
4449
4418
4358
4238
4208
4137
4098
2194
3897
3868
3777
3697
3727
2715
3497
2465
3296
3356
3307
3106
2174
3036
2996
2625
2816
2535
1984
2525
1833
2465
2374
2314
2285
1613
2064
2044
1933
