2044
20028
13045
10299
10940
10530
10991
10499
11261
11472
11281
11501
11281
11602
11502
10870
10510
11321
11372
11362
10389
11311
11512
11301
11442
10450
11722
10850
10560
11451
11451
11551
11382
11602
10510
11572
11541
11462
11251
11381
11431
11351
11502
11421
11402
11471
10961
10740
11712
11431
11521
10760
10951
10910
12012
11492
11742
10670
11682
10540
11481
10660
10690
11642
11331
11491
10630
10459
11652
11512
11601
10379
10660
11321
11441
11632
10319
12183
11331
11312
10670
12703
10950
11592
11501
11582
10520
11501
11512
11792
10760
10399
10410
11501
10370
10550
11652
10700
11532
11332
10249
10479
8817
10560
10881
10850
8787
10820
10851
11542
11322
11431
10459
11381
11562
11361
12123
11412
11492
11752
11311
11261
15499
11422
11892
11652
11502
11732
10700
10490
11221
11782
11672
10880
11582
11392
11822
11382
11411
11301
11542
11241
11151
11451
11492
11823
11391
11702
11101
11461
11582
11461
11271
11752
10991
11581
11461
11020
11492
11561
11682
11281
11371
11421
11362
11401
11822
11902
11482
11141
11331
11551
11682
11502
11582
11432
11111
11903
11352
11101
11401
11481
11591
10530
10450
11391
11401
11191
11461
11271
11762
11482
11572
11621
10670
11581
10450
11772
11321
12243
11692
11481
11712
11261
11812
11622
11431
11712
11412
13967
10650
11722
11662
11441
12143
11451
11591
11521
11291
11943
11642
11932
11591
11281
11642
11482
11722
11492
11442
11652
10700
11531
11241
11592
11431
11822
11472
11432
11432
11552
11612
11572
10960
11522
11822
14948
10711
13876
10920
12563
11421
11481
11471
11552
13686
10480
11652
11752
11692
11381
12994
10830
11862
10891
11892
11462
11442
13084
11612
11541
12002
13004
10530
11231
11712
11681
11912
11441
11441
12623
10910
10810
15719
11542
11832
11392
11562
11551
11421
11231
11452
10590
11782
11672
11832
11472
11502
11782
11581
11411
11783
11492
11702
11842
11402
11601
18935
11071
10951
11632
10780
11411
12153
11451
12323
11572
11832
11361
12163
11241
11311
11441
11602
11742
11321
11832
11432
12063
11662
11943
10430
11070
14588
10810
10891
10710
11562
11672
11441
10500
19637
10830
8295
10830
10900
10540
11201
11271
10460
11712
11571
11872
11802
10860
14026
10590
11171
10480
10519
11402
12132
11462
14327
11622
19677
11552
12273
10710
11922
11521
11392
11411
11942
10670
13004
11581
14878
10389
12152
11381
10540
11672
12143
11422
12122
11341
11622
11312
11963
11411
11572
11471
10590
11411
12143
11401
12153
11471
11672
11632
10580
10479
12353
11421
12182
11291
11982
10440
11561
10890
10620
11561
11532
11441
8316
11412
10660
10800
11521
11502
11071
12293
11652
11362
11622
11592
11482
11442
11732
11702
11782
11511
11461
11581
11562
11572
11822
11542
10560
11612
11471
11612
11642
11361
11452
11501
10519
11531
11602
11641
11412
11622
11792
11712
11251
11662
10931
10850
10620
11001
10810
10700
10901
11041
11492
10730
11021
10440
10980
11602
11652
10730
10670
10490
8416
11331
11712
11492
11532
8256
11531
11552
11552
10821
10880
11030
11782
10870
10981
10850
12754
8386
10841
8245
11301
11701
11371
11401
11481
11672
11842
10730
8466
11641
11482
8375
11622
8426
8235
9428
11652
8316
10539
10600
8726
11421
8286
8276
11471
8235
10650
10480
10610
8445
11371
8265
5831
10941
8156
11612
11451
11512
12644
10740
10940
11712
11661
10890
10820
11051
8285
10831
8455
11431
11522
8206
11432
11592
8346
6232
11011
8305
13325
11662
8325
8225
11622
8496
11512
11612
8245
8275
11552
8295
11351
8155
8235
11251
8366
10800
8386
8326
8326
11611
8316
11542
11451
11612
8276
11451
8296
8396
11442
8266
11562
11411
5780
12033
8186
5741
8285
10941
8396
10510
8365
8386
8216
11421
8445
10660
10770
8385
8306
11391
8375
11492
11692
11632
8296
8366
6462
10860
8356
10459
10439
11512
8897
11682
11652
8275
11532
11532
10500
6252
8285
8356
11361
8255
10550
10560
8276
8115
11261
9828
11521
11782
11431
8306
11471
6423
10780
6271
8315
6302
10921
8516
10991
8356
6562
10790
8586
11552
8215
8196
8395
11772
8295
11542
11742
8446
8265
8326
11481
11632
10640
6863
10910
8145
6292
11121
8376
11572
8346
11292
8276
8226
11301
8766
11652
8486
8296
11491
11592
8265
10430
11571
10649
9207
11592
10710
11461
10790
10920
8186
10951
10399
8275
11552
10580
11952
8326
10469
11532
11422
11362
11422
11591
11482
11472
13025
11372
10620
10841
11110
10460
11411
11422
11632
10559
11431
10820
11581
11692
11402
11521
10540
10650
10550
10380
11392
11702
11521
11581
11561
11271
11542
11401
10781
11422
10811
10840
10640
11441
11351
11412
10549
10820
11452
12032
11412
11382
11451
11762
10680
11502
11562
11551
11722
10980
10930
10539
11451
11712
11562
11512
11110
10881
10640
11621
11471
11582
10931
10900
10600
10480
11632
10750
10730
11341
11582
11271
8386
11531
11902
11592
11311
11451
11461
10991
10971
8325
11001
11822
10580
11492
11461
11401
11361
11391
11512
11341
11361
11942
11532
11381
11592
11391
11662
11311
11621
11441
11422
11461
11482
11822
11661
11552
10480
11842
10891
12764
11542
11862
11332
10850
10540
11412
10710
13445
10399
11591
10480
10580
11451
10750
11492
11582
11431
11551
10550
11512
11372
10510
11511
11662
11582
11561
10560
11551
10629
11401
10539
11442
10560
11561
11471
11662
11591
11471
11521
11461
11492
11612
11411
11641
14156
11582
10449
10500
11291
11371
10600
11521
10550
10730
10460
11402
11461
11432
11381
11461
10490
11641
11491
11411
11772
11392
11301
12082
11411
11471
11461
11542
11561
11632
11682
11722
11742
11592
11522
11351
11482
10850
11491
11502
11532
10970
10860
11582
10820
11451
11361
10890
11001
10560
11872
10700
10439
11372
11452
11392
11381
11271
11562
10650
10600
11462
11521
11391
11622
11381
11502
11582
11291
11372
10449
11411
11482
11732
11592
8235
11622
11602
8345
10590
11411
10409
11552
11632
11542
11351
11431
11341
11441
11822
11621
11552
11591
10570
11692
10539
11221
11401
11472
11461
10369
11542
11422
10460
11261
11572
11401
11512
11551
11401
11461
11481
11893
11531
10930
11051
11521
11502
11752
10560
10720
10970
10570
11401
11512
11372
11582
11482
11571
11702
11201
11472
10890
10771
10900
10920
10770
10940
11762
11661
9327
10791
11311
11642
10950
10850
10821
11071
10970
10970
10870
10660
10690
10780
10891
10860
10860
11532
10439
11512
11742
10570
11361
11381
11382
11521
11572
11282
12994
11602
11511
11492
11652
11692
11492
11662
11512
10821
10519
11482
11402
8306
11271
10600
8346
11442
11461
11512
8316
11592
8456
11561
11551
11762
8556
11501
8235
10639
11471
11521
10570
10430
10549
13305
10921
11081
10610
11592
11452
11622
10660
10660
10620
11652
8346
11471
8226
12183
11371
11552
11371
11531
11542
11822
8276
11692
11501
13596
11471
8426
11512
11551
8345
11461
11411
11562
10470
11612
10379
10740
11411
10961
10921
10389
11632
11631
11862
10470
10610
10680
11491
8426
10570
8235
11432
11522
11481
11572
11742
11642
11702
10479
11442
11531
11472
11412
11412
11331
10950
19917
10509
11432
11482
11552
11451
11321
11241
10670
11421
11552
10499
11572
11442
11582
11441
11612
10519
11552
11292
11521
11612
11452
11351
10600
11531
11532
11541
11452
10399
12663
11782
11532
11512
11482
11422
11211
11431
11382
11481
11401
11431
11281
10761
11311
11642
11371
11592
11341
11541
11371
11401
10649
11692
11522
11632
11411
11582
11501
11491
11622
10710
10710
10470
11592
10490
11712
11441
11351
11461
11391
10399
11561
11331
10649
11722
11501
11261
11461
11522
11481
11682
11451
11361
11312
11361
11572
11542
11592
11532
11461
12473
11391
11812
17072
11482
11421
11892
11782
11481
13585
11441
12053
11402
10470
11982
10770
10530
11581
11402
11471
10639
13114
11472
11491
12504
11522
11562
11471
11581
10350
11572
11481
10520
11572
11391
11372
11833
11572
11452
11381
11401
11552
11472
11321
34114
11742
11662
10900
10791
10770
11422
11532
11381
11381
11451
11361
11321
11662
11581
11522
11411
11351
10991
10951
10459
11512
11412
10570
11201
11622
11642
11532
11441
10750
11341
11511
11582
11652
11702
10569
11782
10469
10509
11762
11492
11452
11441
11411
10549
10780
10520
10560
8276
11792
10740
8175
11482
11421
11371
11692
11341
12023
11482
10480
8326
11461
14017
11461
11481
11522
8376
11482
8406
11341
11722
11591
11451
8276
11572
11662
10690
9478
11521
9528
11351
11331
11081
9477
6342
8395
10570
6292
10790
10760
10970
11422
10940
10861
11652
11111
10960
13275
10860
11050
12994
12003
10550
10439
11321
11722
11522
11342
11532
10841
10910
10590
11511
11211
11481
10530
10650
10630
12153
11471
11381
11702
11562
11502
10880
10910
10780
11001
12995
10921
13124
10870
11241
10680
10480
11632
11621
11662
11352
13024
10971
10780
10440
11602
11462
11812
11451
11321
16902
11562
10289
19677
15719
11471
9578
10449
13886
11711
8375
10860
11451
10951
10369
10540
8185
11071
11582
11211
11611
10841
11782
11722
11813
10940
10940
10639
10910
11030
10640
11571
11412
12453
11482
11572
11461
11692
11301
11572
11782
11402
11672
11512
11652
10820
11442
11482
11361
11692
11562
11552
11601
11441
11412
11562
11482
11451
27651
11491
10620
11722
11482
11411
11572
11662
10490
10530
13876
11532
11411
10780
11762
11512
11762
10590
11411
11402
11632
10840
11491
10509
11321
11391
10860
10630
11471
18875
11531
10781
10459
10791
11672
11521
11672
11442
11452
11422
10630
11471
11071
11050
10770
10489
10540
11621
12734
11080
10660
10941
10871
11461
11612
11301
10620
11221
10600
10469
11662
11391
11451
11602
11581
11802
11742
11422
11642
11621
11482
10841
10821
10510
11061
10800
8576
11381
10790
10951
10519
11552
11372
10379
11601
11541
11432
11561
11601
10650
11612
11632
11532
11542
11071
10830
11531
11511
11521
11452
10560
10500
10820
11501
11572
10720
11511
10490
11582
11551
8326
11191
11452
11421
11552
10970
11000
10730
11482
11561
10600
11401
11542
11803
11361
11531
11582
11502
11441
11111
11582
11482
11381
11542
11511
10630
11411
11571
10730
10670
10640
11521
11371
11511
11601
10950
10910
10690
11342
11522
11692
11722
11521
10600
11762
11472
11471
11611
11592
10650
11652
11311
11742
11151
11651
11541
11702
11361
13486
11492
11381
10880
10981
10750
11402
11431
11631
11561
11341
10520
11682
11562
11501
11582
11502
11602
10770
11681
11451
11662
11552
10910
10801
10931
10589
11662
11611
10560
11462
10600
11712
10880
11682
11631
11391
11651
11481
11562
11501
11561
33262
11682
10640
10640
11592
11531
11652
10480
11652
11492
10530
11481
11411
11542
11772
11953
11602
11642
11552
11421
11642
11452
11271
10680
11291
11361
11391
11321
11572
12173
10399
13545
11381
10469
11471
12263
11491
15519
11331
12143
10330
11952
11842
11933
10710
14226
11211
10550
12153
11602
12243
11331
15209
10940
10841
11492
12103
11532
17503
10690
15659
11441
10580
11601
12143
10569
10540
11792
11511
11652
11872
10490
10590
10690
10629
10490
11341
11341
11622
10469
11522
11642
10519
11411
11442
10600
11692
11471
11472
11591
11562
11311
11321
11452
11221
11371
11201
11642
10600
11572
11441
11471
11021
10920
10680
11241
11241
11291
10831
6332
11581
11572
11482
10489
11581
11371
11542
11281
11562
11552
11521
11511
11562
11401
10620
11472
11792
11512
11672
11521
11391
11752
11372
11592
10880
10880
10479
11422
11411
11372
11411
11561
11331
11331
11862
11481
12042
11302
11431
10449
11331
11421
11502
11461
11542
11442
11632
11402
11481
11491
11642
11581
11472
11401
10390
11502
11882
11351
11432
11431
11481
11562
11502
11492
11441
11602
11441
11712
11011
11472
10811
11802
11681
11662
8255
11492
10680
12013
10480
11461
11291
11351
11511
10389
11832
11571
11672
11482
11732
11271
12754
10720
10730
11592
11391
10750
11361
11642
12784
11652
11501
11722
10450
10449
10550
11241
10750
10620
10499
8305
10640
11321
10640
10650
10740
11542
11923
11702
11501
11411
11792
11592
11622
11682
10449
11301
11792
10410
8276
11411
8225
11481
10509
10620
11281
10449
10439
11431
11562
11471
10490
11481
11602
11472
11641
11432
11512
11411
11491
10720
11402
11321
10600
10770
10489
10700
8285
10860
11562
10620
10600
10550
10389
11672
11672
11211
10911
10460
13395
11471
11121
10700
11551
11601
11481
11451
10449
11251
11511
11331
11481
11502
11591
11852
11381
10620
11522
11552
11601
10720
11592
11632
10490
11692
11762
11472
11571
11491
12033
11372
10589
11592
11381
11521
10650
11541
11852
11541
11371
10670
11541
11531
11431
11541
11502
11451
10630
11522
11351
11372
11411
11662
11622
12304
12513
11341
11482
11662
11481
8296
11561
12754
10730
11421
8456
11392
11682
10429
10509
8145
11562
11492
11652
11492
11681
11461
11521
11502
11331
10650
11442
11411
11512
11561
10519
11481
11291
11612
11421
11482
10560
10579
10549
10379
11451
10470
11501
10420
10670
10599
12213
10840
11793
11742
12103
11531
11822
11001
10430
11481
11962
11441
11421
10960
11501
12062
10580
12092
11351
11762
10720
15028
11471
12613
10489
12193
11652
11542
11251
11572
10620
14237
11471
11201
11442
11442
10830
11542
11662
10520
10740
10469
10519
10579
10520
11512
10811
10540
11501
11652
11331
10570
10379
11621
11632
10530
10590
11441
11642
10590
10449
11742
11471
11361
10670
10470
11681
10399
10700
11311
11331
11452
11531
11462
11502
11461
11000
11271
11531
11572
11592
11451
11452
11632
11692
11452
11482
11311
11692
11341
11020
11552
11441
11442
11702
11491
12163
11692
11622
11582
11492
11732
10780
10490
11121
8275
11682
8226
11341
11612
11090
9327
11462
8516
11592
10540
10860
10460
9809
11352
11331
11311
10479
11392
8225
11502
11632
11200
9277
10640
8285
11471
11612
13565
10761
11572
11632
11421
11601
8235
11462
8406
11501
10710
11732
11582
11582
11502
13254
11552
10650
11471
11452
10429
11261
11441
11581
11562
11793
11602
11441
11471
11452
11441
11451
11472
11742
11622
10500
11772
11622
11401
10760
11321
11481
10480
11492
11521
11772
10630
10750
11701
11321
12183
11422
11561
11792
11371
11562
11511
11582
11411
11642
11501
10619
11672
11441
11842
11472
11582
11522
11071
10900
10590
11462
11361
11361
11491
11452
11662
11572
11451
11361
10560
11702
11461
11371
11321
11411
11582
11912
11342
11402
11742
11361
11431
11571
11421
11522
11612
12172
11491
11581
10721
11652
11602
11372
11401
11551
11512
8345
11591
11722
11632
10490
11522
11611
11592
11532
11512
10610
10509
10369
10439
13355
11632
11552
11522
11461
11341
11492
10680
10941
11412
10950
10790
11472
11591
10560
10580
11332
11562
11391
11361
10490
11432
11471
11481
11561
12834
11331
11472
11531
11572
11401
10369
11641
11401
11421
11562
11362
11682
11431
11381
11412
11702
13004
10950
10520
11412
11422
11802
11352
11462
11982
11401
11581
11472
11592
11382
11562
11542
10620
11561
11581
11582
11421
11622
11662
11442
11632
11521
10339
11601
11412
10580
11451
11511
11501
10700
11451
9297
11111
10560
10460
11472
10499
11471
11441
11401
11943
8345
11652
12113
11843
17403
11441
11462
11642
11412
14647
11622
12093
11501
11421
12133
11501
11722
10730
10791
6272
12133
8295
13185
10660
11953
10400
11792
10429
11973
11371
11972
11462
11912
11231
12824
11391
11812
11361
11502
11562
11602
11632
11261
11601
10470
6211
10950
10650
11452
11421
11712
11451
11652
11411
11341
11502
10440
8316
10500
11672
8236
10589
11692
11442
10280
11491
11511
11462
11401
11431
8566
11631
12604
11862
11812
11581
12323
8305
11332
11561
10429
10820
10981
8125
11311
10380
11572
11221
11422
11181
11412
11371
11451
11802
11451
11621
11271
8396
11471
8175
10459
11712
11552
11522
11401
8296
11371
11452
11341
8607
11672
11481
11492
10449
10620
10409
11561
10680
11372
11481
11451
11501
11501
11402
11501
11452
11451
11402
11502
11512
11472
11571
11412
11642
11421
11331
11521
11642
11511
11352
11592
10690
11311
11802
11842
11742
10800
10800
11301
10549
11461
10570
10690
11371
11362
10470
11432
10409
11502
10991
11372
11461
10410
11602
10320
10380
11452
11722
11542
11471
11391
11301
10770
11622
10579
10971
11521
11542
11482
11391
10570
10860
11502
11401
11502
10510
14628
11392
11361
10360
10459
11291
11532
11522
10540
11401
11372
11411
11521
11542
11311
11522
11431
11331
11571
11532
14437
11422
11441
11591
10640
11561
11542
11411
10860
11311
11632
11471
11281
10489
11281
11312
11482
11462
10490
11672
11371
8406
10940
11462
10761
11452
11561
11402
11492
11291
10549
10460
11502
11742
11492
10319
11541
11181
11421
11542
11532
11352
11592
11692
11452
11362
10580
11852
11181
11401
10570
11592
11351
10620
11351
11442
11431
10700
11592
11601
11411
11641
10650
11442
11391
10670
11602
11351
11411
11491
11612
11572
11552
11561
11461
11432
11431
10630
11501
11261
11491
11462
11421
11391
10540
11301
11461
10540
11702
11412
11431
10450
11391
11571
11552
11512
11722
11421
11291
11382
11651
10449
11812
11301
11391
11652
11391
11462
11432
11551
10430
11742
11020
11542
10590
10500
10740
10500
6232
10810
10519
10861
6162
11551
6092
13094
11381
11402
11602
11612
11502
11461
11331
11582
11532
11492
10379
10460
10801
10619
10800
11401
10821
10700
10790
10399
9287
11231
10630
10600
9087
11341
9188
11281
11331
11371
11371
11491
11331
11432
11341
11441
11591
10980
11331
11311
11461
11371
10540
11392
10740
11432
10399
10349
10510
10490
11441
11552
10560
11622
11441
11542
11411
10479
11672
11622
10901
10419
11161
10870
10480
11451
11522
10329
11652
11471
11411
11371
10520
10500
10910
10399
10550
10810
11622
11441
11823
10290
11361
11411
10330
11461
11231
11492
11582
11231
11541
11251
11461
11451
11721
11241
11381
11401
11421
10410
11452
10600
11431
11351
11642
11482
11682
11793
11502
11641
11502
10450
11471
11491
12103
21049
11551
11171
11571
11491
11442
11311
11372
10670
5551
11632
6342
11522
11532
11552
11532
10560
8316
11432
8516
11361
19456
11211
11441
8015
11351
11572
11451
11391
15209
8286
11591
8226
11381
10600
11331
8697
11492
8265
11482
11501
11422
11612
11512
8285
10981
10409
12964
8656
11672
8476
11452
11451
10710
10439
10379
11602
11601
11341
11672
11281
8276
11672
10540
11722
8215
11621
8215
11361
11281
10800
11291
8165
8225
11362
11572
11231
11331
11602
11392
11301
11492
11431
11622
11221
11391
11301
11341
11361
11482
11522
11412
11281
11642
11482
10510
10420
11682
11331
11402
11432
10450
11471
11532
11382
11772
11381
11402
11652
14838
11712
11672
11271
11441
11431
10440
15890
14447
8175
11511
11331
11372
10710
11582
8186
8186
11381
11361
11351
10499
11512
11391
11442
10710
10439
11281
11582
11491
11442
10550
11581
11552
10260
11461
11552
11532
11312
11371
11401
11542
11692
11412
11541
11381
11551
11402
11582
10559
11191
11372
11481
11432
10700
11121
11051
11471
11471
11421
11491
10540
11482
12033
11502
19166
11522
14286
11662
11321
11622
11561
10409
11462
11402
11521
10650
11502
11452
11241
11541
10690
11551
11342
11301
11331
11442
11261
11441
11301
11622
11341
11372
11621
11632
11281
11461
11592
11382
11382
11491
11372
11432
11512
11502
11632
11431
11521
11342
11391
11462
11572
11321
11461
11462
11382
11431
11241
11441
11562
11181
11411
11482
11531
11451
11572
11371
11651
11401
11311
11491
11582
11391
11482
11181
11541
11361
11381
11492
11542
11391
11361
10880
10590
11702
11692
11531
11772
11541
11612
11602
11401
11231
11332
11812
11442
10780
11041
11341
11161
10410
11411
12153
11422
11432
11521
11842
11702
11291
11411
11461
11381
11672
10530
11442
11482
11301
11441
11392
11231
11442
11502
11341
11472
11672
11432
11531
11632
11321
11371
11551
11412
11622
11422
11591
11301
11371
10469
11702
11382
11482
11511
11351
11601
11461
11451
10610
12163
11552
11491
10921
11150
11241
11201
11392
10420
10811
10920
10520
11311
11542
11611
10609
11492
11692
10339
11632
11401
11371
11612
11421
11511
11812
11402
11421
11421
11592
10590
11402
11251
10430
11241
12043
11301
10770
10941
11782
11221
11412
11421
10380
11401
11392
10409
11432
11361
11401
10650
10700
11391
11432
11491
10379
15459
11752
11201
11842
11422
11391
11662
11391
11411
11502
11592
11402
10619
11421
11562
11341
11402
11492
11571
11601
11391
11442
11642
10289
11422
11611
10610
11522
10690
11561
11552
10520
11361
11562
11662
11551
11532
11491
10329
10810
10831
10449
11511
10549
11582
10429
10480
10650
10580
10580
11492
10460
11382
10470
11451
10480
10569
11312
11441
11421
10510
10500
11602
11251
10359
10670
10851
10299
11371
10580
11362
10460
11492
21771
10359
10420
11381
11382
10629
10490
10570
10490
10410
11281
11602
11391
11381
11392
11231
12012
12243
11342
11401
11441
11351
11331
11481
10550
11332
11512
10419
11291
11412
11531
11501
11492
11602
11372
11301
10390
11221
12023
11432
11582
11452
11742
11321
11381
11451
11442
10389
11141
11351
10650
11431
11481
11592
11531
11452
11592
11191
11401
11622
11321
10540
11722
11652
11642
11291
11471
11291
11311
10500
11572
11412
11512
11481
11501
11601
11461
11321
11392
10540
11462
11451
11452
11312
11522
11070
12333
11361
11011
10891
10310
10890
10760
11752
11551
11281
11452
11352
11502
11272
21350
11712
11552
11462
14868
10920
11582
10750
12093
10570
14718
11451
10440
11501
11411
11341
10620
13425
10811
10760
11661
11291
11551
11311
11411
11452
11461
11302
10610
11472
11511
11462
10369
11552
11611
10570
11472
11411
11531
11322
11361
11351
11331
11702
11472
11432
12163
11411
12653
10430
11732
12083
11502
10379
11361
11882
11521
12102
11271
10550
11431
14988
11442
14276
10359
11342
11401
12643
10470
11952
11521
11972
11431
16892
11531
10600
11572
15759
11231
13174
10760
10510
11321
17733
11421
15900
11331
11472
11392
12043
11431
13455
10991
10520
12123
11501
11511
11241
11522
11681
10480
10299
10590
12063
10570
12013
11331
11933
11571
13275
10730
12102
10449
11982
11561
11331
11492
11281
11341
14216
11321
15910
11411
11492
11601
11582
11601
11742
11571
12143
11512
12182
11572
11291
11511
13184
11341
11562
10279
10510
11342
11862
11522
11883
11562
11973
11291
11982
11221
10570
11371
11782
11471
11932
11421
15078
11461
11972
11382
13626
11581
11922
10319
11561
11652
12132
10419
12935
10950
10389
11582
11972
11472
12954
11341
11281
11291
11201
11272
10880
10560
11571
11311
10460
10640
11502
11391
11532
11501
10530
11682
11642
11451
11271
11451
10430
10569
10620
11511
11352
11241
11521
11241
11361
10469
10500
11601
11361
11692
10519
11472
11472
11361
11251
11282
11592
11561
11582
11582
11361
11602
11352
20930
11672
11472
11321
11422
12924
10590
11482
11421
11542
11352
11311
11341
10861
11151
12163
8156
11381
11542
11572
11512
8286
11441
11411
11521
8176
11221
11411
8316
11482
11401
11421
11331
8225
11541
20078
11431
10590
11372
8255
11592
11251
11451
11341
11452
11301
11632
11341
10680
10500
11712
11361
11541
11361
10470
11502
13015
11562
8295
11502
8255
11351
11572
11521
11462
11682
8426
11371
8315
11632
11471
11412
8516
11472
8446
11432
11351
11581
11451
8246
11381
11321
10821
11161
11512
8095
11381
11621
11382
11401
11562
11221
11632
11551
11471
11461
11342
11561
10660
10249
11322
11411
11160
11422
11301
11361
11542
11291
11802
11611
11462
11391
11411
10650
12954
11382
11401
11411
11291
11542
11531
11361
11291
10740
12253
11552
10720
10660
11371
18204
11381
11091
11471
12934
11432
6472
11441
17914
11652
8747
11482
9217
16771
11291
8356
11392
10600
11352
8135
23314
15059
10720
11381
8225
8205
11452
11402
11262
8175
11602
11331
11431
11371
11311
11381
11502
11822
11411
11592
11933
11352
11532
11442
11772
11472
11391
11381
11352
11371
11422
15149
11532
11232
11492
11651
11341
11532
11702
8376
12092
11311
34194
9168
11572
9227
10981
11521
10920
11412
11020
11722
8195
16551
11432
8306
12925
11282
11762
11492
11702
11271
11802
11411
12053
11452
12032
11372
11902
11572
12363
11161
11852
11772
11742
11281
11501
11451
8275
15049
11382
10810
11472
8005
10670
8195
11302
11381
11973
8235
11331
11471
11411
9227
11402
8446
11381
11351
11492
8195
11341
11331
11552
11311
11341
11311
11372
11301
11551
11471
11412
11682
11231
11512
11201
11421
11201
11382
11492
11412
11632
11541
11571
11191
11572
11342
11381
11461
11351
11462
11371
11502
20528
11362
11532
11331
11411
11551
11341
11632
11362
11521
11672
11301
11502
11511
11381
11471
11501
8215
11382
11582
11622
11341
11662
11502
11351
11461
11451
11481
11582
11712
11352
11522
11501
11241
11322
10851
11381
10960
10700
11482
11201
11412
11471
10700
10800
10821
10880
10800
10730
10830
10760
10810
10630
10650
10720
10840
11001
10990
10650
10950
11531
11412
11311
10830
10820
10690
10740
10670
10910
10770
10790
10510
10810
10991
11512
10941
10770
10780
10810
10901
11411
11441
11622
10790
10670
11251
11351
11041
10670
10771
10881
10871
10780
10740
10971
12804
10790
10840
10860
10760
10620
10950
10751
11742
11491
10860
10780
11492
11592
10780
11421
10410
10549
11562
11432
11512
11662
11442
11361
11351
11261
11411
11391
10990
10820
11582
10599
10580
11422
10290
11471
11542
10440
11562
11682
11803
11461
11612
11432
11211
11282
11581
10509
10540
10440
11341
11502
11422
10890
10320
11051
11572
11111
11472
10680
11502
11251
10911
10990
11602
10690
11442
10650
11482
11001
10149
10831
10419
10680
11251
11852
11471
10910
10380
11542
10991
10470
10390
10840
11522
10981
10349
10971
10369
11351
10960
10530
11471
10830
11542
15279
10810
11341
10800
10620
10520
10640
11271
10540
10901
10370
10660
11692
10670
10490
10861
11472
11361
10820
10540
11481
10770
10359
10489
11181
11451
11411
10750
10540
11552
10810
10589
10519
10680
11421
11491
10920
10500
11401
10449
10800
10430
11702
10810
12033
10600
12283
10640
10319
10770
11361
10700
10830
10489
11451
10370
11011
11371
11321
10930
10329
10490
10910
10339
10660
10970
11271
11622
10920
10500
10420
11091
11481
10509
10830
10490
10459
11001
10560
10560
10419
8606
10780
8396
11772
11061
8146
11411
10821
11522
10700
8426
11301
10881
11241
10730
11221
8386
10740
8336
11241
10700
11431
10920
8316
11401
10860
11291
10750
8306
11341
10680
11321
10790
11472
11362
10760
11351
11511
10820
6231
6211
10700
6181
11061
10429
10830
11552
10680
6242
10730
11491
10850
10249
9368
11482
10900
11491
10861
11351
10860
11442
6121
9257
8166
6192
11041
10259
10880
11241
6492
13355
11301
10770
16851
10429
11892
11442
11823
11401
14086
10500
12043
11281
11261
11342
16010
11462
10500
14237
11581
10590
10840
15580
11371
16070
10721
10931
10280
10930
10820
16701
11442
13175
10580
12063
11311
12073
11321
11892
11421
14928
11322
10359
17713
11472
12083
11461
14898
11722
11582
11181
12133
11281
12163
10540
15039
11401
10359
11953
11621
11401
11772
18464
11331
16441
11561
10440
11472
10379
11351
11311
10429
11531
11371
11752
11382
10560
11281
11341
10329
10579
16821
11271
10500
10359
11692
10460
11452
11261
11552
11471
12994
10440
12824
11451
11321
11712
12073
11311
11472
11331
10530
12123
11491
13315
11462
10430
17032
10730
10380
11592
10510
15238
11461
10460
11312
11251
10399
10370
10299
11501
10500
10369
10299
11511
14187
10620
11362
11702
11361
10560
10559
11471
11261
10590
10470
10680
11351
11422
11591
11442
10580
10640
11482
11261
11512
10520
10359
11412
11411
11341
11512
10670
11512
11361
10690
10380
10490
11342
11361
13465
11421
16961
11251
11822
11542
11421
11371
18144
11201
11993
10530
18595
11401
11372
11241
13425
11291
10800
10389
10760
10751
11332
10680
10289
10740
11933
11461
13015
11692
12183
10430
12784
10740
10219
11412
14738
11281
10650
11481
11351
11251
11391
11371
16581
11571
12924
10309
12984
11411
11531
11621
12493
11311
13165
10690
10379
11942
8336
11802
11351
12253
11392
11622
10590
10800
10831
10400
11461
17753
11562
14988
10499
12464
10600
17493
11361
12363
10791
12293
10780
10439
11321
12243
11471
18254
11512
11402
11331
11341
11502
12093
11422
16351
11272
11662
10400
10750
13545
10249
10580
10359
11342
14507
11441
12083
10300
12514
11361
13376
10500
11011
10650
10240
11552
17413
11421
15409
11322
11271
11381
10450
11191
17573
11231
12073
11341
12143
10289
16370
11562
10430
11311
11922
11472
18505
11352
11472
11351
18074
11672
11541
11502
13415
10419
13485
11391
12162
11291
11492
11401
11932
11562
16170
11321
10510
11521
11552
11361
11392
11602
14257
10970
11361
10780
14767
10370
17332
11221
10509
11371
11422
11221
14106
11422
11471
11361
14698
11231
12093
11291
13025
11491
15268
11502
11982
10509
10851
10780
18154
10590
15028
11732
11932
10750
10479
16511
13695
12063
11421
11522
10770
12003
8086
10339
10569
10590
10450
11512
11632
15389
11251
11431
11592
11402
11541
11611
11291
11482
11312
11492
11471
11452
11251
11462
11332
11702
11271
11311
11332
11591
11432
11372
11391
10480
11611
11392
11391
11501
11371
11602
11341
11301
11622
11712
11331
10560
11382
11291
11521
11322
10570
11281
11301
11381
10450
11381
11371
11472
11401
11241
10400
11431
11602
10480
11432
10320
11852
10470
11402
11452
10319
11351
10700
10479
11512
11532
11372
11342
11542
11601
11581
11502
11231
11461
11262
11431
10409
10490
11271
11412
11282
10209
11452
11451
11391
11301
11461
11221
11471
8216
10720
11351
12915
6292
11341
10760
10720
11512
11382
11181
11281
10590
10300
11422
10530
11501
10329
11502
10320
11401
11402
11421
11351
13946
11252
11421
13024
11572
11542
11441
11632
11372
11401
11361
11522
11432
11482
10490
11531
11421
10630
11351
11231
11321
11382
11451
11351
11311
11522
11401
11371
10479
10389
11582
11561
11421
11291
10459
11621
11442
11482
12533
10409
11441
11331
11291
10460
10810
11371
12884
13435
12032
11472
11572
11361
11982
10520
14887
10460
10430
11632
12083
11271
11522
11461
10540
11131
10419
11482
14016
11482
11552
11642
11692
11271
11953
11331
11762
11542
11602
11461
11812
11341
13645
11321
11902
11531
11512
11471
11952
10560
11943
11391
11421
11432
12012
10650
16341
11081
16662
11472
17433
10690
10840
15690
10459
14327
11552
11541
11412
10489
11341
12083
10519
17513
11431
11822
10420
11482
10650
11803
11551
12383
11561
11873
11542
11742
11552
11281
11402
14848
11651
13605
10710
11512
11001
14137
11301
13274
10730
10760
11542
15609
10771
11422
11141
11522
11872
10590
11562
11321
11542
11231
11722
11471
11882
11702
11602
10510
18034
10870
10299
11501
12062
11491
13926
11822
10500
11852
11311
11421
11421
12113
11341
11902
11531
11832
11491
11441
11432
11452
11372
13285
11291
14277
11471
11953
10630
13906
10620
10610
11291
16330
11161
12433
11511
12083
11431
10720
11231
17253
10510
12914
10791
17763
11211
15138
11491
10439
11442
11361
11271
10560
11171
11432
11691
11111
11381
11351
11362
10299
11381
11392
11351
11532
11902
11601
11401
11471
11421
11622
11482
11291
11282
11441
11471
8095
11512
11411
11322
11361
8326
15809
11381
18415
11602
11531
11832
11322
11341
11482
11502
11431
11932
11391
11291
11512
11742
11451
11712
11612
12103
11551
11241
11442
12113
11652
17383
11442
11441
11472
11211
11622
11371
11321
11411
10670
11551
11311
11471
11331
11311
11251
10540
11421
8265
11431
11471
10981
10489
11091
10269
11422
11000
10861
10329
11451
11372
10460
11482
11171
10800
11322
10419
11612
11431
11481
11281
11491
11161
11201
11111
10951
10620
11452
11521
10540
11522
11501
11521
11622
11461
11392
11522
11502
11511
10430
11352
11701
11531
10921
10850
10370
11422
11502
11371
11412
11371
10771
11412
11351
11382
10820
11291
11612
10580
11472
10549
11591
10439
11462
11471
11401
11551
11462
8326
11642
11442
10459
11502
11481
11391
8296
11391
8246
10459
10640
11461
10539
10670
11371
10450
10510
11402
10319
11441
10430
10490
10600
11391
10510
11442
10540
11521
11441
10530
10470
10309
11471
10620
10660
13205
11622
11421
11511
11782
13986
11582
11361
10499
11251
11491
11681
11512
11511
11342
11571
10900
12774
11422
11551
11371
11602
11532
11351
11301
11422
11341
11491
11551
11431
11352
11682
11471
11221
11121
10529
11331
11572
11702
11411
13505
11652
11432
10630
11401
10610
11411
11451
11532
11361
11471
11422
10760
10540
10791
37530
10469
11292
11391
11442
11351
11241
10630
10750
10740
12874
11301
10270
10900
10870
10900
11562
10961
10840
13285
11060
10710
11622
12123
11451
10700
11391
10940
10850
11632
13245
10700
10399
10941
11001
10300
10961
10901
11562
10740
10770
10459
10981
13215
11001
11161
10961
11371
10840
10961
10330
11020
11211
11391
10950
12223
10980
11532
10910
11622
10890
10670
14177
10810
10960
11421
11111
10761
10870
10589
11241
12263
11211
10720
10750
11441
11071
12213
10580
11071
10619
21490
10960
10870
13275
10941
10770
10429
10961
10770
11702
11031
10660
10821
10730
11521
10650
10790
11631
10961
10961
10480
10760
10610
10931
10710
11592
10940
11401
10760
10790
12995
11101
11702
10891
10660
11591
10950
11651
11451
11081
10469
11642
11031
11291
11371
11171
11451
10870
10370
11492
11581
11302
10460
11421
11482
11312
11452
11301
11492
11312
11501
11391
10690
11441
11321
11451
11411
11351
11331
11712
11361
11481
11702
11572
11502
11271
10700
11392
11612
11391
11452
11552
11441
11541
11642
11662
10710
11141
10399
11051
11060
11371
10830
11191
11451
10820
10911
11491
11391
11492
10700
11522
11452
11511
11422
11482
11331
11491
8035
11401
11372
11481
11321
10389
11231
11341
11402
11452
10930
6161
10440
11652
8416
10470
8135
11401
11432
11582
11372
11482
8205
10440
8315
11552
8215
11391
11251
8235
11501
11432
11622
10469
12544
11381
11422
11461
11432
12464
6142
11521
11231
11291
11201
11441
11642
11412
11452
11422
11412
11351
11402
8296
11361
11291
11201
8315
11641
8226
11652
11451
64962
11482
8206
6301
11381
8346
11642
8376
11432
8376
5521
11241
8335
11361
8146
11361
8195
11251
8206
11662
8175
11561
8465
11391
11462
11442
11391
8325
11541
11421
11362
11452
8206
10791
10710
10770
8286
10851
9337
8857
11802
8255
8606
8235
12243
8336
13355
9147
14467
9347
13565
8185
12223
9498
10800
9267
14437
9157
11813
9127
12033
8256
11661
9408
12293
8756
11993
8737
12083
8336
12163
8627
11963
9367
11953
8516
11862
8346
12504
8406
12814
8175
10930
12293
8156
11001
11501
10950
11572
10940
11552
11611
11451
11822
11542
11421
11492
11571
11321
11311
11492
10459
11551
11371
11432
11361
11231
8106
11532
11362
10410
11482
11712
11422
5711
10440
10780
11842
12614
11421
11492
11412
11362
16741
10690
10801
11592
11331
11582
11321
11321
11371
10660
11632
11532
11602
10349
11351
10590
11502
11372
11622
11371
11371
11571
11341
11312
10410
11301
11452
11923
11301
11341
10850
10380
11441
8166
10549
10961
11391
10881
11491
10910
10569
11481
10850
10791
10420
10870
10730
11561
11592
11411
11381
11322
11522
11402
11291
11301
11261
11181
11572
10941
13586
11501
11381
11622
11672
10740
12383
10550
11492
11482
11903
11461
11602
10620
11572
11361
11431
11381
11601
11301
11411
11442
11542
10680
10570
11491
11371
11372
11441
11291
11622
11351
11332
11501
11361
11201
11571
11311
11522
10539
10360
11391
11272
11602
11421
11422
11131
11402
11431
11411
11541
11521
11451
43963
10870
11382
5590
10750
11341
5460
10730
6261
11391
10901
11672
11672
11612
11231
11642
11372
11472
11071
10780
20679
11351
11471
11281
11431
11582
11391
11541
11361
11451
11281
14267
11422
8055
11301
11401
11983
11281
11431
11482
11482
11341
11452
11421
10710
10851
11411
11561
11551
11322
11241
11432
11532
11502
11491
11501
11542
11391
11401
11441
11402
10950
10580
11451
11551
11491
11321
11421
11221
11402
11522
11562
11682
11452
11421
11491
11302
11351
11421
11382
11341
11511
22513
11552
11402
11341
11372
11442
11391
11311
11422
11352
11491
11401
11191
10770
11652
11381
11752
11561
11532
11421
11401
11402
11432
11421
11501
11772
10780
9268
10951
9287
12103
9197
11010
11522
11101
11511
11481
11502
11581
10390
5700
11942
11000
10860
11451
11532
8295
11532
10179
10600
11391
11101
10930
11351
10941
11482
11292
11462
11381
11552
11241
11291
10399
10289
11462
10951
11512
11101
11011
11311
11281
10751
11231
11351
11542
11441
11291
11442
11372
11342
11361
11411
11421
11923
11232
11291
11332
11221
11491
11972
11361
11632
11030
9167
10940
9458
10901
12343
11061
10810
10880
10830
12273
10760
11010
11031
11382
11381
15689
10770
17343
10901
11001
10931
10881
10891
10880
10890
10831
10791
10880
10820
10730
12743
11110
10750
11262
11282
11271
11652
11432
10790
10820
10911
10890
10930
12554
10790
10640
10940
10871
10880
11111
10560
10770
10850
10860
11431
11261
11412
11351
10830
10650
10940
10810
11080
10931
10690
11412
11451
10910
10930
10750
11502
11481
10811
11091
10860
10710
10771
10860
10640
10971
10630
10730
10720
11451
11251
6222
12604
8416
10890
10680
10840
10850
11592
10740
11422
10961
11481
11381
11451
11361
11532
11401
11762
11601
11452
11432
11281
11351
11432
11422
6322
11371
11111
11512
11222
11361
11351
11331
13425
11351
11862
11682
11491
12013
11161
11492
12032
11481
11321
11542
11251
11442
12945
11371
12774
11551
12303
10460
19587
10720
12022
11402
10861
10730
10841
11391
11591
11562
10710
10730
10760
7043
10710
6302
10850
6262
10700
6191
10790
6331
10649
6322
10860
6212
10820
6241
10720
6212
11121
6151
10931
6331
10810
6342
10800
10981
6351
10700
6171
10891
6322
10840
6272
10820
5541
10830
6231
10930
6312
10700
5500
11020
6312
10780
6312
10770
6282
10870
11601
10750
5801
11021
5641
10650
6241
10730
5430
10820
5470
10851
6192
10951
6192
10740
6242
11010
6272
10670
6272
10630
6302
10630
5471
10710
6241
10800
6332
12914
6222
10860
6272
10931
6292
10950
5711
10680
6272
10850
6282
10580
6312
10800
6281
10790
6212
10941
6151
10891
6252
10941
6271
10700
10800
6252
11031
6312
10861
6122
11111
10420
8346
14337
10570
11382
8396
11461
8185
11491
11341
10479
10379
11672
11682
13135
11451
11081
10751
11923
12995
17463
11601
12002
10840
11411
17433
11091
11732
11412
10309
10741
10650
11532
11331
16531
10550
14788
11282
10590
11441
12273
11542
11021
11301
11742
10791
11632
10720
12985
11231
11261
10840
11281
12333
11451
11962
10850
10369
11332
15960
10440
15078
10319
11552
11321
14226
11431
11632
11131
17383
10610
12132
11421
11311
10480
13265
10790
11612
10249
18314
11321
11612
11261
11832
11431
9307
6182
10359
6181
11401
6292
9468
11531
9187
11451
9137
11311
9147
11371
9268
11492
10750
6242
11432
11903
11392
11592
11472
10920
8255
11562
8446
10860
9297
10791
6382
10830
5681
10550
5681
11001
5830
11912
6162
13645
6462
11041
6212
10891
5631
15730
6362
14598
6302
13325
6472
10730
6252
14067
6292
10710
6352
10730
6473
15008
5951
10860
10700
6322
10750
6232
13716
6212
10850
6242
10690
6172
10650
7905
10921
10700
5821
10660
6181
10911
6252
10940
6212
10911
6372
10771
6382
10810
5661
10931
5560
10830
6282
6272
10910
6252
10931
6222
11121
6262
6192
12273
6202
10619
6152
11010
6251
10970
6302
10920
6262
12554
6252
6211
10841
6122
11001
6312
6312
6112
6222
6332
6171
6281
6332
6292
5761
10980
10710
10960
10780
11171
10800
10640
10970
6221
10730
11071
10630
10841
10670
6292
10791
10941
10700
6302
10880
10890
10930
10830
10820
11211
10700
10990
10830
6152
10931
11392
10650
10911
10910
10900
10650
11061
10760
11061
10800
6352
11000
10910
6172
10931
10750
11101
6182
15930
10871
6252
10700
10951
10790
10930
10841
10931
10971
10870
11472
10900
10780
13575
10680
12083
10470
11221
10520
11110
13235
11481
11030
11591
10770
10870
11552
10970
11081
11281
11050
12373
10500
12464
8256
10450
8306
13505
11591
11111
11071
11402
16841
11141
11321
11090
12904
11291
10881
10379
11041
10750
11682
16862
11111
10640
10880
14137
11312
14036
10509
8385
10981
10630
10760
10851
11382
6372
10920
10380
10790
10489
10701
9417
11401
9127
11211
11442
10810
10650
10801
9217
11431
8456
10490
9227
10800
11562
10880
11081
11291
6192
10840
11402
6202
6422
10359
6282
10580
11401
12223
11542
11542
18675
11401
13716
11351
12263
10459
12894
11772
10549
11501
14567
11431
12303
11311
11442
11552
8325
13756
10519
10569
11341
8165
11592
10379
10950
9388
10589
6212
10750
11562
10490
10680
11311
11221
11181
11352
11412
10760
11852
10550
11271
10880
10950
10820
10901
11111
10680
10790
10529
10810
11401
11402
11301
10820
11251
11472
10810
11682
11292
10731
11351
11631
10890
11351
11442
11071
11372
11402
10821
10670
10620
10720
11432
11341
10901
11020
10900
10851
10880
11301
10861
10871
10850
10731
11381
11482
6172
11382
11431
11391
11421
10810
11331
10670
10720
10850
6252
10810
11551
11392
10960
10760
10820
10790
10940
6192
10940
10901
10880
6232
10660
6292
10790
6322
6282
13625
6261
10991
10970
11382
8276
11501
6352
10780
6192
6241
10940
6192
11431
11581
11532
8265
11321
6152
10650
6151
10360
6242
11562
10320
10530
11562
11361
8366
11582
11302
11592
11571
11792
11431
11281
11622
11442
11642
11351
11411
11502
11291
11411
11501
11231
11342
11511
11351
11522
11412
11412
11501
13856
11542
11512
11341
11081
11491
11471
11461
11752
11742
11431
11482
11451
11401
11421
11432
11341
11602
11381
11311
11462
10840
10760
11371
11331
11411
11301
11281
11571
11671
11311
11412
11692
11371
11722
11361
11401
11422
11441
11431
11462
11441
11451
11311
11451
11382
11481
11592
11412
11572
11381
11742
11632
11371
11862
10891
10721
11552
11291
11421
11461
11381
11462
11211
11542
11361
11471
11432
14788
11341
11442
10469
11311
11531
11331
11362
11341
11411
11391
10350
10610
11632
11271
11391
11482
11361
11461
8176
11532
11422
11852
11441
11532
11582
11421
11471
11341
11511
11362
11421
11552
11491
10470
10540
10841
11412
11241
10880
13956
6302
6231
10269
6292
9598
10370
11422
8286
11531
8346
11842
11371
11392
10249
11582
8376
11582
8365
11231
10490
11251
8355
11512
8256
11571
11451
11331
11562
11572
8286
11511
11391
6342
10419
10961
11321
11541
11331
8326
11321
11361
11352
10409
11501
8366
11481
8325
11482
10399
11401
11562
11531
11462
11501
5651
6221
11301
11431
11362
11311
11362
11621
11251
11682
11442
11522
11372
8386
11541
8155
11291
11421
11421
11361
11652
11322
11472
11482
8265
11391
11351
11382
11671
11451
8215
11391
11402
11522
11401
11262
11592
8115
11372
11381
10610
11512
11391
11381
11331
11312
5651
11341
11321
8265
8226
11532
10480
11482
8226
11361
10409
10770
10380
10560
11041
10409
10439
11311
11421
11441
8215
11542
11521
11441
10439
11501
11562
11552
11512
8286
11341
11261
8166
11452
11332
11521
11362
11301
8356
11441
8205
11352
8195
11442
8185
11432
11511
11622
11431
8335
11461
11492
11442
8396
11542
8225
11351
10540
11332
11672
11381
8215
11492
11571
11581
11281
11422
11352
8246
11441
11471
11431
11792
11352
11542
11341
11411
11421
11421
8185
11421
11582
11491
10590
11231
11822
8196
11371
11352
11451
10440
11322
11441
11461
11742
11311
11522
11372
11462
11352
8296
11191
8155
11311
11582
11231
11511
11381
11552
11622
11381
11491
11311
11511
11431
8226
11472
11251
12604
8326
10620
8316
11341
11342
11462
11502
10490
8386
11531
8466
11331
10760
10520
10650
8276
11050
11432
11061
11381
8376
10941
8346
11181
10831
11442
10930
8336
11331
10941
11341
10830
8306
11451
12503
11241
8376
10780
8145
11491
11060
11432
11982
11432
9167
8295
11411
10620
11642
19166
10740
11712
8095
11362
11481
11321
11241
10430
11502
11351
10690
10760
11241
11381
8195
11571
11321
8265
11481
8276
11652
11441
11542
11351
8206
11291
11762
10790
11461
8175
11441
11462
11442
11641
11481
8196
11351
11773
13415
11662
11642
10429
10520
11332
14998
11582
11611
11451
11391
11381
11482
11692
11612
11301
11442
11281
11662
11311
11461
11211
11441
11612
11341
11601
11311
11542
11391
11562
11381
11501
11352
12012
11331
11521
11341
11451
11802
11361
12243
11421
13235
11371
11431
11342
13996
11342
16902
11642
11581
11241
14016
11341
12413
11392
12153
10660
17022
11332
10530
13446
11562
12043
11452
16802
10930
13606
11441
10479
11051
10760
10751
10460
10951
10920
11412
10870
10720
10359
10630
10900
11421
11351
11441
11511
11371
11361
11431
11461
11361
10540
11361
11311
11391
11352
11482
11441
10569
11511
11772
11401
11551
11301
11512
10499
10359
11432
11501
11441
11341
11672
11642
11381
11452
11401
10750
11321
11371
10289
11602
11351
11242
11331
11401
11352
10429
10890
6192
10540
10921
10921
11341
11171
10660
10359
10730
11041
10480
9328
10760
11161
10920
9708
10831
11301
10810
10529
6312
10880
15008
10900
10490
9187
10871
11582
10790
10960
11471
6261
10830
10760
10770
10840
11391
11341
11592
11602
10419
10319
10409
10540
10720
11401
10640
10309
10459
11973
11471
11511
11352
11351
11452
11431
11611
11622
11552
8245
11482
8416
11322
11191
11471
10320
10831
10570
10740
10590
11271
12854
10520
14647
10750
16852
11452
11151
10790
10680
11833
11461
13275
13285
11552
11091
10860
13375
11472
11191
10971
16481
10540
10950
10610
17994
11501
10730
12243
11411
11020
11361
11421
11551
11822
11531
11421
11702
12573
10420
13776
11391
11441
11842
11221
11913
11542
14608
11692
12103
11321
11361
11973
11591
11442
12073
11622
11611
11371
11341
12182
11472
11642
10379
11312
11331
15709
11541
11662
11752
12103
11702
11452
11271
11582
11312
11411
11471
11312
11311
11562
11451
11451
11341
10229
10539
11221
11622
11562
11151
11512
11441
11331
11442
11502
11372
11331
11621
11512
11442
11381
11372
11301
11271
11291
11411
11441
11271
11231
11521
10680
11301
11482
11442
11371
11221
10951
10811
11332
11762
11522
11361
11392
11491
11291
11902
11441
11341
11502
11271
11591
11381
11862
11371
11682
11471
11321
10349
11672
11682
14157
11381
11511
11622
10911
10880
10660
10880
14387
11431
15930
10910
10560
11932
11432
11822
11311
11552
10810
10340
11030
16741
10409
11702
10780
11532
16200
13195
11492
11521
17543
10881
10450
11361
11852
11442
11541
11442
10399
14658
11381
11602
11382
11231
11451
10891
20900
11141
11381
11421
11432
11381
11722
11552
11492
11391
11101
11552
11211
11552
11362
11351
11321
11442
11372
10850
11612
11291
11642
11582
11501
11632
11382
11331
11431
8425
11211
11441
8185
11272
11531
11301
11341
11642
11431
11552
10289
5801
11362
5581
12663
11492
10410
11652
11501
11481
11361
11361
11521
11431
5500
10930
11371
11522
11392
11442
11402
11602
11412
11342
10580
10940
11742
8315
11432
11351
10509
10540
11451
8225
11542
5601
10740
11562
10730
11211
11331
11392
11422
11321
10389
10690
11501
11432
11401
11822
11462
11581
11421
11462
11682
11352
11441
8325
11351
11341
8155
11452
11391
11231
11412
11491
11461
11702
21831
11511
11651
8136
11371
11461
11341
11472
11281
8366
11392
8435
11342
11502
11351
11612
8316
11412
11401
11391
11591
8466
11442
11592
11602
11341
11341
11451
10650
11421
11511
11572
11421
11551
11322
11311
11621
11381
11492
11621
17143
11381
11542
11502
11381
11391
11572
11371
11411
11331
11401
11381
11532
11652
11181
11382
11432
11372
11361
11462
11591
11541
11511
11402
11432
11642
11261
11251
10460
11522
11411
11331
17613
11302
10890
11472
10830
11411
10540
11532
11411
11371
10660
10499
11472
11352
11381
10480
11481
11462
11251
11321
11582
10450
11622
11492
10620
11341
11562
10680
11582
12494
11492
11441
10450
12453
11412
12293
11472
16892
10680
10409
11491
12123
10469
10650
10460
11361
11271
12153
11321
11952
10530
11852
10810
10690
10510
10569
10510
11852
10410
11060
10851
10570
10710
11351
11632
11342
11682
10430
13596
11030
17342
10519
14226
11491
10971
11472
11902
11131
14097
10930
10941
11491
14827
11331
10871
11021
11582
11411
11431
11521
11371
11472
11392
11291
11331
10760
11421
11472
11582
11551
12112
11441
12293
12333
12002
11542
12063
11281
10330
11332
17422
11701
34124
10470
11241
11372
17132
10309
11802
11482
12143
11441
13415
10630
12093
11391
11332
11822
14347
11442
13676
11511
10750
11391
12063
19477
11982
11381
11882
11322
11361
12022
11521
14667
10439
13987
10450
12554
11392
10540
11521
13655
11541
15158
11552
11902
11201
12444
10479
11512
11401
11341
11341
11411
11642
11472
11682
11572
11431
11371
11291
11481
11311
14567
11261
11471
11411
10469
11291
11301
11371
11482
11472
10370
11451
11541
11442
11561
10399
11502
11462
10620
11081
10730
11552
11462
11371
11471
11441
11442
11492
11281
11361
11401
11521
11261
11401
11432
11401
11451
11512
11491
11211
11261
11401
11451
11522
11401
8215
11331
11281
11612
10410
11342
11442
11251
11662
11732
11281
10710
10570
11471
11462
10620
8235
11431
11552
11321
10650
11351
11371
11471
11341
11631
11531
5581
10370
10730
11391
11461
8386
11622
8326
11422
10259
8265
11432
8235
11421
11291
10540
10780
11341
8185
11552
11572
11452
10460
11522
11472
11391
11011
10910
10390
14246
11592
10369
11461
11381
11462
11241
11411
11462
11411
11462
11571
11431
11502
10650
11201
8235
11512
8165
11291
11501
13706
11522
11351
11361
11482
10951
10870
10349
11321
11402
11371
11362
11071
10800
11241
10520
10590
11451
11051
10820
10680
11551
11071
10851
11581
10981
10881
11422
10840
10770
11532
11111
11352
11662
11492
11321
11502
11582
11000
11392
10910
11372
11411
34605
11351
11392
11391
11402
11711
11552
11251
11401
11361
11631
11402
11412
11381
10459
10560
11411
11672
11652
11110
11411
11441
11592
11471
11332
11531
11331
11361
11492
10900
11521
11561
11362
11391
11401
11381
11221
11422
11622
11561
11401
8325
11471
8475
10770
11542
10400
10490
11291
11252
11572
11251
11452
11321
11452
13034
11471
11531
11452
11352
11431
11331
11541
11602
11462
8185
11311
10710
11391
10530
10590
11372
11522
11321
11401
11221
11432
11402
11321
11581
10650
10420
11402
11301
11592
11422
11682
11552
11522
11311
11422
14236
11512
11371
11381
11852
11442
11311
11342
11492
14688
11311
8105
11422
11491
11421
10489
12263
11402
12152
11361
17303
10630
12053
11331
11301
12082
11351
11432
11642
12404
11392
16201
11452
11422
11451
10990
18244
10770
11843
11702
10319
11461
12454
11552
14107
11331
12283
10480
11321
12534
10470
15078
11351
11231
10700
15229
11371
11441
11432
11462
11241
11141
11432
11511
11422
11421
11441
10489
11542
11502
11341
11451
12183
10340
11982
10399
14808
10850
11361
11341
12744
11492
13395
10850
11261
11562
12142
11201
12002
11231
10480
11371
13324
10329
11993
11462
11411
11592
12023
11622
15219
11311
10439
11482
10550
12063
10369
10670
12824
11973
11342
11922
11351
11101
11582
12473
11070
11031
10530
16491
11030
12042
11572
11962
10840
11923
11392
14487
11492
12153
11392
12062
11401
11882
11522
11431
11572
11402
11351
11461
11422
10600
11411
15469
11451
12062
11622
10450
11371
11131
11471
22182
16681
10289
12483
11542
11882
11311
12013
10990
10500
11292
11471
11241
10460
10510
10239
11501
11642
10409
6382
10890
11441
11582
10469
11522
11501
11461
11511
11402
11501
10349
10600
11342
11372
11412
11602
8205
11411
8396
10459
11572
10429
11371
10750
12453
11421
10540
11391
11541
10420
11561
11392
11792
11431
10399
15429
10580
11561
10339
10500
11462
11411
11462
21690
10991
5681
11912
5790
11041
6242
14377
6372
10880
6512
11150
6442
10811
5650
10840
5701
11101
10660
11702
10791
10960
10730
10901
10901
10831
10920
10710
10730
11040
10790
10880
11521
11481
11462
10911
10810
10730
12042
10980
11051
14367
10990
10780
10720
10690
10970
10961
10890
11993
11532
11501
10650
10690
10810
12243
10690
10770
10970
10861
11121
10871
10750
12583
10900
11020
10971
13655
10780
10931
12724
11071
10960
10951
10810
10950
10700
10700
10980
11291
10991
10811
10920
10871
11061
10750
10840
10710
10940
10861
10790
10880
10891
10870
10890
10731
10940
10971
10881
10831
10820
10810
12122
11442
11532
10750
10871
10911
10931
11171
10921
10680
13275
10970
10881
10820
10730
10990
10921
10800
10951
10781
10620
10710
10790
11051
10761
10890
11361
11342
10950
10740
10830
11401
11351
10760
10850
10870
10930
10990
10770
10880
5701
12463
6422
10720
7233
10750
6392
10700
6493
10880
7063
10931
6272
12253
6222
10950
6211
11161
6252
10781
5731
10730
6291
11010
6222
10860
6272
10990
6272
10951
6372
10640
6452
10590
6332
10891
5650
10860
6312
10950
6272
10830
6302
11071
51036
10780
10850
10750
10800
10720
10780
10830
10790
10680
11411
10720
10920
10961
11060
6392
12303
10650
10620
10821
10991
6582
10891
10910
10810
5460
10770
10710
10870
10970
10870
10700
10870
10750
10930
11492
10630
10921
10940
10730
10911
11080
10660
10870
11141
11632
11151
10620
10680
10690
10810
10780
10750
10720
10790
10791
10820
10760
10720
10740
11080
12553
10820
10921
10940
11481
11401
11161
11111
10730
10850
11101
10820
10830
10750
10881
11451
11611
10830
10790
10800
13235
27391
10891
12423
10690
10871
11001
12503
10880
10630
11081
11281
11141
10810
12353
10830
10801
10710
10950
10900
11311
10810
11211
11181
12564
10670
10770
10850
10890
10820
11571
11391
17423
10830
10700
10630
10880
11011
11171
10780
12323
10840
12564
11852
13034
11100
10991
10650
10800
10760
10890
10700
10910
10951
10820
10910
10820
10760
10850
10831
10710
10510
12423
10920
10730
10851
10790
10911
10670
10680
10930
10871
10830
11301
11351
11352
10680
10660
10950
10600
10830
10720
10720
10790
11011
11391
13436
11451
10870
10830
10860
10730
11131
10780
11091
10750
10940
16611
10730
11151
14026
11261
11542
10880
10880
10920
10971
10670
10870
10780
17152
10780
11442
10720
11020
10680
10811
11452
11432
11412
10760
13315
10961
10751
10770
10951
12644
10740
10870
11342
11462
10791
10721
10619
11442
11511
10820
10650
10901
10880
10820
10860
11472
10870
10991
10650
10880
11010
10680
10740
9488
10840
8336
11231
5600
11161
5711
11091
5631
11101
5630
11000
5621
10790
5691
11371
5761
11161
5650
10650
5620
11261
6402
11302
5671
36889
5731
11482
5600
11111
5651
11231
5650
11231
5721
11241
5681
10980
5741
10700
5750
11381
6702
10840
5751
11100
5631
11141
5640
10981
5590
11030
8405
11272
5530
11161
5691
11091
5661
10901
5681
10920
5591
10730
5540
11061
5590
10991
5701
10890
5610
11060
5600
11121
5541
10871
5681
11201
5650
11191
5630
11291
5650
10881
5600
11100
5710
11061
5740
11291
5600
11181
5641
10970
5711
10961
5641
12433
5700
11271
5731
10880
6422
10630
6271
10840
5831
10710
6271
10871
10840
11551
10750
10891
10990
10790
10850
10891
10850
9227
11321
9238
10730
10680
10961
10820
11090
13556
16782
10760
10921
10609
10980
10850
10860
10980
10930
10720
10660
12494
10930
11682
11562
10920
10810
10791
11582
11392
11071
11100
11061
10730
10961
10680
10730
10780
12172
10820
11111
10730
10940
10810
11131
10680
10901
10700
12463
10670
10860
10920
10820
11111
11472
11492
10810
11541
11311
11221
11061
10620
11231
10901
10780
10730
14608
10810
10981
10960
12524
11031
10911
10690
10990
10599
10930
10931
10960
10740
10800
11041
14077
10761
10921
11482
11592
11462
10800
10941
10640
11121
10800
10800
10780
11031
10921
12404
10890
11030
10720
10770
14056
11461
10720
12293
10891
17032
11091
11041
11030
11051
10720
15649
10861
11061
10931
17263
10559
10781
10330
10911
10931
10911
11362
10910
10901
10470
11151
10550
11001
11451
15369
11521
11131
13095
11652
11080
10861
11552
10931
11382
11341
10971
10730
11411
10990
11051
11261
11321
10880
10469
12483
11101
11472
11331
11161
11412
10910
11101
10470
11020
10760
11411
12273
11522
11391
11051
10971
11532
10740
11833
11341
11050
10580
10960
11021
11301
11080
11281
11421
11021
11522
10930
11031
11591
11030
11131
11432
14417
11151
11261
10860
10870
11261
8185
11442
11512
11512
8356
11622
10119
10800
6261
10760
6232
10690
5571
10740
6993
10881
6652
10701
6432
10780
5501
10860
6362
13125
6352
10721
6272
10730
6192
10921
6161
10720
6412
10871
5681
11001
6252
10901
6402
10901
5591
10850
6262
11261
6402
10780
6743
10780
6392
10750
5721
10680
5631
10700
6302
10900
6282
13145
6302
10690
6562
11061
6512
10891
6472
10810
6372
10791
6312
10851
5641
10730
6332
12944
6192
12333
6332
14037
6292
11070
6241
10840
6291
10841
6362
10840
6301
10871
7334
10870
6352
10830
6282
10850
6412
10880
6242
10790
6301
10720
6522
10630
8306
10720
6232
10790
5681
10811
6282
11001
6282
10900
5781
10761
5811
10740
6442
10790
6252
10650
6322
10750
5631
10921
6282
10790
6562
11101
5651
10820
5571
11181
6322
14316
5460
10971
6382
10720
11912
6262
10670
6322
10800
6342
10861
6312
10931
6271
10880
6291
11110
11352
11442
8496
10940
6211
10710
5670
10880
7564
10780
6312
10891
5630
10720
6262
11120
6292
12324
6412
11161
6362
10910
6211
10800
7334
10810
6242
10810
5440
10730
5540
10730
6352
12243
6372
10710
6181
10960
6262
10811
6302
10710
6362
10830
5640
10801
5510
10840
6472
10559
5621
10780
5661
11001
6281
10900
6362
10740
6262
10760
6442
12444
6352
10820
5611
10900
6212
11041
6271
10900
6492
10891
6302
10861
6282
10871
6322
10710
5610
10791
6402
10660
6272
10910
6272
10860
6282
10800
6341
11201
6332
10720
6352
11101
6242
10850
5620
10731
5651
11050
6251
10981
6252
11061
6412
11211
6422
10830
6211
10911
7003
10850
6372
10770
5590
10811
5680
10780
6462
10690
6241
10860
6462
10670
6311
10740
6412
12373
6302
10720
7003
11121
6422
10750
6271
10841
6813
10850
6372
11081
6251
10830
5591
11091
6312
10731
6182
11070
5621
11181
5560
11110
10880
10930
10830
11572
11311
11331
10700
16551
10930
11491
10590
10820
10790
11341
10800
10821
10720
10830
10850
10740
10710
12553
10951
11632
11372
12514
11742
11812
10830
10810
10730
16531
10891
11452
10629
11201
10961
11231
10750
12293
10910
10900
10800
10951
11531
10941
11651
11762
11472
16661
10900
11070
10721
11040
10860
11402
10751
12744
11541
12844
10891
11031
21651
14517
11040
11402
10600
11572
11100
16771
10951
10891
10911
11120
11571
11431
11362
10990
10900
10980
10850
13645
10881
10941
10840
10960
10970
10710
10870
10870
10860
10910
10840
10781
10740
11301
10790
10831
11622
11602
10791
10980
10730
11011
10911
10830
10530
10911
10810
10780
10921
10841
11963
10770
10830
10710
10670
10790
10730
10669
11091
10911
11491
11421
11321
10810
10770
10980
12243
10991
10840
10790
10790
10820
10930
11702
10800
11312
11461
11031
10871
10961
10780
10921
10800
10700
10750
10830
10630
10751
10630
10710
10830
10800
10781
10690
11031
11050
10940
11041
10960
10881
10780
10980
6402
10650
6302
11602
10490
11272
11311
11552
11922
11532
11552
10881
11521
10800
11482
10730
11512
11030
11522
10820
11462
10940
11381
10931
11441
9267
10820
11532
11522
10459
11732
11692
11542
11562
11561
11311
11502
11832
11492
11281
8126
11432
11532
11231
11461
11491
8226
11491
11571
11442
8195
11451
11461
11552
10479
11402
8225
11291
11482
11311
11471
11452
11352
11362
15299
8486
11231
8245
11632
11491
11311
10751
11292
11471
11491
8196
11441
8376
11431
10539
8356
11521
10680
11572
11511
11492
11601
11402
8175
11411
8215
11271
10580
11311
8165
11441
11612
11522
11511
11391
11512
11561
11401
11572
8226
11472
11381
11592
11642
11391
8246
11491
8285
10439
10780
10860
11332
11351
11903
10480
6212
10740
10509
11342
10460
11391
8385
11582
8406
11561
11912
11452
11431
8245
11462
11311
11471
11572
8336
11372
11462
11411
11581
11621
11411
11853
11251
11521
11502
10379
11351
11432
11601
6261
11151
10630
11532
11351
11541
12003
11481
11281
11842
11491
6122
11021
10569
6212
11501
11562
11492
11482
8276
11331
10700
11331
11171
11372
8316
10790
11401
8206
10940
11281
8326
10981
8306
11422
10790
11431
10660
11362
10821
11311
10790
11281
10660
11401
8185
10820
8466
11331
10921
11642
10811
11431
10950
11502
10800
11722
10930
11541
10820
11492
10841
11582
11031
11362
10910
11401
10609
11522
10781
11652
11331
10680
15749
11772
13325
11391
11401
11562
11401
10910
11401
11922
10941
11421
11311
16390
10650
11792
10861
13305
11622
10810
11642
11422
13495
10650
13265
10549
10791
10831
11452
12283
10820
11411
10991
11391
10730
17423
11281
10871
11361
11442
10830
11372
17573
10810
10479
10730
12343
11301
11953
10830
10850
10750
11501
10820
14878
10359
13335
10720
10450
10760
13335
11602
11472
13536
11411
11371
15088
11641
11572
11481
11432
11631
14046
11632
11481
14948
10720
10840
17734
10861
10840
14276
11542
11412
11121
11552
11552
11461
15529
11532
11291
11461
14767
11291
11351
11872
11211
11531
10750
10630
11361
10590
11451
10951
10931
11632
8395
15890
10560
14597
11090
10971
6442
10640
6192
11131
10579
10630
13115
11491
12183
11451
11581
6442
11281
8225
18234
11451
11292
17934
10510
15870
11772
11321
11421
11411
11422
11932
11451
12293
10600
16171
8486
11402
8176
11962
11642
12053
10459
14266
8265
11391
8075
12534
10440
11652
10640
10520
16310
11812
11592
12083
11652
11532
12343
11110
10940
12113
11862
11392
11822
10960
10850
13225
10741
10951
12113
10941
13576
10971
14928
11591
12163
11432
11962
11711
11461
11922
11291
11531
12162
10490
11742
11402
8205
14467
11281
11301
15469
11381
8276
11342
15670
9227
10791
11932
10339
11952
10229
11952
10981
17974
10881
11131
10730
11331
10470
11091
10329
13155
10099
11402
9969
12383
9948
9938
9828
9688
9658
11161
9027
8977
8796
8897
8616
8606
8486
8516
8506
8286
8226
8275
8255
8106
8045
8135
7815
7815
8586
7584
7504
7514
7534
7384
7294
7314
7504
7193
7264
6983
6813
8657
6773
7124
6993
6943
8406
6743
6693
6462
6542
6473
6422
6241
6252
6111
6151
6311
5911
6251
5931
5741
5690
5660
5280
5300
5470
5229
5370
8466
4749
5270
4739
4900
4468
3847
4739
4599
4519
4408
4338
4358
4218
2255
3857
3998
3968
3857
3787
2995
3747
2534
3406
3767
3466
3396
2295
3296
3146
2735
3045
2584
2104
2695
1923
2565
2555
2445
2414
1783
2264
2144
2134
