1980
20685
12957
10322
10883
10443
10893
10416
11151
11371
11244
11431
11284
11468
11328
10766
10500
11321
11391
11946
10399
11358
11524
11327
11448
10449
11782
10817
10423
11438
11324
11585
11331
11565
10413
11421
11427
11328
11231
11381
11451
11284
11375
11284
11581
15031
10820
10863
11595
11424
11451
10703
10834
10816
11428
11448
11949
10473
11655
10473
11388
10556
10623
11588
11334
11508
10676
10412
11595
11441
11521
10309
10569
11357
11444
11558
10412
11862
14076
11351
10653
11217
10666
11595
11418
11511
10473
11481
11425
11702
10566
10392
10406
12226
10416
10466
11548
10610
11495
11308
10299
10413
8566
10466
10907
10893
8583
10753
10807
11281
11285
11304
10419
11324
13789
11304
12526
11485
11421
12536
11227
11227
12957
11418
12770
11525
11425
13141
10540
10366
12420
11835
11672
10790
11491
11415
12149
11354
11284
12707
11471
11234
11341
12069
11418
11675
11257
11501
11752
11361
11468
12981
11321
11659
13368
11444
11367
12373
11468
11541
12186
11294
11284
12182
11268
11354
12707
11662
11458
12203
11347
11438
12657
11511
11478
11414
11792
11689
11265
11805
11358
11357
15418
10479
10353
13111
11514
11605
11384
11298
11718
11448
11498
11651
10519
11575
11041
13782
11361
11959
11635
11310
11812
11237
11678
11535
11348
11658
11301
12483
10393
11702
11388
11401
12259
11414
13719
11461
11261
12874
11371
11772
11491
11271
11548
11458
12470
11494
11381
12850
10609
12039
12243
12059
11337
11775
11421
11444
11481
12610
11441
11535
11107
11388
11668
12864
10640
13392
11317
12339
11334
11394
11371
11522
14764
10343
11558
12386
11518
11368
12396
10883
12450
10800
12924
11425
11398
13632
11538
11471
11858
11294
10456
12293
11478
11548
12830
11434
11341
12369
10816
10760
12543
11495
13278
11388
11428
11528
11301
11261
11461
10486
11888
11591
12343
11424
11842
13328
11538
11338
12510
11995
11545
12463
11321
11431
14203
10980
10717
11571
10707
11308
13872
11417
11942
11475
12660
11451
11862
11251
11374
11334
11468
12353
11271
12690
11401
11765
11475
12751
10352
11050
12259
13885
10967
10700
11448
11498
11321
10416
18962
10780
8178
10689
10816
10443
11815
11268
10349
12145
11468
11999
11635
10813
12209
11084
10773
10439
10422
11395
12186
11408
12503
11425
14507
11461
13061
10579
12366
11441
11378
11327
12042
10526
12192
11381
12987
10352
11811
11231
10386
11514
12493
11378
12376
11381
11458
11251
12523
11484
11454
11324
10473
11301
12654
11374
11895
11404
11441
11401
10513
10459
12246
11441
11858
11297
12747
10453
11271
10739
10629
11501
11501
11398
8299
11351
10543
10750
11057
11475
11849
14670
11498
11378
12022
11498
11575
11331
12142
12279
11615
11508
11261
11438
11515
11471
11678
11485
10499
11454
11434
11504
11545
11311
11385
11434
10486
11531
11581
11558
11438
11475
11772
11505
11194
11638
10884
10803
10496
10840
10863
10806
10967
11017
11471
10680
11020
10439
10903
11418
11441
9788
10586
10436
8425
11341
11558
11364
11448
8336
11391
11465
11428
10770
10897
10933
11394
10860
10937
10894
11511
8275
10783
8198
11220
11578
11291
11401
12015
11501
11515
10740
8292
11568
11338
8268
11488
8228
8212
9361
11528
8255
10546
10503
8268
11685
8205
8158
11364
8148
10473
10412
10536
8372
11398
8198
5714
10957
8135
11424
11380
11398
11675
10673
10766
11448
11701
10843
10703
10974
8215
10666
8212
11414
11398
8276
11401
11468
8322
6178
11000
8165
11962
11591
8275
8135
11575
8292
11398
11458
8124
8158
11424
8148
11321
8151
8158
11331
8185
10580
8292
8425
10733
11431
8228
11471
11368
11525
8289
11448
8168
8268
11431
8205
11424
11488
5697
11675
8071
5801
8211
10870
8846
10422
8275
8238
8112
11324
8308
10463
10563
8248
8182
11364
8212
11438
11528
11434
8192
8208
6295
10927
8289
10432
10412
11471
11044
11545
11535
8222
11561
11986
10339
6135
8733
8279
11301
8185
11047
10550
8195
8075
11247
8696
11384
11648
11401
8239
11338
6265
10729
6238
8185
6228
10857
8258
10947
8396
6282
10777
8292
11445
8165
8252
8362
11552
8318
11408
11631
8352
8165
8215
11411
11495
10456
6485
10900
8242
6211
10806
8245
11377
8289
11285
8699
8342
11281
11378
11545
8332
8218
11408
11421
8238
10379
11574
10573
9173
11424
10546
11394
10650
10790
8112
10850
10292
8135
11388
10453
11762
8162
10412
11558
11244
11318
11335
11514
11425
11291
11965
11521
10500
10717
10846
10346
11324
11348
11451
10452
11424
10626
11474
11535
11321
11391
10586
10466
10496
10332
11231
11621
11461
11701
11417
11207
11387
11287
10600
11371
10743
10793
10536
11351
11374
11378
10409
10629
11318
11588
11335
11314
11421
11448
10466
11455
11351
11458
11642
10833
10800
10402
11290
11534
11421
11531
10917
10766
10429
11908
11351
11521
10834
10736
10469
10379
11538
10596
10429
11304
11471
11371
8275
11431
11615
11344
11298
11765
11431
10970
10873
8342
10817
11528
10463
11328
11364
11431
11344
11394
11408
11221
11347
11635
11338
11331
11481
11394
11785
11291
11651
11454
11354
11371
11298
11568
11698
11464
10366
11588
10606
13191
11508
11488
11281
10716
10396
11354
10456
12002
10302
11327
10439
10436
11331
10563
11337
11498
11484
11377
10519
11461
11308
10393
11471
10696
11495
11391
10452
12046
10432
11328
10453
11538
10453
11498
11755
11447
11601
11311
11347
11428
11451
11384
11361
11498
16296
11548
10466
10376
11257
11398
10573
11444
10482
10459
10393
11321
11374
11926
11290
11334
10466
11417
11959
11364
11545
11238
11298
15138
11237
11401
11418
11381
11454
11481
11508
15495
11658
11575
11354
11354
11418
10860
11444
11455
11535
10870
10730
11468
10706
11294
11287
10780
10904
10412
12460
10526
10339
11341
11368
11404
11384
11151
11461
10509
10409
11291
11331
11240
11485
11368
11465
11528
11361
11271
10372
11401
11378
11598
11548
8135
11595
11545
8235
10336
11304
10399
11491
11438
11384
11388
11354
11324
11381
11829
11544
11458
11468
10496
11428
10526
11188
11401
11438
11314
10529
11414
11331
10433
11254
11425
11274
11367
11398
11341
11471
11414
14721
11474
10776
10867
11414
11388
11588
10509
10636
10877
10416
11331
11425
11351
11458
11792
11437
11668
11909
11348
10800
10670
10826
10883
10803
10813
11511
11561
9203
10764
11311
11528
10833
10650
10813
10943
10826
11304
10820
10626
10556
10786
10824
10773
10780
11465
10366
11404
11591
10413
11378
11411
11398
11328
11485
11432
12981
11552
11397
11331
11484
11478
11505
11431
11415
10814
10479
11445
11341
8215
11234
10499
8292
11572
11397
11501
8232
11551
8339
11501
11404
11578
8519
11317
8188
11083
11949
11611
10439
10403
10486
13047
10833
10963
10580
11591
11478
11571
10459
10513
10463
11622
8268
11511
8242
11748
11371
11498
11354
11424
11441
11628
8259
11595
11488
12123
11424
8342
11391
11448
8288
11411
11424
11438
10393
11461
10272
10649
11361
10883
10814
10342
11431
11431
11641
10316
10643
10553
11381
8262
10459
8118
11375
11465
11441
11478
11758
11521
11648
10366
11334
11418
11411
11277
11368
11331
10843
13872
10492
11277
11401
11748
11304
11324
11291
10516
11337
11488
10376
11545
11341
11498
11374
11558
10472
11404
11238
11438
11488
11395
11224
10449
11400
11501
11350
11378
10409
11187
11638
11424
11421
11364
11411
11307
11361
11184
11394
11421
11354
11300
11298
11258
11435
11307
11478
11331
11431
11334
11391
10509
11772
11455
11464
11354
11538
11417
11438
11501
10683
10710
10402
11585
10423
11715
11344
11214
11277
11337
10422
11494
11254
10462
11568
11351
11238
12069
11464
11410
11592
11364
11401
11288
11297
11645
11431
11444
11401
11484
15666
11528
11661
12944
11428
11431
12850
11765
11297
11541
11331
12223
11488
10333
12540
10663
10413
11421
11408
11448
10609
11995
11371
11448
11809
11451
11324
11421
11488
10283
11468
11371
10372
11458
11324
11338
11515
11528
11424
11311
11391
11474
11375
11301
19055
11528
11541
10800
10763
10573
11328
11979
11334
11398
11408
11361
11298
11642
12185
11541
11444
11318
10907
10767
10346
11465
11351
10486
11271
11481
11574
11458
11388
10697
11294
11421
11485
11565
11621
10509
11775
10409
10917
11541
11441
11374
11531
11317
10499
10663
10449
10396
8179
11718
10409
8212
11431
11301
11327
11558
11361
11645
11358
10413
8295
11418
12232
11304
11388
11488
8405
11434
8336
11270
11538
11544
11424
8212
11492
11511
10723
9494
11571
9340
11364
11244
11007
9294
6275
8335
10473
6301
10813
10603
10866
11291
11147
10820
11551
10836
10857
13111
10790
10953
12960
10980
10449
10346
11214
11605
11455
11328
11325
10820
10703
10449
11317
11204
11428
10409
10449
10533
11792
11381
11464
11732
11511
11414
10783
10830
10539
10907
12897
10797
13034
10870
11234
10579
10382
11541
11481
11575
11384
12974
10900
10740
10402
11478
11344
11805
11441
11298
16982
11485
10232
19008
13916
11121
9868
10362
13301
11628
8605
10800
11391
11892
9681
10369
8225
10636
11565
10987
11411
10884
12426
11685
11415
10856
10833
10512
10767
10876
10549
11454
11361
11792
11418
11485
11441
11608
11244
11411
11615
11328
11538
11465
11581
10589
11348
11381
11267
11592
11568
11401
11541
11408
11501
11558
11401
11357
16918
11401
11127
11561
11308
11398
11635
11592
10526
10476
12486
11385
11331
10519
11581
11411
11618
10539
11367
11391
11481
10904
11014
10446
11415
11407
10539
10563
11427
14530
11404
10730
10269
10747
11598
11421
11428
11401
11355
11394
10676
11411
10880
10863
10473
10472
10436
11531
12166
10830
10593
10814
10553
11360
11505
11291
10623
10683
11147
10359
11528
11354
11378
11521
11494
11678
11621
11441
11528
11454
11481
10923
10756
10389
10970
10683
9227
10943
10719
10940
10338
11461
11271
10285
11481
11447
11304
11374
11427
10439
11451
11568
11368
11358
10930
10746
11915
11381
11377
11441
10502
10399
10669
11421
11371
10589
11454
10309
11451
11431
8185
11197
11405
11314
11448
10780
10769
11044
11538
11531
10466
11368
11358
11578
11324
11344
11478
11432
11361
13565
11431
11394
11230
11408
11357
10439
11294
11421
10620
10610
10513
11374
11431
11481
11478
10820
10813
10526
11285
11391
11585
11588
11471
10456
11528
11404
11528
11501
11628
10667
11417
11281
11611
11090
11534
11351
11582
11234
12099
11411
11337
10776
10917
10509
11284
11344
11431
11494
11415
10366
11481
11368
11434
11351
11355
11371
10626
11541
11411
11584
11528
10900
10770
10974
10486
11715
11518
10466
11318
10586
11625
10623
11999
11488
11317
11477
11337
11495
11501
11575
18805
11511
10456
10586
11498
11621
11508
10446
11478
11658
10436
11354
11448
11415
11725
11628
11435
12133
11525
11424
11531
11438
11227
10680
11284
11424
11294
11324
11471
14520
10459
12299
11358
10376
11324
11832
11441
13024
11378
12987
10323
12406
11665
12179
10593
12296
11020
10493
11739
11475
11905
11374
12724
11004
10506
11331
11852
11395
13021
10413
13001
11264
10480
11414
11725
10509
10446
11511
11368
12183
11722
10486
10556
10603
10372
10383
11324
11404
11491
10409
11458
11415
10499
11421
11321
10433
11465
11351
11458
11364
11354
11231
11405
11391
11161
11367
11221
11969
10439
11555
11347
11424
10894
10810
10553
11274
11171
11381
10813
6215
11518
11515
11384
10386
11414
11284
11448
11308
11361
11468
11544
11350
11856
11337
10453
11368
11708
11331
11518
11508
11264
11732
11298
11468
10943
10820
10356
11388
11431
11354
11374
11518
11421
11384
11598
11454
10967
11395
11361
10449
11407
11404
11448
11381
11525
11274
11418
11495
11461
11374
11551
11989
11391
11387
10366
11471
11464
11271
11321
11344
11959
11421
11448
11351
11324
12036
11344
11562
10840
11344
10750
11057
11614
11478
8245
11478
10486
11555
10433
11481
11254
11291
11464
10356
11702
18661
11451
11435
11515
11241
11264
10616
10586
11631
11287
10683
11341
11508
11885
11585
11431
11484
10356
10359
10426
10910
10660
10422
10432
8215
10553
11297
10493
10683
10606
11498
11615
11545
11437
11354
11698
11445
11514
11561
10349
11274
11458
10322
8172
11351
8896
11397
10476
10399
11294
10295
10426
11328
11391
11314
10326
11347
11501
11331
11631
11361
11465
11361
11424
10509
11281
11281
10546
10603
10412
10526
8308
10656
11518
10556
10499
10489
10379
11565
11574
11174
10600
10379
12142
11394
10777
10760
11454
11534
11437
11331
10312
11220
11311
11311
11398
11461
11451
11498
11267
10546
11538
11441
11394
10659
11458
11428
10406
11498
11561
11391
11380
11357
11602
10793
10486
11445
11337
11514
10619
11518
11641
11461
11248
10650
11424
11979
11284
11371
11368
11354
10483
11455
11378
11318
11358
11508
11578
11682
19272
11271
11351
11522
11341
8229
11471
11301
10650
11434
8639
11338
11475
10292
10356
8162
11454
11458
11465
11435
11511
11401
11374
11391
11348
10596
11488
11337
11335
11494
10412
11505
11200
11431
11264
11331
10520
10613
10523
10272
11351
10339
11367
10430
10663
10542
11721
10783
11562
11575
11702
11347
11167
10904
10446
11361
12009
11371
11421
10649
11431
12977
10422
12666
11307
11551
10626
12339
11391
11972
10432
11972
11525
11394
11288
13151
10469
12914
11338
11107
11345
11385
10743
11411
11555
10389
10613
10406
10526
10425
10443
11401
10573
10436
11404
11575
11191
10469
10316
11451
11568
10402
10383
11408
11464
10453
10446
11658
11391
11264
10472
10409
11504
10312
10539
11354
11298
11401
11361
11395
11548
11341
10847
11087
11384
11428
11438
11925
11381
11468
11545
11405
11304
11374
11515
11297
10810
11461
11358
11274
11531
11384
11772
11525
11468
11338
11371
11528
10726
10406
11007
8202
11642
8158
11274
11404
11023
9210
11431
8329
11501
10379
11060
10299
8756
11398
11244
11161
10362
11381
8279
11351
11474
11157
9160
10416
8218
11294
11341
12119
10643
11438
11428
11391
11391
8215
11364
8305
11444
10566
11628
11568
11438
11441
17893
11478
10606
11434
11391
10339
11224
11344
11431
11415
11598
11465
11298
11394
11652
11384
11464
11902
11505
11401
10576
11875
11548
11217
10509
11317
11401
10313
11401
11367
11368
10429
10623
11575
11311
10920
11244
11427
11545
11324
11638
11407
11445
11311
11511
11347
10479
11408
11444
11518
11371
11568
11365
10914
10860
10436
11351
11247
11351
11501
11421
11572
11458
11381
11348
10493
11711
11398
11301
11264
11314
11585
11601
11325
11365
12069
11124
11404
11521
11254
12046
11558
11584
11451
11468
10550
11441
11468
11385
12086
11558
11354
8365
11464
11498
11515
10556
11418
11561
11374
11348
11421
10399
10389
10362
10346
13231
11478
11508
11334
11328
11351
11498
10556
10870
11441
10906
10653
11374
11451
10443
10406
11251
11575
11257
11301
10439
11348
11331
11398
11564
11909
11247
11371
11441
11468
11327
10319
11454
11304
11408
11411
11404
11411
11294
11277
19443
11541
14413
10806
10496
11311
11374
11648
11362
11325
14930
11264
11391
11435
11515
11338
11431
11431
10456
11381
11401
11568
11344
11545
11451
11315
11401
11417
10252
11434
11311
10433
11331
11371
11501
10610
11474
9213
10907
10436
10396
11428
10359
11337
11398
11231
11214
8275
11424
12476
11545
13645
11254
11258
11555
11291
12683
11408
12376
11448
11311
12867
11401
11581
12800
10633
6158
13919
8288
11752
10439
11996
10396
12987
10289
11605
11354
12767
11324
12676
11174
12106
11358
13040
11281
11415
11458
11468
11411
11294
11461
10366
6178
10927
10503
11401
11234
11458
11307
11448
11347
15755
11351
10386
8262
10386
11591
8135
10296
11598
11298
10156
11361
11364
11264
11254
11334
8219
11361
16918
11598
11545
11574
11708
8282
11237
11461
10276
10502
10733
8188
11157
10339
11341
11164
11335
11301
11325
11280
11374
11645
11461
11384
11221
9458
11281
9173
10312
11461
11408
11395
11241
8179
11317
11264
11177
8636
11534
11371
11378
10389
10519
10296
11511
10492
11278
11337
11348
11434
11437
11301
11371
11348
11411
11348
12353
11361
11338
11437
12773
11484
11351
11227
11381
11465
11394
11225
11605
10433
11227
12617
11658
11545
10639
11688
11244
10369
11401
10520
10706
11371
11271
10416
11381
10322
11508
10670
11285
11344
10333
11582
10286
10319
11318
12206
11358
11334
11378
11301
10709
11504
10523
10870
11421
11418
11321
11317
10443
10787
11398
11307
11421
10353
12430
11378
11324
10279
10342
11227
11568
11378
10372
11321
11304
11294
11584
11475
11311
11471
11408
11274
11367
11277
12333
11652
11394
11491
10393
11408
11405
11251
12253
11191
11438
11384
11217
10399
11207
11285
11448
11388
10359
11522
11304
8349
10927
11408
10640
11291
11404
11204
11415
11251
10406
11288
11311
11505
11398
10306
11384
11157
11348
11504
12193
14393
11588
11518
11314
11334
10463
11575
11167
11240
10449
11444
11221
10466
11290
11311
11338
10797
11481
11411
11468
11414
10550
11281
11361
10670
11408
11207
11331
11414
11501
11434
11401
11381
11344
11337
11264
10486
11284
11261
11347
11354
11327
12339
10413
11171
11274
10416
11598
11298
11414
10312
11414
11711
11381
11391
11521
11307
11250
11257
11471
10339
11645
11224
11230
11541
11230
11341
12530
11391
10296
11551
11785
11374
10556
10429
10680
10406
6201
10807
10439
10716
6148
11511
6101
13188
11268
11288
11531
11602
11411
11414
11124
11374
11378
11408
10352
10382
10717
10566
10773
11411
10744
10639
10716
10366
10309
10790
10590
10590
9066
11321
9097
11271
11277
11287
11351
11274
11344
11375
11267
11311
11437
10499
11248
11224
11314
11300
10366
11318
10610
11311
10295
10299
10499
10346
11354
11435
10426
11361
11301
11414
11317
10398
11465
11451
10813
11518
11060
10910
10423
11695
11318
10369
11665
11411
11394
11394
10366
10513
10797
10399
10466
10730
12346
11321
11705
10273
11234
11468
10269
11394
11144
11381
11541
11207
11611
11177
11508
11381
11544
11131
11278
11401
11341
10353
11261
10479
11241
11254
11638
11421
11498
11615
11351
11454
11344
10329
11431
11437
11652
14744
11384
11167
11437
11451
11247
11268
11398
10499
5450
11598
6281
11364
11401
11468
11421
10520
8212
11261
8212
11287
13401
11207
11424
7998
11288
11404
11491
11288
12673
8229
11427
8082
11358
10463
11201
8670
11608
8182
11351
11568
11394
11481
11475
8172
10874
10302
12453
8489
11538
8189
11411
11317
10583
10325
10329
12079
15325
11291
11718
11187
8149
11615
10326
11541
8222
11407
8102
11237
11294
10747
11218
8148
8238
11241
11478
11201
11241
11358
11301
11328
11451
11381
11441
11444
11217
11304
11220
11314
11288
11395
11274
11291
11485
11378
11615
10372
11448
11298
11391
11411
10429
11431
11445
11275
11615
11361
11254
11692
12603
11765
11555
11254
11301
11341
10449
14130
12396
8095
11337
11214
11241
10519
11418
8092
8155
11324
11154
11368
10376
11501
11331
11381
10519
10389
11244
11391
11488
11304
10439
11541
11575
10212
11438
11411
11401
11268
11328
11301
11421
11601
11318
11331
11324
11458
11321
11482
10472
11171
11461
11347
11381
10453
11037
13432
11318
11351
11344
11458
10453
11488
13725
11438
14697
11405
12212
11411
11294
11511
11347
10299
11521
11271
11424
10523
11488
11381
11190
11441
10549
11341
11324
11257
11405
11385
11278
11284
11224
11491
11198
11284
11404
11498
11261
11404
11538
11258
11348
11291
11291
11378
11404
11448
11461
11471
11331
12550
11401
11314
11411
11271
11338
11334
11267
11324
11144
11334
11398
11124
11311
11481
11554
11374
11388
11267
11828
11387
11257
11441
11374
11524
11301
11137
11367
11311
11294
11358
11428
11260
11381
10820
10559
11464
11571
11394
11488
11575
11404
11398
11318
11164
19650
11605
11331
10633
11044
11200
11187
11398
11301
11665
11338
11375
11370
11568
11725
11187
11301
11321
11364
11588
10373
11501
11465
11294
11401
11381
11244
11438
11455
11321
11358
11552
11354
11594
11451
11274
11464
11448
11194
11441
11291
11417
11267
11411
10362
11598
12173
11435
11581
11284
11411
11401
11401
10379
13742
11388
11347
10884
11220
11892
11227
11167
10249
10737
10693
10423
11211
11488
12336
10449
11431
11531
10426
11512
11260
11498
11578
11311
11545
11391
11344
11337
11291
11602
10503
11204
11164
10256
11161
11668
11181
10633
10857
11531
11147
11188
11271
10246
11241
11338
10239
11455
11318
11304
10526
10506
11341
11234
11317
10339
12737
11555
11154
11457
11385
11377
11484
11301
11260
11238
11611
11298
10589
11337
11361
11214
11341
11375
11468
11421
11257
11355
11491
10222
11381
11548
10322
11345
10579
11517
11394
10499
11357
11511
11501
11340
11444
18685
10312
10703
10770
10356
11344
10452
11428
10482
10473
10510
10459
10600
11334
10410
11448
10349
11495
13295
10445
11235
11324
11394
10339
10379
11384
11180
10265
10519
11478
10292
11257
10549
11278
12153
11224
14230
10406
10373
11217
11244
10459
10616
10546
10403
10530
11384
11384
11301
11435
11264
11291
11518
11641
11251
11297
11414
11317
11341
11331
10426
11271
11361
10289
11257
11261
11388
11321
11468
11435
11288
11200
10356
12617
12149
11365
11464
11341
11602
11191
11368
11354
11321
10345
10883
11174
10372
11331
11384
11472
11331
11288
11552
11244
11321
11471
11201
10279
12133
11328
11331
11207
11428
11257
11351
10376
11465
11378
11414
11344
11401
12309
11324
11354
11201
10409
11415
11364
11407
11201
11431
11007
11966
11327
10927
10794
10272
10867
10730
11611
11381
11261
11314
11254
11424
11231
17202
11598
11451
11314
12957
11123
13115
10670
11828
10496
12460
11414
10333
11297
11351
11277
10496
13231
10720
10503
11501
11117
12620
11341
11298
11294
11334
11244
10433
11445
11341
11358
10429
11501
11444
10326
11411
11351
11471
11331
11374
11264
11401
12400
11401
11378
12346
11294
12917
10479
11491
13191
11304
10276
11227
12810
11411
11682
11261
10409
11288
12704
11368
12146
10272
11181
11258
11935
10389
12149
11417
11648
11341
13796
11411
10499
11505
13101
11164
12980
10639
10313
11254
13882
12146
13091
11204
11294
11288
12400
11331
11976
10764
10456
11681
11317
11337
11197
11498
11471
10326
10275
10456
12644
10446
11652
11317
12333
11431
11825
10677
12222
10416
13157
11481
11271
11374
11280
11234
12647
12196
13178
11341
11311
11458
11572
11390
12439
11471
11845
11341
12369
11431
11261
11327
12075
11271
11094
10262
10396
11331
11938
11328
11698
11471
11718
11214
11678
11204
10476
11408
12303
11331
11625
11271
12814
11344
11635
11201
12323
12363
12690
10232
11494
11505
13522
10359
11505
10776
10315
11511
12002
11301
12743
11254
11141
11240
11247
11087
10779
10546
11441
11241
10416
10559
11418
11351
11475
11307
10740
11361
11441
11381
11140
11311
10343
10519
10476
11297
11358
11147
11304
11284
12874
10406
10359
11534
11140
11491
10406
11311
11361
11351
11147
11194
11435
11331
11311
11545
11368
11468
11134
14056
11511
11378
11284
11341
12800
10306
11287
11321
11231
11274
11170
11301
10720
10893
11538
8195
11271
11568
11518
11408
8145
11247
11338
11461
8062
11201
11324
8219
11425
11330
11334
11197
8162
11484
14136
17546
10503
11321
8318
11541
11174
11254
11167
11284
11194
11451
11347
11675
10456
11538
11277
11424
11257
10343
11338
11886
11287
8228
11364
8185
11284
11571
11324
11334
11441
8526
11304
8258
12974
11360
11391
8506
11338
8279
11351
11327
11368
11347
8162
11364
11284
10740
11031
11317
8082
11277
11498
11408
11368
11404
11157
11418
11481
11341
11344
11321
11391
10590
10155
11278
11321
11240
11321
12236
11227
11388
11298
11484
11447
11345
11281
11301
10633
12366
11244
11370
11361
11248
11391
11414
11174
11218
10713
12043
11367
10666
10660
11338
15689
11317
11011
11301
9862
11338
7434
11317
17847
11865
8813
11488
9100
16040
11411
8325
11281
11922
11391
8115
15372
13910
10630
11401
8148
8222
11244
11247
11234
8135
11294
11217
11301
11261
11294
11358
11411
11651
11297
11532
11508
11214
11478
11241
11425
11268
11327
11291
11215
11261
11254
12774
11401
11201
11284
11544
11187
11401
11411
8399
12099
11217
20849
9180
11488
9087
11585
11351
12563
11545
10903
11491
8165
13321
11345
8215
13104
11201
12342
11471
11518
11160
11845
11408
13699
11301
12189
11358
13582
12350
11945
11124
12556
11571
12820
11287
11872
11341
8215
12984
11358
10924
11405
7955
10586
8125
11194
11401
11578
8121
11190
11360
11264
11758
11485
8746
11294
11244
11365
8075
11358
11287
11428
11154
11241
11257
11298
11318
11451
11344
11345
11528
11260
11451
11281
11351
11291
11391
11358
11271
11498
11478
11394
11134
11451
11265
11401
11324
11227
11355
11324
12159
14410
14424
11418
11327
11291
11581
11244
11418
11287
11398
11458
11291
11377
11341
11184
11374
11424
8098
11281
11511
11425
11164
11505
11518
11317
11388
11324
11331
11548
11725
11348
11398
11347
11257
11341
10767
11221
10699
10683
11314
11140
11271
11481
10620
10666
10717
10763
10633
10609
10699
10710
10766
10640
10583
10649
10653
11077
10810
10616
10937
11458
11341
11277
10716
10720
10590
10719
10693
10796
10710
10746
10503
10696
10897
10993
10870
10686
10709
10830
10743
11344
11381
11448
10830
10623
11281
11254
10853
10606
10707
10860
10693
10813
10633
10870
11498
10767
10777
10719
10710
10677
10736
10640
11538
11324
10820
10643
11371
11658
11862
11531
10333
10456
11488
12132
11391
11378
11455
11491
11334
11227
11347
11408
10880
10639
11488
10449
10403
11354
10302
11387
11365
10326
11265
11608
11421
11441
11481
11455
11301
11188
11474
10389
10416
10523
11241
11505
11294
10793
10266
11151
11401
10903
11368
10613
11428
11244
10767
13799
11461
10757
11348
10566
11408
10850
10142
10690
10285
10456
11117
11511
11304
10799
10376
11552
10746
10349
10386
11254
11478
10877
10245
10810
10312
11281
10963
10325
11371
10693
11431
12644
10629
11244
10793
10463
10483
10546
10913
10302
10730
10356
10496
11568
10503
10389
11305
11334
11317
10847
10286
11451
10690
10356
10382
10991
11314
11421
10633
10313
11438
10690
10482
10386
10680
12199
11377
10779
10539
11374
10355
10756
10440
11508
10693
11605
10536
11875
10453
10279
10820
11241
10586
11445
10352
11414
10312
10820
11274
11258
10810
10262
10453
10766
10346
10399
10843
11217
11405
10853
10489
10509
11982
11388
10309
10726
10413
10252
10904
10406
10493
10436
10816
10696
8295
11829
10927
8139
11284
10760
11365
10710
8369
11301
10780
11174
10623
11151
8232
10576
8192
11208
10603
11340
10736
8252
11170
10870
11204
10683
8215
11414
10643
11287
10756
11508
11418
10777
11294
11558
10767
6158
6141
10600
6201
10910
10312
10776
11284
10693
6131
10719
11424
10703
10135
9250
11435
10776
11374
10857
11247
10816
11338
6108
9096
8122
6141
10873
10282
10746
11177
6979
11661
11231
10749
12994
10345
11652
11528
11485
11381
12413
10382
12356
11104
11147
11378
13081
11471
10473
12386
11344
10526
10897
12687
11267
13211
10670
12680
10276
12132
10760
13372
12243
12123
10352
11648
11244
11685
11261
11551
11418
12760
11217
10282
13765
11345
11712
11328
12733
11518
11548
10656
12003
11181
11799
10453
12717
11330
10235
11722
11424
11324
12152
13939
11381
13458
11508
10319
11277
10315
11434
11304
10329
11404
11324
11521
11231
10432
11274
11307
10206
10489
13134
11184
10273
10209
11598
10469
11274
11301
11401
11508
12256
10369
12159
11334
11264
11678
12353
11227
11388
11207
10493
11725
11394
12897
11315
10366
12961
10630
10810
12483
10473
12877
11381
11167
11258
11134
10362
10279
10205
11404
10403
10195
10329
11535
12236
10536
11228
11635
11334
10480
10406
11374
11231
10406
10372
10583
11394
11328
11418
11344
10423
10339
11381
11161
11421
13525
10276
11298
11374
11271
11441
10362
12430
11170
10500
10239
10399
11268
11277
11702
11391
12860
11388
12016
11514
11394
11291
13742
11148
12039
10443
13922
11264
11228
11187
12209
11184
12039
10316
12163
10777
11184
10599
10209
10686
18424
11377
11976
11434
12052
10309
11635
10576
10232
11318
12657
11254
12193
11391
11341
11210
11284
11317
13331
11484
11471
10335
12987
11441
11478
11507
11825
11210
11835
10680
10339
11678
8916
13539
11304
12079
11261
11735
10446
11578
10714
10366
11431
13766
12072
12019
10429
11795
10436
13505
11271
12440
10543
12707
10673
10262
11264
11758
11380
13822
12136
11348
11214
11274
11448
12734
11331
13341
11164
11421
10443
10730
11915
10139
10590
10990
11305
12547
11374
11665
10236
11855
11241
12310
10413
12964
10656
10242
11421
13689
11267
12984
11238
11231
11331
10426
11130
14684
11147
11949
11264
11802
10276
13017
11357
10322
11207
11745
11358
14193
11234
11361
11307
13793
11438
11481
11358
12239
10295
12226
11257
11725
11231
11428
11381
12219
11371
16871
11224
10406
11334
11408
11341
11224
11525
12373
10760
11314
10693
12563
10289
13521
11251
11347
11388
11331
11194
12553
11331
12500
11230
12757
11972
12440
11237
12059
11310
12847
11364
11721
10379
11541
18952
13869
10449
12703
11514
11698
10676
10332
12941
13712
11852
11267
11441
13298
11695
8035
10285
10432
10459
10379
12026
11545
12657
11218
11438
11445
11465
11441
11431
11247
11304
11304
11555
11514
11358
11237
11334
11288
11551
11227
11317
11288
11424
11264
11281
11328
10329
11481
11344
11264
11321
11281
11338
11307
11214
11524
11578
11338
10399
11351
11220
11338
11241
10363
11154
11264
11294
10413
11241
11281
11365
11321
11387
10356
11297
11478
10439
11351
10259
11357
10295
11198
11367
10332
11217
11341
10462
11331
11455
19473
11298
11378
11564
11421
11338
11137
11474
11208
11281
10312
10333
11364
11335
11268
10148
11305
11324
11441
11257
11374
11397
11254
8135
11054
11284
12063
6212
11344
10709
10666
11384
11415
11231
11208
10429
10212
11341
10423
11317
10285
11238
10225
11238
11241
11234
11227
12186
11141
11448
12192
11468
11384
11308
11518
11318
11314
11324
11338
11348
11294
10413
11417
11267
10489
11234
11174
11177
11298
11297
11281
11234
11448
11284
11391
10342
10226
11384
11428
11317
11217
10389
11615
11294
11308
19740
10355
11341
11214
11284
10323
10866
11354
11939
11939
11708
11365
11471
11298
11220
10419
12115
10282
10450
11562
12416
11120
12704
11441
10366
11040
10292
11528
12319
11381
11618
11565
12520
11234
13308
11271
11608
11428
11364
11368
11574
12129
12309
11164
11548
11548
11354
11288
11989
10349
13378
11354
12269
11251
12669
10556
13101
10736
13469
11375
13645
10616
10800
13018
10406
12430
11528
11411
11301
10352
11290
13632
10416
13652
11381
11581
10419
11745
10426
12543
11388
12360
11471
12467
11515
13491
11521
11211
11281
12734
11407
12096
10583
11398
10837
11976
11190
14223
11417
11975
11411
12440
10760
11291
11194
11434
11611
10526
11458
11227
11441
11091
11578
11357
11558
11498
13298
10316
13759
10703
10222
11277
11711
11438
12456
11625
10393
12336
11248
11421
11351
11698
11354
11681
11348
12500
12059
11271
11385
11385
11271
12142
11254
12470
11361
12193
10593
13151
10619
10422
11191
13244
11214
11728
11357
11702
11357
10580
11207
13381
10400
11945
10664
13762
11311
12901
11451
10292
11354
11200
11214
10509
11164
11314
11528
15997
11320
11227
11241
10212
11277
11278
11237
11381
14808
11377
11218
11367
11357
11441
11465
11247
11158
11341
11454
8055
11465
11287
11301
12172
8239
14840
11367
13873
11431
11434
12897
11368
11317
11361
11338
11388
11528
11505
11157
11401
12336
11338
11782
11642
15996
11548
11204
11311
11718
11648
13034
11268
11711
11548
11151
11538
11177
11311
11304
11391
11474
11204
11377
11361
12620
11254
10413
11257
8178
11608
11274
10880
10352
11057
10185
11341
10977
10773
10248
11300
11318
10369
11435
10953
10783
11261
10382
11291
11451
11297
11161
11484
11104
11197
10920
10806
10386
11368
14898
10413
11411
12112
11358
11511
12470
11261
11324
11411
11448
10312
11268
11427
11698
10780
10820
10289
11311
11418
11314
11311
11394
10403
11344
11388
11265
10690
11187
11454
10436
11374
10526
11407
10359
11401
11351
11381
11284
11374
8208
11618
11248
9107
11431
11367
11227
8262
11405
8212
10359
10482
11484
10489
11451
11354
10470
10463
11304
10302
11318
10299
10490
10476
11264
10496
11318
10563
11461
11241
10463
10453
10259
11458
10436
10506
12303
12370
11361
11401
11658
12279
11388
11391
10469
11197
11318
11384
11408
11464
11257
11344
10766
11171
11331
11401
11354
11535
11295
11264
11144
11331
11264
11321
11421
11254
11341
11448
11351
11124
10783
10509
11244
11501
11655
11394
11955
11354
11288
10530
11368
10419
11224
11360
11518
11354
11364
11418
10697
10409
10656
19980
10356
11211
11364
11391
11294
10997
10519
10720
10616
12860
11140
10309
10773
10740
10789
11632
10723
11555
13214
10923
10666
11541
11378
11468
10720
11270
10847
10743
11468
11665
10669
10379
10944
11104
10189
10834
10917
11318
10643
10797
10536
10777
12613
10887
12219
10870
11414
10676
10914
10336
10810
10964
11234
10793
12095
10789
11388
10789
11575
10736
10550
12376
10777
10783
11374
10947
10683
10810
10352
11107
11695
10587
10586
10626
12226
11041
11741
10456
11718
10593
14744
11030
10683
12423
10786
10787
10426
10844
10706
11582
10887
10493
10780
10626
11317
10660
10790
11367
10810
11368
10332
10626
10429
10827
10563
11535
10890
11227
10790
10723
12894
11555
11481
10784
10740
11414
10806
11444
11290
10736
10336
12730
11010
12102
11257
11007
11348
10823
10326
11415
15047
11251
10439
11308
11318
11248
11351
11154
11425
11168
11324
11261
10553
11257
11254
11327
11311
11377
11204
11495
12122
11337
11434
11381
11562
11057
13378
11805
11515
11364
11351
11414
11277
11651
11341
11641
10613
10907
10276
10967
10883
11231
10773
10957
11281
10730
11375
11324
11381
11458
10563
11438
11241
11294
11318
11261
11271
11361
8081
11294
11251
11384
11257
10336
11107
11324
11197
11435
10836
6441
10309
11378
8245
10289
8098
11418
11254
11562
11261
11445
8101
10283
8171
11588
8105
11264
11171
8232
11361
11341
12339
10409
12253
11230
11311
11411
11361
11852
6081
11424
11020
11361
11141
11417
11495
11274
11445
11327
11314
11247
11341
8162
11274
11208
11064
8125
11388
8105
11471
11334
58910
11365
8165
6004
11388
8325
11461
8215
11307
8205
5480
11164
8248
11217
8178
11314
8185
11124
8155
11448
8185
11384
8312
11314
11348
11351
11311
8085
11537
11297
11225
11391
8179
10817
10606
10690
8228
10723
9287
8770
13448
8238
8496
9317
12724
8302
14023
9193
12293
9304
12046
8098
11879
9314
11675
9190
12717
9037
12263
9140
11688
8139
12479
12032
11795
8706
11542
8739
12072
8252
13439
8506
12520
9230
11595
8539
11558
8212
11889
8415
11952
8185
10944
12607
8125
10984
11348
10896
11495
10767
11351
11514
11277
11531
11478
11214
11445
11377
11291
11294
11378
10429
11431
11264
12176
11251
11207
7995
11385
11305
10380
11307
11635
11294
5657
10416
10589
11758
11842
11341
11485
11331
11271
12423
10473
10453
11441
11234
11475
11181
11244
11428
10553
11378
11424
11474
10245
11244
13618
11525
11201
11671
11284
11271
11554
11351
11117
10319
11278
11291
13205
11150
13124
10816
10379
11467
8028
10376
10850
11301
10773
11361
10673
10612
11391
10740
10733
10246
10923
10666
11551
11565
11454
11287
11268
11448
11244
11200
11254
11267
11164
11448
10744
12540
11327
11211
11391
11708
11277
11845
10409
11384
11378
11699
11368
11418
10586
12704
11204
11374
11344
11551
11191
11251
11421
11461
10539
10483
11334
11308
11234
11354
11287
11595
11334
11201
11411
11351
11177
11474
11287
11398
10292
10199
11287
11231
11441
11394
11281
11134
11361
11358
11481
11368
11404
11391
45395
10887
11304
5583
13769
11391
5396
10710
6151
11387
10810
11521
12022
11431
11057
11692
11314
11405
10860
10730
14510
14874
11287
11184
11361
11468
11267
11441
11304
11404
11167
12467
12193
8068
11230
11234
11308
11257
11371
11294
11318
11237
11237
11344
11541
10730
11474
11484
11404
11315
11164
11251
11331
11418
11324
11371
11421
11371
11324
11291
11435
11174
10610
11431
11418
11357
11241
11267
11174
11291
11485
11411
11428
11328
11394
11254
11201
11244
11354
11294
11271
11314
15032
11511
11268
11261
11204
11375
11367
11458
11254
11237
11407
11240
11034
10700
11448
11207
11554
11247
11441
11338
11294
11458
11318
11291
11364
11615
10707
10273
10930
9177
11642
9193
10963
11425
11151
11468
11297
11508
11491
10292
5670
11625
10830
10770
11330
11404
8195
12002
9270
10599
11261
11064
10897
11217
10820
11398
11154
11341
11321
11448
11137
11147
10249
10269
11395
11264
11284
11004
11448
11197
11364
10733
11207
11204
11495
11297
11278
12289
11318
11331
11301
11361
11297
11562
11241
11254
11207
11154
11424
11671
11281
9879
11023
9117
10943
9484
10934
11595
11064
10686
10826
10683
11698
10653
11067
10813
11237
11388
13879
10676
12984
10824
10860
10720
10743
10740
10733
10799
10694
10760
10673
10699
10606
11902
10886
10610
11308
11214
12146
11508
11354
10796
10696
10843
10863
10797
11792
10733
10610
10910
10714
10739
11448
10503
10693
10783
10860
11448
11224
11442
11297
10713
10560
11828
10789
10860
10844
10663
11371
11387
10770
10770
10613
11385
11317
10790
10900
10827
10733
10700
10709
10566
10824
10553
10569
10656
12212
11154
6104
11842
6876
10877
10609
11170
10796
11291
10676
11324
10783
11274
11214
11297
11341
11431
11221
11571
11544
11364
11291
11291
11344
11328
10954
6191
11301
10887
11384
11128
11194
11230
11238
24476
11314
12189
11434
11421
12146
11190
11288
12112
11454
11418
11431
11174
11368
11966
11217
11956
11407
13114
10382
14166
10687
11631
11381
11952
10679
11321
11374
12713
11394
11221
10616
10703
6171
10739
6319
10770
6288
10600
6208
11458
6248
10572
6218
10803
6198
10693
6228
10646
6195
10924
6148
10874
6261
10643
6338
10690
10800
6288
10613
6194
10817
6248
10663
6198
10643
5867
10696
6208
10880
6278
10723
5433
10813
6198
10660
6272
10753
6241
10807
17659
10656
5927
10847
5607
10659
6288
10593
5450
10716
5457
10707
6225
10790
6114
10657
6298
11544
6248
10663
6195
10576
6385
10646
5661
10646
6218
10623
6272
11468
6218
10726
6211
10764
6228
11418
5630
10506
6188
10663
6215
10589
6252
10676
6231
10649
6198
10840
6121
10717
6185
10794
6221
10586
10723
6181
10857
6271
10740
6142
11087
10309
8315
12393
10489
11167
8289
11491
8118
11311
11247
10265
10285
11572
11368
12069
11581
11815
10640
13949
11248
13555
11398
11682
10646
14209
13328
11097
11435
11347
10215
10740
10523
11305
11237
12703
10379
12356
11217
10413
11344
11768
13909
12831
11191
13235
10774
11495
10623
11639
11127
11735
10599
11204
12389
11284
11601
10790
10449
11317
13081
10346
12256
10222
11337
11210
12647
11318
11828
11180
13765
10386
11728
11404
11217
10349
12129
10756
12927
10209
13926
11247
11461
11167
11521
11284
9257
6104
10255
6138
11765
6232
9434
11381
9187
11408
9090
11171
9127
11241
9154
11528
10746
6178
11418
11672
11184
11218
11284
11892
8215
11956
8462
12032
9217
10643
6282
10863
5590
10563
5637
11485
5693
11451
6201
11959
6305
10830
6175
12741
5590
12867
6278
12156
6195
11782
6378
12266
6211
13378
6298
11962
6358
11234
6378
12306
5864
12877
10563
6204
10606
6194
11909
6185
10743
6135
10620
6108
10569
6813
10880
10563
5767
10580
6175
10786
6191
10846
6161
10813
6275
11432
6301
10643
5593
10803
5520
10863
6212
6271
11625
6178
10937
5931
11708
9631
6178
11631
6135
12122
6081
11461
6148
11207
6248
10890
6205
11628
6158
6211
11471
6131
11221
6258
6215
6101
6245
6325
6147
6214
6916
6265
5701
10840
10653
10713
10753
11154
10686
10613
10860
6244
10636
11765
10580
11495
10683
6218
10593
10990
10596
6255
10719
11648
10850
11451
10703
11348
10586
11304
11277
6095
10850
11405
10583
11759
10950
11995
10556
11815
10693
11601
10623
6275
10913
11769
6111
12056
10693
11635
6131
12717
10860
6208
10640
11909
10679
12944
10747
12473
10997
11682
10991
10890
10723
11869
10633
11618
10499
11929
10413
10727
11755
11427
12773
12212
10703
12229
11608
11745
11221
11264
11237
11318
10323
11705
8252
10476
8289
12757
11424
10950
12333
11288
13087
10930
11180
11037
11739
11174
10810
10346
10897
11738
11448
13171
10974
10446
10730
12003
11201
12112
10402
8345
10847
10469
10670
10780
11291
6298
10777
10346
10783
10345
10570
9267
11374
9116
10810
11425
10590
10593
10687
9230
11381
8693
10433
9170
10659
11395
10669
11000
11247
6138
10733
11247
6161
6278
10325
6585
10500
11230
11835
11431
11434
14230
11311
12400
11220
11805
10275
12410
16785
10599
11398
12543
11374
11765
11224
11418
11358
8222
12199
10359
10389
11281
8101
11501
10322
10740
9317
10499
6098
10777
11387
10479
10519
11357
11147
20428
11405
11304
10903
14524
10312
10937
10780
10760
10663
10767
10923
10543
10703
10432
10736
11284
11314
11264
10787
11184
11274
10663
11551
11284
10646
11197
12360
10747
11294
11308
11111
11178
11431
10757
10376
10523
10703
11385
11391
10743
10830
10857
10840
10690
11247
10683
11612
10783
10637
11281
11358
6111
11388
11294
11311
11324
10760
10936
10780
10610
10803
6158
10726
11611
11451
10837
10763
10733
10686
10813
6061
10703
10787
10813
6689
10706
6198
10737
6258
6198
11631
6248
10723
10850
11321
8242
11287
6439
10716
6148
6999
10843
6175
11338
11384
11294
8185
11358
6098
10663
6084
10245
6225
11361
10192
10386
11421
11227
8195
11311
11241
11538
11431
11725
11311
11167
11528
11415
12309
11247
11274
11318
11131
11284
11260
11194
11308
11318
11247
11481
11375
11418
11241
12102
11314
11278
11408
10961
11404
11304
11347
11505
11348
11324
11424
11394
11240
11297
11401
11408
11491
11194
11277
11278
10816
10696
11261
11250
11304
11217
11214
11461
11648
11371
11331
11504
11341
12670
11274
11331
11375
12222
11324
11324
11320
11428
11207
11304
11281
11374
11498
11358
11411
11217
11431
11464
11224
11604
10854
10586
11465
11324
11364
11384
11344
11351
11224
12169
11328
11404
11291
12497
11321
11351
10499
11201
12062
11404
11254
11257
11354
11474
10309
10463
11408
11264
11294
11441
11264
11341
8148
11334
11308
11698
11351
11445
12336
11201
11391
11234
11484
11281
11294
11384
11404
8880
10403
10790
11491
11181
10853
12516
6245
6331
10259
6261
9407
10292
11795
8279
11511
8245
11495
11294
11221
10292
11408
8202
11374
8358
11244
10399
11098
8823
11478
8215
11361
11401
11238
11475
11508
8205
11331
11284
6321
10365
10840
11264
11371
11271
8175
11167
11244
11174
10299
11381
8335
11337
8228
11391
10245
11317
11414
11404
11304
11421
5550
6177
11244
11434
12116
11264
11351
11417
11244
11598
11498
11361
11321
8399
11324
8121
11234
11301
11448
11287
11531
11211
11401
11375
8171
11217
11314
11371
11488
11401
8212
11474
11277
11601
11384
11188
11481
8021
11244
11314
10496
11431
11261
11347
11304
11235
5553
11254
11177
8211
8175
11398
10352
11365
8255
11241
10456
10589
10306
10469
11114
10349
10369
11240
11321
11474
8191
11668
11397
11424
10439
11391
11484
11455
11525
8252
11381
11288
8062
11338
11245
11371
11291
11270
8229
11257
8105
11237
8154
11331
8142
11415
11561
11511
11301
8208
11321
11475
11465
8369
11348
8141
11328
10516
11217
11491
11368
8168
11398
11421
11558
11207
11325
11285
8195
11384
11441
11264
11441
11268
11398
12018
11294
11351
11351
8075
11291
12573
11344
10526
11157
11621
8075
14166
11348
11331
10369
11217
11454
11217
11982
11387
11572
11228
11304
11288
8162
11124
8122
11354
11498
11154
11494
11237
11495
11521
11331
11404
11281
11525
11314
8235
11314
11191
13027
8272
11288
8205
11237
11241
11314
11341
10362
8212
11334
8329
11260
10523
10436
10506
8142
11017
11324
10904
11318
8359
10933
8262
11194
10720
11345
10813
8259
11264
10860
11318
10720
8219
11294
11885
11107
8299
10660
8111
11334
10873
11331
14570
11264
9154
8248
11288
10506
11635
13355
10633
11641
8015
11298
11341
11244
11160
11251
11408
11304
10656
10679
11144
11291
8115
11444
11261
8185
11354
8269
11434
11307
11498
11277
8122
11307
11535
11254
11268
8152
11294
11325
11281
11568
11397
8125
11334
11535
12219
12199
11478
10372
10429
11358
12496
11431
11414
11374
11367
11267
11435
11364
11445
11177
11401
11234
11451
11231
11414
11160
11381
11648
11388
11601
11277
11338
11411
11411
11327
11458
11218
11628
11264
11411
11264
11381
11401
11284
13074
11304
12233
11274
11331
11268
12473
11288
13502
11575
11511
11211
12349
11251
11875
11304
11802
10456
13335
11314
10439
12233
11444
11702
11348
13495
10933
12637
11374
10335
10927
10710
10637
10393
10854
10806
11228
10876
10609
10225
10663
10743
11288
11398
11274
11378
12406
11384
11340
11544
11207
10516
11291
11321
11257
11261
11485
11311
10476
11495
12400
11334
11478
11234
11377
10322
10255
11305
11371
11311
11220
11441
11528
11414
11388
11314
10690
11237
11257
10222
11541
11401
11211
11357
11214
11321
10305
10930
6101
10489
10713
10850
11304
10964
10609
10242
10666
10924
10382
9377
10713
11147
10933
9450
10657
11234
10840
10489
6225
10703
12680
10783
10296
9283
10920
11484
11137
10813
11308
6151
10747
10559
10703
10780
11254
11261
11401
11592
10335
10379
10316
10376
10636
11758
10626
10349
10329
11508
11257
11478
11228
11251
11398
11388
11544
11438
11251
8192
11358
8399
11211
11144
11374
10202
10750
10326
10466
10543
11201
11825
10339
12296
10733
13078
11482
11618
10663
10439
11455
11501
11959
11488
11485
11972
10776
11822
12243
12349
10887
13632
10353
11885
10446
13542
11424
10626
11314
11298
12256
11371
10953
11418
13499
11431
11341
11511
11725
10396
11682
11334
11244
13361
11188
13462
11445
13321
11528
11785
11187
11361
13805
11394
11321
11247
11374
11377
11334
11278
13578
11411
11578
10215
11301
11234
13034
11404
11885
11672
11635
11661
11415
11220
11417
11201
11421
11428
11288
11177
11388
11254
11344
11234
10172
10412
11268
11488
12102
11120
11508
11348
11237
11395
11331
11241
11387
11478
11345
11531
11908
11368
11003
11130
11337
11308
11328
11124
11241
11431
10369
11237
11344
11281
11300
11101
10944
10714
11318
11395
11475
11294
11318
11398
11274
11428
11241
11224
11398
11194
11281
11267
12546
11250
11391
11321
11211
10335
11411
11525
12400
11190
11314
11578
10813
10916
10529
11060
12246
11394
12934
13565
10392
11621
11257
11525
11281
12784
10663
10226
10873
13081
10366
11398
10689
11265
13078
11919
13582
11327
13655
10790
10409
11291
11544
11602
12139
11364
10265
12433
11280
11451
11344
12039
11398
10847
14517
10990
11304
11291
11297
11351
11555
11435
11514
11425
10930
11414
11188
11488
11254
11258
11357
11508
11261
10697
11354
11157
11441
11565
11331
11538
11358
11281
11418
8375
11234
11344
8145
12300
11391
11238
11294
11361
11321
11428
10292
5727
11258
5517
11932
11338
10329
11572
11351
11935
11224
11294
11381
11291
5430
10937
11184
11455
11405
11291
11395
11521
11251
11221
10566
9103
11679
8295
11358
11204
10469
10513
11391
8172
11468
5547
10796
11418
10510
11177
11167
11421
11345
11348
10255
10462
11468
11308
11271
11475
11452
11554
11324
11395
11485
12206
11441
8212
11227
11124
8098
12056
11371
11220
11217
11378
11351
11628
14814
11481
11585
8142
11314
11247
11224
11358
11214
8332
11355
8248
11181
11371
11337
11404
8209
11294
11377
11388
11464
8309
11445
11515
11377
11224
11271
11351
9083
11260
11437
12223
11391
11608
11298
11251
11347
11327
11431
11434
18057
11167
11384
11545
11338
11224
11481
11364
11297
11298
11374
11228
11344
11471
11161
11271
11297
11288
11351
11358
11414
11508
11378
11325
11308
11561
11351
11201
10262
11405
11244
11214
13535
11321
10750
11458
10740
11007
10566
11448
11267
11288
10436
10476
11508
11298
11364
10356
11434
11919
11217
11191
11354
10423
11524
11308
10469
11324
11481
10413
11431
11692
11361
11317
10323
13702
11298
13368
11421
13051
10623
10349
12279
11792
10362
12413
10372
11465
11207
11792
11181
11715
10396
11608
10730
10569
10376
10916
10373
11534
10346
12152
10737
10422
11244
11311
11475
11238
11648
10439
12212
10843
13184
10432
12463
11371
10860
11344
12069
11050
12169
11461
10947
11327
12673
11140
10710
10593
11375
11401
11211
11458
11344
11191
11237
11287
11134
10606
11221
11331
11568
11431
12353
11317
11939
11638
12389
11378
11689
11227
10343
11221
13601
14600
18765
10392
11160
11328
13512
10292
12850
11375
11705
11588
12259
10483
12971
11391
11261
12503
12507
11345
12243
11368
10422
11334
11745
14083
12794
11388
12005
11378
11304
12059
11334
12105
10386
11792
10473
12029
11398
10479
11441
12416
11331
12717
11405
11868
11117
16524
10439
11425
11180
12600
11261
11307
11424
11338
11585
11618
11441
11354
11124
11461
11261
12396
11184
11398
11307
10366
11190
11170
11267
11405
11451
10292
11397
11458
11301
11467
10326
11358
11291
10436
10837
10713
11401
11321
11304
11354
11434
12550
11999
11154
11251
11241
11401
11144
11477
11345
11357
11401
11261
11314
11150
11164
11257
11311
11385
11341
8071
11194
11241
11458
10303
11261
11367
11237
11641
11601
12162
10433
10399
11341
11448
10563
8195
11394
11658
11231
10549
11291
11398
11401
11247
11554
11488
5507
10266
10609
11277
11484
8342
11297
8138
11231
10339
8165
11325
8168
11224
11238
11511
10723
11378
8148
11324
11492
11384
10289
11365
11341
11404
10907
10766
10256
10152
11421
10262
12209
11261
11328
11127
11267
11378
11478
11301
11581
11294
11448
10526
11120
8238
11465
8112
11294
11387
12089
11401
11364
11197
11495
10773
10807
10339
11311
11308
11241
11391
11034
10733
11244
10352
10409
11381
10867
10663
10663
11461
11017
10690
11548
11031
10700
11328
10740
10756
11478
10970
11338
11461
11351
11327
11351
11495
10887
11167
10739
11415
11354
19460
11384
11315
11244
11298
11628
11311
11157
11274
11354
11544
11388
11258
11271
10289
10436
11271
11558
12323
11107
11274
11414
11428
11377
11271
11381
11240
11174
11388
11568
11364
11404
11274
11408
11408
11237
11187
11284
11328
11391
11321
8205
11324
8288
10660
11364
10325
10369
11174
11194
11371
11208
11418
11258
11315
11992
11270
11458
11341
11238
11261
11287
11428
11438
11418
8138
11220
10436
11267
10406
10523
11385
11348
11211
11207
11271
11315
11331
11261
11621
10499
10329
11314
11287
11565
11328
11498
11401
11531
11244
11378
12346
11485
11418
11321
11725
11301
11221
11184
11268
12433
11231
8015
11278
11310
11341
10375
11742
11371
11805
11318
13491
10369
11715
11298
11327
12292
11271
11264
11475
11816
11335
13064
11431
11331
11334
10890
15088
10820
14053
11548
10269
11327
11865
11378
12647
11407
11875
10299
11387
11949
10419
12801
11258
11164
10650
13194
11361
12192
11271
11318
11181
11187
11278
11384
11371
11281
11368
10436
11458
11461
11261
11411
11665
10249
13124
10265
12670
10820
11327
11074
13391
15282
12350
10913
11164
11542
11902
11137
12413
11170
10386
11270
12429
10258
11551
11351
11324
11465
11715
11501
12884
11257
10369
11318
10406
12340
10449
12146
11338
11551
11224
11628
11314
10947
11451
12042
11047
12336
10326
12971
11033
11695
11475
11678
10750
11458
11385
12593
11461
13512
11234
13558
11451
12490
11448
11304
11521
11348
11331
11397
11307
10453
11300
12997
11324
11738
11434
10446
11277
11585
11398
14711
13465
10135
11895
11378
13385
11224
11555
10807
10379
11265
11421
11261
10342
10373
10306
11341
11488
10396
6308
10736
11304
11438
11371
11385
11491
11504
11341
11188
11371
10205
10563
11238
11295
11277
11361
8155
11241
8312
10275
11465
10386
11274
10780
11955
11264
10449
11351
11431
10373
11414
11241
11515
11231
10256
12773
10453
11424
10249
10376
11267
11394
11394
22091
10964
6245
11755
5757
10877
6185
12466
6298
11277
6188
11077
6338
11084
5647
10800
5670
10977
10583
11144
10664
10943
10660
10894
10840
10737
10936
10559
10623
11391
10666
10776
11478
11424
11505
10834
10703
10633
11761
10853
10974
11979
10760
10720
10639
10606
10816
10940
10917
11562
11478
11461
10630
10653
11354
11244
10643
10697
10803
10770
11014
10810
10653
12156
10803
10960
10804
11701
10713
10797
12226
10830
10733
10860
10723
10880
10780
10663
10923
11325
10850
10784
10790
10830
10980
10670
11374
10633
10750
10747
10683
11388
10887
10783
10770
10723
10740
11475
10710
10860
10817
10663
11337
11411
11348
10663
10806
10750
10953
11020
10780
10616
11505
10870
10693
10773
10683
10840
10747
10673
10884
10757
10693
10650
10800
10957
10734
10793
11291
11415
10867
10763
10660
11294
11220
10619
10743
10823
10763
10920
10679
11862
5731
11932
6262
10646
6338
10940
6248
10840
6125
10753
6214
10924
6339
11832
6418
10733
6355
11047
6178
10820
6175
10656
6732
10907
6175
11351
6579
10883
6512
11023
6292
10589
6161
10626
7026
11031
5613
10753
6228
10796
6017
10659
6231
11021
51459
10699
10790
10656
10699
10696
10803
10669
10753
10640
11083
10696
10763
10786
10967
6275
11064
10576
10606
11348
10836
6442
10860
10793
10743
5450
10703
10690
12416
10783
10676
10666
10749
10723
10860
10990
10529
10787
10740
10760
10780
11815
10629
10760
11148
11428
11057
10586
10546
10620
10843
10690
10740
10603
10726
10700
10790
10696
10646
10706
11411
12152
11264
10827
10850
11494
11340
12480
10900
10573
10750
11561
11294
10799
10683
11024
11344
11474
10716
10773
10797
12163
16804
11608
11936
10730
10847
10870
12099
11003
10620
11358
11277
11000
11608
13695
10696
10627
10670
11074
10810
12971
10743
11274
11101
11999
10579
10613
11788
10967
10740
11414
11331
13051
10709
10723
10666
11097
10980
11170
10667
11809
10730
12493
14811
13451
11020
10774
10613
10757
10877
11821
10616
10843
10757
10746
10800
10659
10673
10730
10697
10673
10516
11892
10789
10649
10743
10746
10740
10610
10603
10713
10844
10790
11031
11277
11177
10663
10609
10873
10656
10790
10733
10623
10860
11027
11298
13265
11407
10920
11277
10920
10723
12927
10686
11054
10680
11014
12580
10904
11087
15018
11357
13051
10766
10950
10830
10707
10619
10910
10826
12840
10633
13011
10777
10883
10703
10727
11535
11505
11358
10733
11648
10793
10753
10660
10823
11258
10673
10780
11301
11418
10677
10630
10583
11335
11515
10726
10583
11087
11287
10780
10903
11234
10997
11154
10673
10866
11120
10639
11147
9374
10743
8382
11261
5616
11054
5610
11057
5557
11949
5560
10943
5597
10700
5677
11117
5677
11054
5550
10617
5630
11217
6391
11271
5557
19994
5657
11168
5556
11097
5583
11204
5643
11177
5614
11194
5577
10933
5637
10647
5637
11311
5974
10893
5704
11063
5600
11161
5643
10967
5593
10960
8378
12019
5554
11244
5624
11077
5610
10887
5644
10813
5544
10690
5487
11020
5553
10977
5727
10883
5596
10967
5533
11798
5510
10903
5654
11160
5607
11598
5553
11912
5607
10937
5507
11117
5673
10997
8843
11177
5573
11141
5597
10993
5731
11024
5704
19019
5703
11134
5697
10937
6649
10593
6318
10670
12353
10599
6031
10847
10950
11835
10660
10733
10790
10716
10947
10894
10813
9233
13247
8883
10649
10649
10997
10733
11097
11689
12844
10636
10837
10516
11154
10686
10933
10706
10847
10723
12834
12069
10880
11535
11364
10776
10953
10683
11458
11277
11905
12814
10900
10626
10981
10743
10680
10743
11575
10843
10950
10719
11007
10796
11107
10603
11054
10730
11675
10570
10870
10810
10907
10877
13051
11475
10733
11398
11324
12296
11107
10630
11421
10794
10630
10613
12310
10813
11050
10880
11935
10940
10803
10580
11030
11121
10853
10667
10770
10756
10736
10947
12002
11048
10994
11371
12229
11355
10753
11004
10627
10977
10693
10673
10857
11064
10847
12059
11063
11137
10743
10790
11972
13108
10716
13589
10833
13111
10960
11003
11017
11137
10653
12690
10823
11021
10907
13262
10559
10743
12119
10977
11455
11054
11237
10910
10903
10399
11230
10446
11171
11404
12924
11414
10974
12153
11377
10766
10880
11518
10814
13011
11248
10753
10700
11220
10970
11040
12851
11248
10847
10309
11772
11134
11341
12132
11201
11305
10847
11064
10473
10983
10877
11384
11735
13075
11267
11104
11041
11361
10770
13448
11274
11050
10530
10967
11338
11331
10990
12176
11304
11137
12460
10850
11752
11491
11474
11097
11278
12510
11227
11254
10760
10800
11164
9117
11395
11408
11394
8252
11468
17078
10803
6254
10646
6692
10670
5604
10907
6272
10703
6324
10620
6034
11210
6082
10683
6228
12086
6308
10677
6121
10610
5971
10957
6144
10727
6448
10817
5624
10924
6325
10984
6735
10737
6202
10669
6415
11187
6348
10739
6195
10817
6288
11254
5724
10663
5614
10603
6662
10893
6355
12099
6241
10723
6315
10984
9714
10777
6468
10740
6372
10767
6054
10760
5590
10747
6221
11999
6529
11655
6208
11825
6702
11644
6435
10653
6582
10854
6489
10706
6321
11237
6472
11081
6539
10796
6305
10730
6341
10810
6191
10770
6789
10700
6038
10543
6880
10636
6492
10730
5620
10800
6188
11278
6111
11304
5574
10864
7260
10810
6415
10877
6252
10586
6285
11304
5610
10844
6188
10723
6388
10920
5670
10787
5684
11197
6712
12039
5437
10887
6268
10576
11631
6208
11184
6054
10620
6331
11261
6402
10867
5984
10679
6338
11060
9227
11381
8302
11367
6248
11211
5577
10743
6465
10680
6198
11335
5527
10606
5968
11424
6245
11722
6555
11842
6769
11281
6371
10743
6315
10850
6378
10894
5483
10670
5543
10593
6656
11892
6321
10576
6251
10860
6228
10667
6251
10639
6325
10863
5643
10777
5473
10850
6582
10533
5607
10850
5594
10914
6037
10770
6358
10639
6682
10740
6532
12082
6148
10703
5537
10907
6198
11398
6218
10786
6315
10863
6271
10736
6923
10844
6271
10727
5637
10673
6288
10950
6211
10759
6004
10857
6125
10740
6308
11398
6185
10700
6335
11488
6482
10650
5616
10674
5530
11020
6131
11068
6158
11054
6385
11141
6902
11281
6588
10767
6508
10763
6498
10660
5550
10727
5697
10700
6596
10546
6074
10793
6465
10573
6689
10663
6545
11555
6228
10696
6228
11678
6568
11057
6241
10740
6201
10749
6482
11004
6478
10753
5570
10920
7801
10937
6205
11000
5640
10984
5540
11060
10763
10983
10749
11588
11137
13729
10636
13472
10760
12423
10509
10967
10706
13061
10596
10914
10606
10923
10673
10793
10626
12089
10730
11658
11214
13973
11652
11705
10843
10920
10603
13618
10740
13488
10506
11207
10884
11288
10739
11825
11027
11047
10703
11034
11605
11000
11471
11431
11378
12763
10829
11037
10570
11067
11641
10984
10760
13826
11584
13899
10803
11031
14487
14129
11070
13449
10543
11488
11381
13248
10696
13055
10760
11110
11348
11521
11274
11007
10777
11157
10853
12002
10757
10850
10770
10826
10857
10593
10730
10749
10773
10773
11241
10673
10636
11685
10713
10880
13258
11588
10736
10950
10740
10934
10824
10773
10473
10727
10783
10766
10917
11491
11097
10713
11270
10630
10613
10673
10619
10649
10843
10733
11444
11297
11268
10656
10643
10903
11742
10873
10720
10673
10777
10743
10813
11237
10800
11301
11454
10947
10730
10844
10643
10747
10743
10649
10703
10780
10586
10760
10549
10570
10836
10743
10667
10673
11568
10800
10833
10857
10766
10887
10773
10846
6268
10623
6161
11615
10426
10974
11251
11424
11548
11381
11582
10830
11468
10746
11441
10713
11408
10876
11465
10913
11388
10780
11414
10877
11357
9240
10660
13004
11458
10453
11648
11511
11611
11435
11491
11257
11465
11491
11388
11271
8032
11405
11354
11358
11491
11457
8169
11357
11471
11271
8108
11380
11995
11321
10412
11371
8135
11254
11328
11271
11541
11288
11257
11255
12713
8175
11267
8165
11431
11471
11231
10523
11171
11364
11294
8222
11391
8285
11307
10556
8372
11799
10553
11304
11344
11458
11441
11488
8082
11545
8245
11171
10516
11304
8188
11251
11441
11418
11581
11214
11361
11528
11277
11395
8189
11387
11284
11451
11568
11334
8255
11424
8145
10392
10643
10897
11258
11251
11628
10453
6161
10646
10522
11295
10409
11264
8382
11495
8362
11481
11528
11344
11458
8195
11388
11304
11391
11451
8265
11391
11358
11254
11451
11527
11287
11829
11228
11321
11415
10346
11281
11358
11591
6221
10857
10352
11491
11314
11598
11588
11524
11190
11651
11444
6088
10870
10456
6101
11311
11368
11391
11501
8165
11337
10773
11354
10947
11281
8272
10623
11294
8139
10847
11211
8239
10974
8235
11291
10753
11271
10583
11261
10733
11320
10743
11230
10660
11331
8155
10690
8285
11257
10843
11418
10954
11294
10870
11505
17128
11561
10867
12192
10683
11324
10723
12065
10666
11244
10743
11378
10569
11401
10686
11595
11017
10533
13227
11501
11955
11317
11685
11388
11391
10947
11234
11247
10857
11347
10994
13174
10549
16767
10877
11538
11231
10750
11388
11331
12242
10723
12286
10499
10716
13261
11471
11818
10743
11347
10880
11167
10452
13321
11234
11181
11304
11101
10796
11274
13204
10737
10342
10686
11528
11214
12573
10573
11938
10713
11351
10703
12339
10278
13104
10677
10359
10750
11975
11468
11355
12329
11351
11241
12413
11575
11455
11064
11341
11528
12046
11564
11361
12884
10646
10856
13338
10793
10730
12610
11482
11305
11471
11415
11444
11441
12473
12306
11251
11361
12389
11237
11291
11161
11154
11431
12974
10606
11334
10543
11444
10810
11101
11408
8288
13101
10556
12249
11036
11374
6682
10513
6151
12009
10489
10506
12493
11307
11982
11434
13455
6422
11264
8198
14006
11277
12527
13779
10356
13007
11708
11331
11434
11508
11314
13351
11431
11898
10516
13338
8486
11328
8148
11628
11494
11688
10275
12590
8218
11321
8085
12827
10282
13051
10506
9054
13254
11631
11508
11762
11591
11334
11772
11000
10856
13705
11641
11304
11892
10800
10686
12159
10624
10994
13315
10820
12222
10867
12714
11357
11682
11411
11625
11388
11538
12480
11321
11437
12035
10369
13342
11348
8265
12596
11217
11177
12941
11261
8175
11281
13368
9140
10757
11608
10272
11541
10135
12232
10950
13488
10717
12056
10586
11017
11575
10787
10252
11615
10152
10727
10025
11094
9895
9918
9811
9587
9614
9718
8970
8856
8779
8796
16264
8576
8503
8476
8459
8285
8185
8185
8890
8075
8062
8112
7878
7791
8335
7561
7557
7427
7440
7344
7280
7220
7500
7143
7193
6949
6746
8208
6689
7998
6976
6919
7480
6719
6756
6478
6535
6612
6352
6211
6319
6061
6188
6291
5931
6071
7273
5681
5680
5654
5349
5226
5433
5112
5537
6031
4782
5260
4779
4949
4458
5727
4659
4605
4461
4368
4358
4304
4215
2248
3897
4074
3907
3833
3810
2908
3660
2554
3432
3543
3416
3252
2244
3162
3042
2792
2928
2578
2047
2648
1883
2535
2487
2377
2384
1713
2217
2137
2060
