31846
43027
60049
67706
47512
44777
46043
46490
44253
63639
40095
45618
40666
93151
37056
32430
40686
50244
46677
42917
37083
36431
42573
30350
42419
47632
64717
37420
56582
30333
46273
30927
47258
53941
47392
39547
59104
38632
29846
54986
35373
47615
24022
38899
35610
45208
50354
45675
39747
39751
32704
91197
41324
61949
41544
42780
49663
32060
41534
48153
39998
36702
52044
48714
44136
38138
53283
47839
52251
36237
37613
38214
43033
59822
35296
54659
38639
62159
35382
40829
43982
39724
41701
53193
43771
44366
36875
58135
45411
47833
42175
37704
31559
35653
24833
43651
43945
48527
51483
35776
52675
43709
40152
29685
51877
40322
48734
29061
45879
61639
42713
34908
49118
30343
55971
42576
20365
37970
35987
52728
51720
60046
15769
48387
50565
31856
37463
42045
53069
59414
45759
32360
36495
47295
42693
32908
38682
51326
40545
46684
56058
44617
32457
34354
67359
67366
27234
49342
45805
36458
30317
51847
34965
47539
40188
30293
52418
52548
41498
47829
41628
41067
27935
30737
49215
53543
65379
67663
42870
47792
32935
50591
37830
41768
30013
29879
32070
35710
39207
42089
43648
48000
32280
40028
40789
51920
44573
48681
42917
42025
50080
37841
44273
53780
59247
29178
42018
51760
15168
43718
45355
46931
49198
47191
50407
50431
44116
45084
48577
44306
42199
58743
43110
39587
52986
56853
60569
44870
48507
47746
49680
47969
51506
60296
47081
50427
38658
50104
35824
57043
47271
56158
49606
34942
54141
49843
35630
42930
34173
56512
44550
36822
45645
46981
65980
58025
49679
63919
28720
55774
64233
58195
46534
37400
45385
39240
30046
46560
54845
46620
68645
46169
53143
43591
46700
46821
38585
29087
43578
32538
42729
39908
42643
36204
32948
49920
40446
37881
37810
31976
43204
43107
46487
47793
59692
45375
39110
44760
38088
42232
52091
48795
56412
30190
61027
31195
44770
45111
42109
32528
45808
45204
33032
44539
45652
38422
38264
37577
35466
41063
45118
38832
47141
32454
40378
42189
49663
47445
48490
34147
49803
45849
25007
31709
25377
39664
40843
64220
51116
35002
29208
43047
54782
41404
36989
35734
52154
41644
44226
40880
44192
25410
29255
37156
37907
36828
59985
51249
32260
47105
44460
49479
40546
48367
39293
45745
50815
26219
36468
37657
42149
34231
46457
44570
41881
43484
42052
37337
47345
37006
46136
38779
51954
37540
48153
43952
46941
47382
41861
45365
45408
50301
54315
43504
49826
51937
44660
57167
48096
42062
30961
43100
41220
36184
32714
59661
34715
31078
43411
37934
41541
47880
43411
47759
36184
38545
52281
37233
41117
37987
27969
58232
52525
48210
39250
49773
39056
42663
52989
44356
40565
53984
39153
61194
29835
52034
40091
46046
44025
43849
42012
40626
44363
33689
46680
41096
30049
40609
34488
42833
43782
48003
36438
41247
39691
50611
43859
50791
38425
42182
41507
46390
55894
46624
40052
40525
43320
42159
35961
36872
39584
37336
65562
42833
56482
37446
42452
36331
46787
41036
35877
34154
44353
34267
32761
42997
40409
42259
32334
44226
29612
34117
45792
39133
47626
40118
40486
41688
44990
47579
56045
32841
58259
26436
41467
37406
37821
35172
13903
44249
48370
39770
42486
39874
41067
39117
59702
37460
36632
38087
34671
39998
40876
31893
32551
41764
38669
39323
53116
35503
42109
46808
37046
34648
43304
46133
29284
39026
49586
52184
42299
35907
38088
40439
37092
46203
47752
36635
44717
45766
31071
55113
33560
27331
50257
38538
29612
34748
55714
32400
68047
37099
40750
45782
31138
35256
40996
35596
58395
41791
31228
36669
44734
45535
34691
37671
54067
17212
11975
36698
28079
43712
27778
46183
42583
43912
46600
42649
23160
39494
34244
40492
40144
41040
36532
41457
29070
43281
35747
31385
32985
37113
37116
34327
47913
38769
34545
36070
37864
39320
31936
24325
37339
59427
33519
38151
43752
37680
36578
34404
32774
35670
32237
32882
32868
42883
35944
36207
42990
33262
36241
46914
38565
40382
27067
27280
37470
37797
43060
38876
34899
29792
48197
33840
56278
55731
43818
38298
48504
26550
31244
27034
37640
25180
43037
38385
41945
27016
32313
45615
31018
51185
38876
37800
24596
31188
45572
57087
47599
47833
36298
28781
39704
35126
43374
36555
37520
36170
28554
46837
31305
41223
30039
44947
41274
36254
53713
41982
38822
32200
34812
45762
35470
33466
49412
32614
41992
36294
39670
35887
31873
40502
37022
33312
40138
42583
25761
44032
35138
34237
28767
44423
44189
45044
38368
67950
44453
45485
46457
40212
59043
16133
32875
25824
40719
40321
50905
49893
48811
43648
45358
45558
65138
34217
56008
40459
29822
51549
41467
36795
32754
42853
43872
58592
37820
41995
57544
34468
33973
38629
43214
45552
14099
34154
34898
27641
24629
40001
41521
41154
51676
42479
43668
58105
51730
32704
35422
52040
39176
38291
50401
30207
48577
42693
45368
35690
44206
35349
55982
42049
44216
33947
32327
39317
30123
34768
34427
33052
38094
51917
41394
34130
39083
36688
33259
41664
34384
49743
29972
16244
38949
46005
47820
37650
46637
50648
33663
43775
34187
65232
40993
25604
37750
41962
54772
40786
35239
46340
43280
37306
46139
33829
48858
41200
34735
49409
43798
41344
29458
43017
51890
33586
37801
47037
39607
40492
33329
35669
37116
36728
50514
34337
34164
46260
35776
47452
39571
39651
49299
50201
46700
46744
45047
46086
41307
42746
40512
56559
48954
43782
47639
54415
36515
34935
42452
40118
48925
40348
41718
45498
32617
43845
40933
46974
38421
40652
31645
40769
43174
47064
43524
40579
55891
42062
49409
39320
58950
35606
48070
46380
44373
46143
38488
29902
41601
48377
46173
46363
46143
38936
51259
49215
47111
47415
38482
36942
32621
39434
46540
32744
44062
23113
51259
39310
54919
30714
57848
33860
31001
32360
39915
44586
34805
43935
33809
38625
44100
39644
41871
39687
45588
48230
51115
42636
39714
52134
50143
41741
40843
42135
34665
31555
37243
47642
36521
51950
46026
38225
53874
36581
35650
39674
38362
36732
32427
55430
31068
30223
48975
49730
56018
29228
60660
23197
45889
43224
38348
50531
43608
44199
36852
32567
39463
54124
40886
49305
41898
43100
40375
41858
45271
28303
39781
32257
47218
46617
45869
43317
52608
38455
42746
49258
44273
45465
35827
50638
28306
30500
40642
33579
32297
47001
43562
42446
28583
34825
36401
52906
31883
39363
41391
39453
42549
37006
36849
27508
34461
35950
41521
34962
42232
46393
54425
38428
26743
45953
41971
40609
45225
36150
40959
48477
51025
34581
41945
42970
42686
35483
47225
47742
36511
41414
44243
42542
42125
46416
44486
47068
42008
37036
47953
39891
41080
48734
47545
24365
37951
54358
36956
31359
38692
45131
52999
29515
41207
25257
31612
26917
29505
37700
37109
35777
38235
14073
42048
32915
41658
34203
48230
44366
32474
29829
40255
48173
47048
40255
34748
43524
42566
33739
51015
37176
49028
40585
55346
38889
49356
39170
53617
33239
28430
30948
46387
30096
36725
36929
55056
30804
43845
42145
30543
43023
42583
44884
38675
32513
39751
42633
49947
62330
36922
47712
41655
37189
40689
41708
37734
38629
39043
42673
44606
40469
37727
43771
40729
56121
30871
43277
33750
44323
34033
36471
48287
37002
40509
40041
40973
40148
48127
46437
44603
46951
37573
41110
39139
45893
46707
43601
39143
28403
45268
36398
39727
38001
46550
43591
37640
39901
43754
40923
42393
29688
42359
39738
35269
43698
48013
35055
72869
61047
38328
40432
42115
45091
45181
39206
39357
36848
40359
34387
46780
32060
40913
29655
43264
27505
55808
42135
41801
30604
47963
48437
42940
39290
52772
46944
37930
26860
17706
44750
29421
39243
46707
41558
41711
42596
30153
44126
39470
36014
42783
31191
38525
44262
38362
41357
27775
35893
43822
29872
37710
40816
31716
44530
29923
45882
50728
29011
45718
49542
42990
52909
48317
49496
42212
36108
51550
29555
46537
50905
36311
39133
45698
35259
37597
39694
39276
29649
39688
41945
38926
41297
37026
37276
54852
48187
45382
34147
40295
45248
42316
29728
39520
32587
42917
39033
37957
46567
33736
46026
41748
47001
37911
38936
37400
34805
39323
53186
36632
46243
56131
30988
42275
42363
41494
18511
38255
41504
42336
37894
43955
38061
44603
47662
42880
33415
38632
45642
45024
39140
35296
68364
50101
61545
42753
58536
35015
36498
42246
41457
39998
44717
37850
35469
33793
50381
32030
29251
40255
36398
27865
38368
43455
40295
39824
50908
45000
41347
41377
35586
42068
44002
41277
60920
55591
36775
62016
32681
59695
61688
40022
53306
35262
42606
38328
28550
34314
42022
39126
43331
39667
33626
46697
30541
37006
34451
31726
36298
37483
37069
48537
36555
30817
40753
42543
36718
44453
33673
41026
61545
40666
42272
43394
35954
40085
28162
47045
38709
42779
37393
38472
47886
43331
46487
28854
28660
43578
42746
52278
48043
38245
36859
38382
35596
45388
31756
38054
16657
41875
59321
37807
38429
46630
42760
32437
43778
36234
43287
46279
39517
34701
45956
35620
37630
46898
44904
37633
57427
35967
47262
50124
49459
37333
49062
41855
36177
44701
43298
41367
45692
42262
52905
54395
37961
39137
64714
42059
40228
47472
50654
42636
37911
66875
43204
37600
45391
41528
32126
67259
56008
43321
30226
44680
49335
40773
34988
46012
43858
32487
36344
40886
37854
30323
43264
27484
44176
14854
44119
46747
45648
46851
31973
47171
53717
45017
30667
51473
37677
42429
40749
30320
41481
50825
41634
40853
44002
33559
41467
41711
37727
47552
42980
44990
53710
45037
41755
35750
41267
30159
43721
27778
35970
45896
37537
36939
48327
42940
38041
35940
39951
46654
41110
37109
42743
45111
40472
28743
50006
46543
33389
40950
51299
50715
37033
42416
49823
35613
30243
38709
39447
39884
43591
47001
40011
45037
39808
28576
37186
34150
29508
30728
42439
35563
43344
41327
32317
43989
39196
38956
40489
36902
44453
40572
51503
42319
39550
60700
49118
46300
41310
47555
29030
43311
42659
43417
44433
34157
43047
44313
27685
37223
39807
38371
54088
53116
46851
43027
29218
42172
38645
38545
47315
48413
42272
46126
35436
44940
42643
49085
36912
41120
36452
45829
39657
50935
35633
33850
43314
46854
44643
41588
54458
30800
38742
36518
31772
42813
49058
40519
40779
34972
41815
45137
42894
39878
41851
46427
41440
42058
53270
41608
39680
45538
43454
43621
44854
46791
60059
36959
41614
39253
48043
47369
39881
44767
57915
39544
34374
45284
49092
40122
55617
51687
49779
59237
44263
44510
50200
33182
46036
33653
50825
48811
52104
53286
36905
38665
39755
41313
59358
60116
38238
47302
45555
29772
37804
45675
53717
35420
38946
42783
42462
33966
44213
40726
42276
48928
42833
44363
60143
41517
34127
54124
47766
46891
38438
38378
36638
40332
43360
43261
45004
30774
49512
40762
33930
40232
31966
47619
33856
32310
41337
40165
41845
39818
39266
50468
71908
50034
40292
47789
39070
46347
57063
45144
42312
45101
50464
34034
26743
32447
45795
47406
37199
37650
35380
38472
44626
42586
41808
39915
15612
39310
42546
44496
43785
37553
29698
43458
30821
35062
46387
44289
56833
36699
51496
45472
49729
45592
55166
55016
42202
42816
42733
27975
49466
35015
64527
35022
35650
34043
49693
29118
54442
41113
13942
48357
52728
42856
43682
39470
38312
43868
52221
43792
37219
55534
58002
38168
43117
45478
34337
27418
42302
40319
47579
37363
37834
43100
42646
43130
45762
51135
25694
27528
44590
45278
34711
31305
44924
47579
41705
41671
43561
41237
42142
33189
42943
48046
40075
41631
40529
38258
38562
44857
51099
41664
39330
46316
27151
37981
57414
44954
53199
40489
42432
29454
41611
42038
46971
33703
37199
46911
42733
59635
38151
49322
36371
50544
46136
46022
40793
52278
34875
40155
49923
37213
57825
40115
38813
24135
31799
33886
38305
33516
46847
35463
46594
40011
60290
27541
39931
35446
37780
45395
32547
35573
64641
60443
30781
42529
36415
34968
40589
44624
41805
41193
43428
38148
38676
54192
42158
48167
39373
42005
43972
39995
36668
38261
33008
46554
39140
43337
30901
39200
53907
29886
43094
33339
34651
45174
46060
43855
28366
31018
41471
47171
38078
35325
40071
42045
46009
50177
32871
29705
48027
47368
56261
56539
43030
41050
42469
37821
39187
51403
43537
49536
39507
42015
41557
30260
41541
40736
50621
31993
46320
30490
40663
49415
39420
16697
53073
50531
33499
44874
38656
41931
34044
48447
42710
40603
36324
32561
46076
33001
34511
36886
38482
55109
43916
49900
43849
32811
47893
38014
48942
47449
38612
44673
50992
46540
23434
41995
43298
26389
38278
37790
44269
66665
49058
41761
47919
59250
35510
44162
47525
40011
44670
45735
41194
61805
40883
73895
48764
48551
43274
40108
36431
44737
26950
41594
49920
54802
42432
29862
33469
55163
51927
39965
40722
47749
38562
50681
50825
52572
57791
37393
38535
43371
48203
49082
50214
57337
52020
29241
48554
40619
34738
42269
31655
58703
24268
44313
44042
43601
48948
33359
30673
40259
43581
46770
44897
41538
49332
34071
52251
34828
54188
39701
58235
41340
41467
38636
39223
47034
49299
48711
36882
52522
40509
47572
44787
36171
40289
44386
47081
44560
48020
34474
42546
51880
46985
42399
29238
54956
32721
48117
43090
42566
47950
38779
41083
41841
40519
42065
27294
46196
38996
48110
32858
39390
39056
47151
43127
43578
37083
43468
48851
47205
40051
38792
13412
23828
44596
47756
42415
41267
30427
40579
52073
36962
43828
40058
36712
42062
44500
38492
48421
57557
45568
14988
33105
45188
31335
46099
39757
41538
23453
32814
47980
17416
32180
61461
40275
39484
37867
40863
33930
53707
36782
41691
44580
29549
38178
39110
32220
35108
40165
44289
43134
41374
37660
30590
43071
48754
38895
37911
47415
45121
29098
38127
46617
43865
44843
47011
50194
45027
40636
36198
49269
38187
46787
29341
44309
59270
42242
46410
42770
30003
38335
32704
59180
43034
34200
47279
42930
39924
29628
37580
35763
31068
58309
40673
37199
39924
19657
41431
24593
46764
40957
47074
42042
47993
45538
23828
61214
32995
50675
35680
38171
39280
44850
36291
43431
38822
33412
38548
28373
41664
44556
39704
47703
26356
41641
39217
43131
30667
47662
46250
28653
42983
44607
33596
36437
40819
34120
38639
44092
39707
42379
44934
32667
29585
30837
46150
38556
46273
33138
39000
42453
36364
48224
43945
56492
42295
31542
44797
43501
46935
29044
34661
35717
47665
40545
51753
33122
39046
28533
34979
57711
44927
32013
37203
39119
61044
47492
40075
33115
35537
57578
44243
46056
45882
39163
48721
56045
46660
46103
42252
52411
36307
38401
37787
42085
39844
47595
41040
36848
31031
38996
56205
33970
28470
44971
37757
44406
55905
39951
47128
36679
45225
43418
32437
44196
37463
40806
37079
37026
37804
49165
49051
40462
41908
46781
29949
29258
28610
40108
42225
45307
56552
53297
42219
35770
41878
38963
44603
58667
56756
43481
28566
38876
42492
49286
34397
43214
29512
43995
43023
41310
48533
44796
40369
44089
44736
42506
41471
39844
44643
44086
38842
43054
31402
46540
30837
35065
46957
13882
48547
42356
52328
48540
45879
45839
45525
43354
42873
37620
36956
49329
37777
40122
56555
41103
39621
37613
61177
43451
37323
48393
33533
42690
44333
42596
36952
27668
32908
32671
45468
59608
38278
49703
14019
34711
47479
47576
32407
45986
38308
39838
45942
47115
36742
38135
46901
49649
40852
46811
35262
47268
47305
41334
56021
46350
44086
10847
35553
36855
32965
41621
39423
44583
42993
36188
40596
34484
36054
54845
37586
51964
45421
38131
45441
38833
34841
35216
43681
34531
45905
39637
32113
25448
37403
41882
46830
48076
39073
28206
29238
48140
35299
48734
46424
32811
50665
42880
37647
46901
42579
36742
29765
33228
43758
42209
43832
31455
33980
64914
40900
44950
30664
38114
38892
38208
42523
39780
41764
39874
38813
35319
59080
40970
41775
36758
40272
46076
40566
49245
57240
41223
38555
46607
54371
36778
47295
32357
47686
42689
31429
36288
43054
27565
43584
39547
44607
21898
40175
44940
47001
43314
47419
26042
41284
27972
39464
36375
27394
46964
42667
44296
38071
50023
42128
53282
49923
25708
40262
47138
41046
38334
49987
43294
42924
38759
45582
33807
46210
40372
25558
45448
36829
28530
50728
35964
60837
50635
45167
43575
41009
44326
42182
29645
41253
50882
44015
40011
31419
42155
15105
56362
41103
41928
39607
38088
44680
44233
43905
40342
41611
46714
41931
33048
38979
36685
33592
35119
28279
36348
37604
48774
35299
70301
49221
45268
43645
44557
46788
39911
36545
41057
50755
56562
46600
43367
43628
27632
48824
43474
42713
44603
41982
41247
43699
59862
36591
49289
39357
42950
45532
45208
30947
42085
39904
26540
47278
44503
45645
43772
32818
45058
44025
28209
38158
34040
46517
31148
44176
38815
40636
40572
30657
44626
37710
39487
42546
38943
37964
39948
29468
40235
41100
55500
40088
36358
47783
31032
38455
46279
39987
43124
57194
39240
46894
46477
43785
41584
39537
39978
49863
14336
38408
47408
49980
48056
40729
45779
46717
38669
45699
42890
49916
37069
43066
50217
40412
45281
29776
42950
46126
47412
38352
36859
34214
65499
34424
35222
38509
37420
40840
37306
46791
33145
46767
35359
35687
37546
35600
49739
52922
49556
40459
42806
39457
30680
46210
37072
40993
45842
57878
59588
27468
60850
41023
32157
46040
34461
56335
40302
39567
39056
26716
45668
37022
34541
32417
46587
21553
48948
46274
32490
37607
53583
37756
49065
51199
44349
32681
56252
56228
33125
46437
41244
39260
50351
53534
39891
33983
29602
37700
37360
37730
43798
65449
34187
29038
47278
44493
41745
38485
43248
37032
45104
46817
48971
42249
43077
39073
52929
19132
47949
47148
35657
41187
46460
28540
38411
50114
32117
41901
44022
38024
37173
42386
41878
46413
48260
38899
17472
48003
34988
48881
44824
30116
36351
42539
39020
43141
35216
41184
40846
36311
43271
37800
42356
42453
37303
45271
31832
42189
43849
36522
23878
29959
34220
27000
39096
42426
43678
44046
31505
37534
27855
40429
40108
41791
40626
62043
33743
43491
48236
44723
43404
46076
39938
45582
40693
30310
35834
24596
28190
40065
41701
41244
43187
35606
54008
36084
30744
55263
38679
37940
32567
26930
48197
31906
38883
41297
18130
49519
46513
25354
40930
30733
46403
34344
57117
52481
26165
35055
32136
28694
52675
43374
36391
40883
29198
39010
59885
36298
31863
38431
34083
30186
47950
39651
50568
39374
34952
46119
38104
42443
33723
13368
29271
43959
31068
44269
44032
40168
45147
36695
53239
24195
46250
27528
53119
55030
43348
34077
41992
29765
57013
41628
32046
37096
33386
42890
40576
28676
42152
42092
35503
58255
39453
45154
34648
45799
42900
43908
33780
43080
28139
50444
46443
55460
61491
34958
17369
29238
43174
44189
53256
46514
40876
37784
44607
44066
43886
54682
29288
42312
29949
57280
36839
35683
69383
44366
38248
38806
53666
61872
33095
41277
34528
51102
45458
47332
27858
41547
47105
41123
40479
23447
47188
37183
43735
38001
53400
36240
36455
38999
33141
59939
36852
50872
43735
44646
45251
36178
30186
40672
44964
40569
44537
42299
43000
27715
52511
46413
44152
44018
42249
48143
39637
47519
41147
45859
45308
41280
25377
40946
45976
39868
46590
49032
40616
43174
47446
46106
42867
51169
46721
41765
41047
52354
49071
32180
42205
34404
31793
27952
38342
54926
47408
31916
24098
41728
42833
40806
47315
44290
43805
38883
33479
53931
39300
45004
53727
34561
41614
47352
38926
42309
38859
36251
43986
40789
63268
36094
54171
38976
39861
35680
61097
50414
45418
38849
44192
45298
56065
49175
54665
37677
37246
49980
26339
42489
54405
51533
32541
52301
41618
39504
44690
38204
42189
31886
43725
41357
58169
31532
52237
44276
38104
47839
51990
38248
33759
44420
37606
49395
45381
21520
29906
57344
59110
46821
48043
39323
46346
32467
31722
46924
44861
43942
60884
40292
56562
35937
44834
45214
49372
36385
49806
42733
48303
50544
31151
44506
36738
49352
40188
39176
47846
41975
41911
38916
38666
57498
37296
36838
40672
39247
45038
43741
72726
41778
45334
33312
52902
38846
55854
37987
36314
49553
40799
44189
39507
36020
41568
37630
41962
36588
36084
41641
44182
45982
41564
41427
50100
38278
38729
68715
44927
30356
33479
39577
43234
42589
48210
42960
47990
34551
38318
17916
49669
47716
44746
42710
44837
48474
53697
46166
42279
38755
27905
43484
42359
48658
45378
32360
44333
42062
44242
38238
45031
44516
56332
33549
47729
32080
42108
41303
41578
37934
44313
43037
39126
22766
36532
41217
46126
42019
43658
30871
48804
41821
48995
36622
55333
45465
40328
42884
34782
42930
48417
43935
42703
41714
40826
42179
40576
39477
40065
41768
47118
48480
49035
43895
42723
38982
45425
42079
51422
42652
40496
45682
44082
50705
44730
40666
47131
39119
43241
39003
42709
43675
47078
38622
26112
41197
33452
37507
24726
44870
41267
48567
45732
43869
39100
38248
29839
39033
33486
55904
43227
48283
40910
41164
41744
27384
42950
36691
41477
37092
44687
43611
48354
43401
28253
28580
44002
31509
42760
28667
30670
38348
47074
44660
49235
50484
38548
50230
40756
46864
39130
37126
43755
30463
50858
28153
48307
37841
41865
34725
53192
42055
23043
40609
40095
40222
25107
47883
44734
41658
53283
37701
41898
43708
51740
51974
45324
31559
36355
48951
57387
37820
39554
37557
28496
38813
38442
33139
30510
44036
39764
68518
45816
39400
37714
39019
16290
44850
38609
50651
40131
42449
37834
46213
46159
32875
53232
67686
41511
39003
38836
40612
30764
43210
57611
38211
52899
36922
42973
41577
33122
35292
44950
44690
41527
27568
48868
39537
37757
50818
30483
60910
30620
44927
43658
43314
42266
58539
33366
59371
42309
38849
36317
46654
59127
68939
43561
59204
38699
41227
46430
40255
41975
42770
37463
39130
43865
36808
42580
49927
39129
45591
36966
40562
33258
47181
40202
42242
68889
33091
45618
40940
55523
44630
41985
36601
44112
50063
37102
47666
46945
37834
34581
42413
44300
37296
50658
44827
41454
44423
42352
59284
30897
50066
38668
43267
46377
39938
46861
46300
47913
54692
40906
23380
41941
38482
46570
48233
34544
35630
54408
40736
46173
40536
37219
45619
49503
32253
49409
39059
46947
32117
40693
36558
40626
55811
42169
55313
35243
44700
47385
55594
28884
40295
40863
44336
33102
43267
30229
43508
42376
59715
54281
45047
44366
45989
52945
46246
30123
48638
37036
48210
51950
55467
37329
42987
46260
48754
41885
46687
39076
32327
40616
58352
35767
53503
39236
30610
47996
52391
34020
32113
36181
48921
42980
45832
42396
27591
60984
14133
47752
40839
47776
46857
30093
48070
51095
42396
34250
33953
43999
30961
31646
42997
44049
59735
60399
43154
40849
49756
42396
37941
35619
42506
52939
38615
40218
26539
49997
42102
59665
27732
32815
40589
43137
46129
43588
47759
27030
42927
50020
48531
40572
40666
45098
38722
64177
32511
34551
44136
41604
70732
41905
46905
46370
24646
39521
39630
46624
36878
30440
39917
46333
52140
30874
39437
41731
48825
47993
43658
52502
46637
46233
37547
35934
36678
45294
38575
40008
48601
35773
34781
41748
30006
15565
35058
43023
55106
39233
39865
48914
31422
40676
36975
44009
44183
38675
29164
40268
45258
41324
35810
50180
33733
51376
39901
34548
39396
69386
55724
49362
42963
40168
44673
56435
38268
40061
48701
33880
44095
29495
49165
37777
30664
25234
37376
45742
42379
28313
43391
39544
28994
35420
47973
40449
57510
41277
43254
22111
38639
58513
41484
29595
34588
39670
43695
39744
24102
43558
37650
40115
35118
44894
37677
40452
39550
43097
45852
39393
43969
47044
59277
39216
33723
35927
45899
36461
40836
47145
47722
35273
38655
47743
31265
37644
48043
45722
53533
38799
36027
47048
57260
40145
32000
49866
38158
68848
44657
48835
28677
55393
38646
45218
40218
39533
45321
38245
44864
52858
40810
42322
69216
49572
50474
39403
38525
60269
44213
46821
50668
53901
47008
44115
36184
54612
45077
65616
44760
13632
35596
65479
52999
33480
40966
29445
40465
42346
45358
36993
43304
46093
41347
38605
28573
44089
43932
49473
35506
35787
28964
50250
38692
38294
43544
38485
39741
43915
41885
32891
42740
39614
32798
27949
39724
43067
46353
31956
48651
29595
44903
41601
42580
19533
33165
47639
27244
44503
15916
37453
58820
43144
47643
50144
42676
45211
46577
40572
48855
29819
48838
42135
47432
29919
50811
44447
44944
30594
46169
40966
44787
47204
39307
50134
37229
46377
23410
37664
37423
38345
39042
50798
49963
38021
43314
45595
40813
34304
40011
47859
39550
53129
32307
28387
47235
39804
35226
39828
33045
55220
40138
55300
39828
42506
47799
38645
41200
44493
38087
38302
41922
43461
54946
59070
43748
47866
45452
49873
42536
50594
44800
47792
37089
49339
43181
46193
39106
43317
46694
53103
43254
45585
39707
47466
30460
39697
41628
41888
38405
28747
40195
31953
38939
36751
35526
39975
43558
42823
54706
37296
46063
26850
39961
60560
42382
49325
40008
48060
42446
46033
39757
35119
38972
40903
74452
41865
43986
30293
29255
43321
35272
34398
47178
47028
36592
43504
31970
47248
40956
36388
41390
32260
34087
38649
38759
52070
36174
62079
37834
40074
37904
29768
26576
23588
36067
27721
39323
37767
40856
40933
42436
25998
41568
34488
41735
44697
27562
41922
41812
34658
39160
36431
42539
38458
43928
36738
38869
32106
33158
42426
39260
26179
42152
40035
37273
39524
34778
40469
37994
40595
28223
47625
37527
52792
41591
39293
43779
36054
41300
40332
37463
47582
41638
29147
62143
29475
41527
48270
41597
42719
39060
46553
50261
36932
44029
31706
35042
40773
44126
40950
40532
47365
39944
45355
42255
51086
45913
30948
38148
57050
41668
27969
40365
39267
56376
33606
38689
36378
45932
58416
29505
53433
43968
44473
43815
40265
40836
24957
55366
43378
42025
39704
34371
50755
42199
42666
37720
40546
39925
38896
44025
33496
42356
41538
47960
39434
38732
39026
44309
38295
38535
44132
38331
30099
38775
44423
44362
40128
38602
28750
33349
41317
39677
36832
35750
40866
34922
28072
42883
48267
38241
43935
13629
43648
49038
39086
40840
31836
37229
42907
46166
32116
60958
52839
36678
37800
32227
33984
39220
37603
43758
49218
43528
39063
34043
42065
35827
46994
40031
35219
41781
41440
53713
47799
44506
37487
39076
42800
42903
31465
43638
58482
39360
32454
39133
35750
36227
38151
45879
29108
38238
33656
45301
44867
52966
45752
32053
32567
44062
42569
43865
33940
28243
43050
34087
37530
37012
28249
46109
32551
33028
41895
31742
53583
32246
31766
39490
35266
30163
42152
35266
41942
45238
26843
40225
33633
39564
38665
34939
38632
36982
38802
40469
47161
38916
33589
39179
45732
38823
32671
43294
41811
37663
45562
38742
38228
41070
24970
42526
18832
41277
29024
33172
41588
35603
36442
23500
34678
39447
57150
43063
57417
28794
44383
42279
41972
31095
28319
29101
33853
35877
36521
51329
50698
41434
40402
29104
37924
38485
47602
31382
47201
42098
44006
48590
42606
52939
42430
46761
45214
43318
38054
41581
34728
13705
57250
28817
44032
39346
33386
29528
47505
36641
53620
44653
34672
45404
43034
44780
41862
45305
48477
22388
40509
42502
46791
40032
14490
45886
40204
48735
38939
47983
43735
37246
42840
40596
48424
30213
36609
60433
35770
38294
45735
34885
48320
57778
23961
49088
44296
41661
27244
30721
36829
30677
41721
49159
54879
42132
43989
45325
41150
36525
38362
43608
34367
46119
35272
37560
48607
44085
35480
40809
36314
45421
26049
55644
33860
47712
44513
52541
30437
41461
40165
46426
38134
31135
41384
41971
37176
28299
42246
35700
37887
35459
48297
40359
46921
35539
33262
49733
43451
43417
44119
40893
46854
46310
16016
36682
45121
45174
46690
42750
41748
41040
34441
41207
37336
36756
44820
41417
39995
34898
49489
30110
37119
38351
21644
38311
62206
41744
39995
28874
44343
43515
63776
40836
36238
33866
39056
51489
44503
37129
37146
37680
27638
45595
35199
38999
30467
39200
41855
44092
42078
30627
52431
42439
43307
30253
39076
38953
44166
47399
35266
34501
49873
33449
37560
23948
14704
44430
56525
34661
42062
41671
15105
44476
48838
39814
43491
43545
40088
37210
44490
37423
39567
38215
27872
48984
43124
28830
57510
34234
51737
37390
16591
37373
36852
33883
49953
36555
40152
45909
45261
50094
55126
45007
39103
26423
36728
40776
40329
33636
45344
35259
35867
45555
37480
57538
36819
47145
43017
40399
34447
41644
47258
37066
40689
42182
41711
38014
47138
36328
42172
51857
45134
41958
35663
40242
48617
39941
38378
37794
42760
47886
43151
33509
29422
47295
47228
43187
40742
29174
33132
53663
28263
37867
44242
33199
35205
38004
40262
39433
47595
24349
38064
42730
40245
42549
42229
40509
32911
56239
45154
42646
38876
36982
49242
38909
40983
41975
44830
48668
41708
36835
39223
52404
38953
30263
26326
48186
39834
34865
59331
33426
31081
39186
47208
43998
35884
43007
31963
51139
44436
39474
35777
27922
43428
61738
38278
47840
45158
57096
47379
60877
40048
36231
43504
41711
60777
46263
34965
31371
43444
34815
36084
39727
46921
38144
32350
39714
35690
53607
45001
32477
32978
47421
35770
44570
39414
35088
36074
38839
44697
16454
34050
37700
43097
43751
45488
31164
39153
33940
34324
28072
43875
40797
38719
38973
43979
47682
39056
42493
41080
48100
56886
44540
55494
46046
47522
42710
40853
28192
44540
28209
38983
43134
44283
53046
44757
41253
21533
59004
52788
46721
40809
45007
43986
36257
49592
44336
37263
46640
39711
36458
53623
39160
55340
35613
44857
55413
39400
55153
49933
44433
47685
48527
51115
37974
36565
47836
33475
40712
40459
41671
42416
42720
47288
44586
36969
58666
34748
36685
46757
37069
40198
51770
35646
28099
60052
52852
41571
34197
40215
37359
37095
41811
40385
44236
40365
43662
42766
45983
35406
15719
30640
40375
46808
44837
24849
28687
29732
43424
42482
34758
43712
66127
39150
32644
38271
27879
50394
33522
35256
38665
45605
40282
39353
44930
56345
30267
43278
33376
47275
43167
43441
28683
29562
47689
41474
45471
41634
37232
39811
56192
42723
55707
34842
41347
35874
40692
35900
57204
43307
38003
36765
48771
37663
37333
48574
48914
48861
39634
27742
41237
32237
30163
43424
45555
53957
40736
45612
44286
40128
44773
37236
49920
46370
59181
31712
40229
44831
42118
36167
30991
36358
34925
36658
39971
25902
56175
38916
42890
47706
43037
47415
38880
50317
36605
63161
38562
64323
38024
56605
39166
45371
34534
50180
40679
42289
44954
43388
42345
34487
45999
45529
31272
44219
34137
49629
38575
64865
40292
58666
36628
36598
39941
36829
53587
37086
29822
45418
43561
39691
32230
45916
44032
59541
37410
44960
43671
38769
44476
49492
30650
46023
51864
30320
36585
58960
61455
51035
34207
55046
34317
37443
60984
44463
44603
41080
42226
41571
45441
41998
38275
36775
57441
44329
40793
39497
51306
39570
41945
28202
40389
33329
40448
40499
54472
42078
38311
39958
40001
46206
36074
45645
47208
51720
38619
36715
39700
28734
43809
55984
33679
54422
56319
50591
44286
47846
41511
41544
56182
35389
38251
39320
40292
24796
39450
28640
42022
25057
45348
37450
54709
39267
42937
40506
33626
34711
35283
34377
40776
57237
47595
28660
39921
43424
41360
32724
28066
43354
46310
29344
43264
39828
44209
47976
30837
43107
40593
29685
48013
38021
49038
65789
48093
50033
15559
49362
40642
51653
62276
51195
36331
38899
39293
47515
31609
45515
39163
46757
46193
49609
35917
48307
45391
42900
35860
31258
50845
45204
45204
31192
44099
48170
41220
44263
39520
49646
52602
48070
42943
40986
32150
55614
40656
41391
39166
45088
41100
42005
42954
45786
66458
44396
55704
42316
36094
38348
36097
42917
45094
55390
35817
36305
40262
51069
32958
41144
31619
28837
32213
37924
46724
53446
48738
34905
36672
36905
37303
23554
30894
43508
38949
44540
46887
46790
32717
39764
36511
29876
48791
36017
37774
34050
37520
46430
33459
43608
43384
45087
46771
41334
40328
48650
49168
45555
50631
26008
37650
44740
38174
42506
26927
45936
50328
32450
29121
32661
30440
44844
35717
45452
43157
60240
42205
29081
53964
53707
39203
31265
38866
44873
34461
42359
42065
47862
38776
43411
41120
23824
41698
33759
46434
39894
30908
46266
39640
40603
33970
42566
37226
42239
39537
40876
47165
37356
36007
48975
35206
43217
42069
41731
30874
43424
30163
37400
28904
31452
48163
48671
41768
28667
34661
34023
42964
44072
41467
39073
48644
29144
35269
32460
39053
37991
35723
36952
27745
46957
38074
41968
38265
40222
43441
47693
41010
31065
34822
48530
31008
43341
43287
45445
47539
36301
26774
42566
47916
36375
42149
45402
54495
36842
46403
45793
44670
43992
41932
39250
42877
45067
41517
51847
53153
41036
18404
40706
36838
38816
34928
34424
43067
33582
34144
40596
49689
42215
54682
42346
55340
40872
43074
26740
40987
40957
30533
44163
30924
39821
32100
22572
36628
45776
53316
36478
31375
36381
41951
46103
49974
32561
36091
34992
41808
36768
41030
33729
33018
48771
32844
44109
47816
41598
34762
30714
14994
41962
41170
39390
43294
42529
57453
28944
43191
40418
32851
43444
40636
51206
43324
53880
41735
45178
31265
34421
32481
38545
38304
40987
46233
41364
30610
38806
39814
34247
46844
39233
44333
35309
40612
51840
38475
36955
29041
52067
41050
38295
42596
48501
37270
43324
43024
55139
41848
39480
48467
31355
45796
26960
55664
43635
45652
14484
52148
36281
36578
40419
38221
33830
54084
33566
27417
28754
52435
51403
34718
41678
35008
35640
42750
36318
44924
41558
41016
40833
41718
22118
53750
34574
44934
48841
34337
51756
44490
43832
42513
39707
32127
53991
42132
39060
43117
41026
58429
46734
38886
34424
45151
41317
40990
46093
41037
47101
37483
39203
44783
43358
32303
38986
35095
39677
35583
50615
37707
44106
46200
36892
46463
42596
44506
39644
35049
49516
52471
45178
59468
45388
51028
39133
38892
29331
42316
53113
28383
31238
40255
43258
38321
34531
38538
43855
53660
28944
25734
35733
43083
41077
34431
42530
41968
38558
50431
43040
34381
44677
29725
37620
30747
31108
37496
39800
39814
43995
41093
37400
31899
37029
47379
32524
35940
65212
42449
36735
60576
55898
32354
47188
46520
47602
40842
42075
36605
24746
34741
46560
41437
38688
41040
36127
38906
44910
41391
61592
38231
46604
33058
46016
33583
34645
41043
46400
32764
48210
41678
123077
41507
46279
30654
35813
31809
54372
25060
40058
28616
20090
42453
26349
36401
42743
31252
34752
45528
35653
39978
33826
36231
38525
46273
43518
44363
35964
35616
41765
22946
40028
37216
37994
41287
35503
29037
36287
32046
30246
40636
40439
26753
28260
28096
50885
30640
47515
40853
46981
29609
46824
24756
59594
35994
41494
24789
44219
31195
52682
37042
38889
47996
40776
27184
50721
39921
47358
33179
36311
34060
43201
33025
47215
36665
43498
42148
45859
31916
38355
34895
47087
35817
47455
37587
30437
48587
36031
48938
18361
24098
17108
42556
45424
42813
43741
46800
30336
40940
34645
37964
40950
60496
43097
42583
25327
37974
37269
36758
42299
33489
38749
38699
48330
52525
34691
33569
39637
35309
52678
54882
38175
38128
51743
38572
39620
40161
47983
35519
45047
43040
46851
50962
44176
38918
45688
28463
43191
39714
35813
30256
43304
42870
47538
47776
40990
40258
40546
41865
51830
36171
37643
54285
37941
39557
47415
38128
38094
41277
37343
39086
44159
37667
39543
52718
49439
35389
32999
38796
38475
37556
45201
41224
37290
34043
58205
38335
60583
39477
45294
43561
43782
48497
46303
42769
49953
42416
44072
40906
39437
24115
41761
45104
40933
57100
44647
30072
28670
28580
47272
39313
39340
44527
47031
49643
47980
31572
55073
33997
42005
40946
36348
44817
40418
34177
45051
38208
37937
40926
57608
25751
37563
38555
43755
29872
45181
49102
40572
44222
40927
37667
39958
37583
51960
41006
37937
49563
112688
50003
51690
33239
39247
47081
28497
49639
23357
34722
29869
48093
39143
32183
35095
31355
38091
38331
40726
32480
49078
41404
38028
40636
36692
38378
41785
28703
37864
41714
33793
25284
47292
51493
42543
44476
42619
37417
30320
40158
44860
37089
36835
54495
38592
24048
36922
37092
56583
39470
46353
40082
40011
44419
26840
41040
34467
41581
44873
37543
56943
50751
45565
42346
46363
39694
36815
39263
40619
54114
35670
37396
34798
37149
27728
41932
38569
27257
42416
44593
38161
40061
37353
47004
38177
42506
66921
53103
39430
57367
41190
32227
44433
43514
40412
37303
36812
26793
48958
44660
42529
48587
39607
39944
47642
51062
38569
37222
45291
47271
42166
36465
39370
26990
27107
48754
43638
38255
27524
37163
38288
53369
23380
29375
42309
41892
45622
59348
37550
39490
33469
36148
41367
44727
45775
45512
39985
38435
25194
33653
38121
54070
41274
53203
37967
57998
47067
41955
32971
38415
30931
39691
42079
25173
41267
39146
49733
51139
43511
38602
43581
39798
59948
43033
44660
42606
44960
49218
44914
40960
36936
36144
49913
36458
34334
36351
39871
31793
38202
38552
38856
33987
39644
15589
40713
41026
33078
34725
44356
33115
43414
28836
41250
27728
43752
39096
38408
39554
36054
31870
33920
14621
40295
43648
36675
40492
24195
32794
43147
46851
33118
44296
37767
35730
43989
37927
38632
39971
34581
35660
32998
29839
40516
53159
36425
50842
45538
53005
45936
42689
38241
33796
43955
30958
37563
28714
34685
39096
48333
37073
38158
35009
43608
41291
33215
44370
39120
36378
38719
36825
31926
43458
44035
26035
39904
40038
38165
42035
70963
56399
22161
36228
36391
28032
34771
31663
32223
45101
40909
32471
43127
45999
40739
40045
40305
37530
51309
46704
40319
62918
31061
44483
35820
23414
37613
24629
38568
45101
42559
45525
51226
45899
14133
46203
49205
72455
42716
44082
40746
39283
43915
41254
45876
42817
58626
56966
33215
44797
41040
39624
34484
48741
31990
41201
44396
36318
16430
48597
38445
46367
24495
33726
46537
37153
36962
37550
29769
35309
26413
45635
37176
46280
25010
34879
25775
38542
33042
36909
33950
32647
34254
33836
20398
31662
32865
58486
32217
36154
30206
42396
31252
23433
38452
28410
39197
31038
42530
28169
38739
29178
30176
30126
34574
27074
32133
31582
41090
25187
33599
22455
34611
36051
33219
20405
50267
29395
51503
30307
43084
26854
39591
27000
30530
27785
37787
29655
49536
22608
31462
30490
25615
26242
34988
21126
36555
26252
46393
23347
38154
30022
56328
26162
38986
34631
40402
24462
30554
15292
42202
21326
35433
26776
52077
33319
32885
27922
31783
31789
43401
32440
34354
30985
39614
31218
43918
25518
38388
39867
18100
29926
29555
35947
33503
36772
35937
34785
38058
50381
47305
48360
44400
23694
30414
55660
38171
37737
43899
52414
24743
49212
44289
29595
62323
47713
44259
38876
34638
36211
42933
42763
38201
35663
38285
35085
37046
36612
37840
33493
37169
44960
38051
46417
35410
32584
37597
40813
53673
42169
46507
34632
49509
28346
41921
27955
40569
40426
42817
57714
33599
45632
43387
46140
41493
41347
47632
40051
28753
30340
44713
50180
42602
49058
35950
39914
36691
40592
41989
41107
39660
46573
36301
53082
47455
38014
34083
38525
41300
40255
42790
36278
26132
36408
11227
23376
28079
41350
33409
31252
41360
34097
44847
36522
54695
31950
37082
33956
32494
42135
53263
43889
42479
52451
56168
37751
57300
34183
30617
26806
37851
26990
39911
40189
25881
33172
28757
25367
39297
22869
49155
27234
33573
27197
34738
32624
37910
29201
49927
17766
38372
37443
52401
33582
33352
28446
44263
21590
37346
26533
45442
31586
37567
29735
30911
36531
47786
39818
28804
40903
19152
42025
19122
35400
19967
39410
35212
26773
44837
29338
40212
24322
34611
29101
47499
28032
40392
19082
31122
20297
32587
32928
38485
28703
19974
36755
27725
37520
28286
30179
32908
29598
42876
31903
15285
16381
35583
26977
34705
35726
43771
22418
37176
22121
32434
40522
26272
32708
28289
18561
21587
23554
22438
27835
33636
34631
27895
27010
41671
30467
36515
31512
43518
25895
36525
30877
26366
33749
41564
41350
37584
38722
27715
36274
36041
41404
35085
35069
40846
38361
36632
32397
32835
41594
50665
36364
24933
32614
40482
41160
24552
29418
45548
37433
39948
47552
35667
32003
32684
44694
51389
21704
39798
45171
29468
27030
26953
34117
31108
40078
42272
40997
41508
56055
32878
33797
30684
41711
38696
39260
29612
31645
34702
38732
35773
64704
43701
47234
32300
38956
44660
46283
40716
42296
47208
43013
57414
39513
41624
33289
38365
38695
34454
33423
33406
43051
40405
34842
46453
42202
40506
46016
37671
33670
40372
37112
40255
39791
23788
46306
39771
39691
28179
48267
43224
40085
36154
35663
36839
61555
40799
40155
47786
48213
28356
36732
33606
40532
52531
41624
40819
71994
41294
32237
29612
49385
46133
36505
40185
43895
35186
52264
36291
47081
40799
30583
60386
41404
24813
47231
35269
27661
26904
44810
25534
42111
54745
40429
41708
41484
40379
54382
39052
55667
41457
37270
40776
31913
45074
41808
41945
41287
47422
41611
49830
42726
41437
40345
47843
36395
46126
40813
51372
43551
40533
34631
35032
33803
43481
42670
33586
46156
50017
35186
45024
48324
38645
33359
33927
41982
37567
42713
40626
48367
46123
41140
36892
33386
36234
44232
34511
51152
41538
28026
39290
43154
37904
37119
38879
40476
49827
30991
37824
41077
32314
42753
30904
39012
34337
30911
39541
39704
39313
46533
40015
40840
54565
48972
38251
41063
42853
42793
40285
34815
46671
42235
34000
37556
31208
44399
36217
49502
39210
25921
35076
30714
31118
34694
31579
29411
20979
35552
40533
44192
32354
30430
43922
39924
48481
27047
37980
30994
33035
29148
29101
53446
42422
38081
34414
36845
31305
39724
25761
27762
28009
33776
38646
30994
33419
42105
38669
29836
18541
31692
44183
19934
40899
24863
34417
44113
35486
44550
47839
46089
33967
42720
38071
43912
36321
38024
26079
34564
43204
58997
37143
39397
33940
22806
49188
44573
46543
38986
42736
49746
19102
33452
38729
47315
45879
46944
60537
45238
42195
38000
43064
38903
42159
42817
44877
35082
40506
38181
42823
39086
39868
37039
40606
54195
43922
45929
37807
47769
41421
41751
42039
42252
57143
46093
40519
43785
45191
39704
38616
41431
48043
44500
44189
16724
17733
44243
40803
38448
42356
38198
44703
46904
44136
35309
39477
34798
37627
44510
36928
35967
39233
36759
42873
38772
47348
40402
47673
41187
39386
42683
46457
42429
41881
38158
44951
39905
36592
40612
39380
42830
36795
46012
33105
44987
40552
65205
44260
53610
46119
44446
43317
35623
42937
34264
40946
37580
38815
35486
45842
27541
38382
41902
44212
48360
41477
41467
37243
28376
44390
40656
37747
34791
31619
25771
44700
41083
21570
48343
32023
42639
31959
45117
35135
36875
34271
37105
28336
29708
33476
17168
33082
43585
42389
36150
35937
45328
32554
37079
28566
43064
33943
44596
33903
45999
40382
31211
39628
39086
37857
33702
37633
30139
28683
40446
40025
41601
32705
33005
38963
33529
34962
45856
36468
41855
45886
35366
38602
24466
30413
44215
49275
33325
33349
44496
38325
45004
41781
47572
36969
46657
36922
37967
45679
53623
32875
38786
41404
40482
45662
41314
30036
35563
44206
45024
55894
38318
47088
32668
39741
34892
38993
41017
47943
16267
30540
46023
44944
41885
30881
45228
39243
53994
42640
27448
49028
57401
49075
44563
50725
51346
30624
38960
33626
38288
41086
44069
37273
55884
47095
40152
43848
48407
47328
28560
49082
44887
47362
44924
44553
40636
37827
42529
40773
41674
45786
59137
44016
41858
44817
55350
39019
32216
47756
46019
47054
37533
38956
39420
31629
36177
29448
50017
34284
37850
42760
23888
34832
36325
31145
37550
26576
43558
50440
39557
30814
38168
31285
45796
33436
30834
37537
37991
37623
39096
43798
38051
39837
39330
45000
36495
39941
38776
12781
50267
41641
39350
58029
53005
42580
27775
52522
37884
48764
37196
40325
33038
34154
41651
42569
37103
39934
44229
39574
38535
35660
36852
47295
59966
45265
45321
30651
35443
46914
36414
50908
45896
44015
44597
35977
53143
39394
40021
26482
54445
26523
38589
37790
37329
42416
40285
33152
43381
32601
48183
38028
41017
50410
34825
37467
30069
50802
44236
38489
37710
29521
39343
49987
40375
39283
37009
30096
51526
41674
37877
28113
45027
35312
39627
27788
34418
31689
32798
39540
51082
39564
28500
40476
47569
46276
44029
41477
40185
25938
44934
28072
59611
46603
39397
46871
30417
39494
41915
32801
44740
30687
35964
33339
42970
43137
34678
45144
38732
44486
45361
44239
36090
45131
44743
35409
40849
47833
36431
38362
35055
42139
41584
46791
30988
38278
50181
52652
34882
34478
27431
41156
43224
47990
30547
43521
43414
38782
34885
38956
53540
44179
29749
40368
45375
42843
41414
43054
45328
41434
42215
44984
31963
35667
43227
32878
45138
35556
42119
38966
38479
29067
43648
52224
39090
40873
33796
54612
36638
60419
34812
35115
46988
40976
35920
29929
40629
40044
36642
49098
41507
42289
53670
42877
65245
44947
36081
36966
30567
42573
40365
36812
40712
44263
35960
38956
40669
59418
32541
41207
35813
30667
28286
40118
42292
27237
25782
25725
35129
50852
30480
50354
36425
41093
45669
42406
32076
37303
37159
38946
34354
37219
29245
21941
47499
37453
28720
40723
42489
32898
31950
47725
31459
22709
38415
36411
38315
47402
51727
35009
29739
27514
34861
35590
35429
32143
37723
36044
23928
34601
38028
31248
39614
42222
34368
23477
44526
38004
35850
38712
39233
38592
30811
36501
40365
35951
41681
37049
32758
32898
28613
44259
56429
40165
36418
23053
43187
39176
34595
30434
35459
30347
42589
24860
40025
41310
20261
32157
37914
31735
38896
21343
28763
47746
22478
45889
33055
21760
34932
38218
32116
41521
32003
26583
42543
30106
42500
33967
31342
36071
34150
46172
41624
40001
28046
31272
24896
37096
41845
46931
35306
42810
34601
32467
32224
35686
28366
35366
34581
19747
29942
41778
38509
30112
39440
43661
32651
43184
34050
39974
39681
45782
35917
39447
39617
41654
43415
38375
35957
44853
36424
50257
21777
37914
32674
52051
40923
30861
26162
51102
23944
25517
33676
42683
35203
32333
29856
42827
46901
31458
30393
43003
49021
38432
42319
42486
49162
41624
40960
26596
37203
37383
42723
45458
34918
39454
41360
44306
31328
29074
35940
31485
29201
44767
34254
36475
24810
37901
50394
33463
43852
33152
35125
23093
36768
39180
21961
34057
39334
33499
41621
28035
26246
38869
32080
42500
35029
28603
40419
29271
33773
22555
36385
33212
41641
36992
30380
36184
36929
38819
50955
46393
30557
32047
37342
32664
27665
32454
43331
37573
37637
20785
27712
32617
23727
19847
38178
32334
42509
38522
20211
40666
39093
41594
36956
35623
32264
36876
39557
41404
33052
27258
27865
40529
36257
26513
28353
33172
37350
38148
41772
33793
27858
38649
33863
34264
32076
34351
41397
13525
36365
34995
41016
20134
43050
42292
38001
29916
43248
31792
44513
38742
34782
47152
30247
33749
30357
42800
28353
38204
33763
34949
32968
22328
36164
32343
25678
51169
20187
33626
32991
33840
44473
31736
36261
53814
36531
36120
35085
31735
29598
28256
32814
38966
25524
28069
36264
47863
53600
42983
41207
32424
43010
39654
35108
42546
35767
37470
38732
31555
33606
42863
16948
25274
22872
22358
32962
33536
37280
20475
51332
42109
23123
36736
20405
31328
39570
40272
36204
38659
40275
30310
36057
33853
28817
20371
27141
36461
30607
23991
29104
34100
15475
28319
55236
34004
28787
41734
32033
33365
48474
26359
22752
45675
40072
42556
25334
42419
37526
33182
43518
33519
41023
34902
35232
31770
37827
32714
28854
21072
43615
30150
25821
42169
46019
31134
39527
30811
25581
34247
39554
25430
44764
30006
35049
25204
38298
53223
34274
34825
39847
41828
31078
26536
35319
42810
30257
44420
29579
46320
33669
29131
35680
34334
34541
29872
35146
40198
31596
35984
27187
35640
36815
37216
24295
28921
24332
27615
32971
40479
22121
24489
39046
34651
36351
36127
32771
43187
37480
49726
35369
28510
40382
34621
36231
36421
40683
42205
29775
40943
43765
41040
34524
38759
41314
28406
40088
48597
32650
32657
22859
42686
33910
33329
38388
39938
40439
39864
19817
38218
36114
34010
40295
33198
47161
26336
41504
32133
38304
33329
54014
24118
36955
37560
28617
35733
32857
26590
30584
33232
36354
28286
45151
34731
36050
37189
34685
35259
35112
47802
33082
36672
27475
19800
43602
41126
38081
34801
33426
34561
24539
34314
40082
29862
27204
31242
37684
40543
36358
27441
46316
46420
31431
27308
41872
24111
33082
41394
40566
30841
37643
26285
30914
37824
34791
34648
34007
35600
37503
40245
25444
37396
28603
26312
31542
38258
26984
38635
30707
28059
36131
27181
32668
24182
32858
19623
29361
29221
39831
42549
29555
43331
36391
31545
43932
36752
32731
42756
36217
28333
44730
41010
40843
36488
33643
34057
43000
49325
39193
41754
32427
27294
37747
25047
25047
35846
28566
33720
41190
46390
45108
45541
37824
36718
29853
44540
33048
43020
34661
36441
34628
47008
36959
32594
30674
38906
29391
17626
25548
39253
26513
29986
30357
33459
45762
42409
34952
33359
25274
48347
37136
28747
35232
31011
36548
33623
34615
32664
27394
30750
34170
25214
28730
36200
35950
33028
48303
28834
23190
32240
34878
33876
31075
27424
44477
35706
32647
39564
36768
37714
21991
46677
34534
30671
24315
29485
29234
34364
34217
37347
34410
41922
21550
31355
34899
49279
26452
29355
28433
33987
33369
35369
31893
35376
42246
34858
38278
36792
30367
43708
29114
32624
29338
38422
45141
32540
63492
40275
35416
25034
39838
34344
37730
32821
39664
26810
34655
34334
37430
31996
35589
22121
30811
39354
31001
32434
27892
37613
30019
34110
38258
41100
27121
47979
34872
34892
13051
21757
34211
35950
30717
34344
30844
10436
22795
25875
15819
33623
27899
22395
35099
35112
34314
37293
33623
29769
32033
28049
30600
29862
36161
33415
34027
44389
27331
29716
19793
28964
30430
33092
48046
35179
38368
26867
29852
48300
42589
23343
35012
46430
31902
28840
41804
40296
26242
34324
35436
33957
41544
30824
33489
33335
27765
27735
34284
47595
51282
31616
33519
32791
46554
30764
25855
39113
47415
35069
32333
36318
34334
41614
38051
27839
34725
28650
29896
38422
27534
23073
38652
38836
34227
41113
32875
41257
26012
42165
29963
32357
29258
29492
32430
32053
29117
34775
25958
37092
29381
29468
30638
34067
14604
32367
36785
27020
31612
36234
28777
49185
45892
25601
36899
31699
42970
26616
61128
35112
39116
20689
40372
34938
33255
42833
30126
34070
37777
45318
33346
29852
36916
34832
27682
26229
42075
39988
37049
32350
26660
25928
37487
32514
40980
26276
28630
46587
42075
30463
33646
38986
20842
42666
45678
13254
39814
41865
38412
35396
33622
44380
21740
45698
33967
40399
41431
36354
28604
40222
34010
34414
53510
27641
36118
16076
31311
43972
28409
37296
53183
61936
32808
41865
32754
33192
37523
32691
38578
32561
42696
38678
39694
30120
40311
31779
29481
34852
36659
52328
35079
35476
39226
34434
36815
35767
37576
44753
37456
39453
27612
41320
41367
40415
38241
40819
27077
36996
39250
41267
39410
36722
38986
39420
44590
34367
36368
52875
35486
32574
21470
32093
41127
38672
36505
32257
27915
29258
36031
31862
38442
43284
37867
42055
35002
34518
32905
34424
32998
40545
32387
42780
53313
36962
34688
34902
54996
33626
41581
33125
42934
23494
35483
35580
25878
49078
43167
39287
30069
38201
31499
43568
46256
32039
34076
26459
31479
38272
44597
38886
35369
33165
33258
25768
29492
38592
39657
38401
32630
39758
31058
33225
38726
38492
32257
41507
30687
35216
35396
24408
43067
33739
34582
32687
53604
38555
18000
41477
40673
37771
38956
40632
43077
32020
32931
25143
38044
39230
39610
45819
26182
40028
39253
40359
40078
27298
37313
43999
41751
41945
43227
43307
32006
37800
39914
31332
50718
33118
59815
32380
36211
40973
42826
35803
22038
32844
36000
38735
23304
43381
32678
51971
41240
40646
26296
26489
33162
38652
37497
26629
32264
33068
56946
42840
38742
35740
33185
31675
38452
26072
52434
27458
52488
32504
30951
29849
45057
31088
31502
31058
35356
28704
36498
39991
34097
35536
33389
21637
44413
39130
28914
21123
34344
35486
27662
30687
37307
40118
34303
21059
26546
19810
17673
24512
27759
32464
14514
30266
28746
29371
15726
35005
20749
28243
22325
27772
34504
33396
42158
31633
39233
19088
31058
25822
30967
25778
26847
36345
39247
36779
27598
27301
34254
33038
26616
37333
24960
24679
29799
29084
35951
19139
29775
38034
29492
34514
27461
32157
32411
32233
35876
31165
15419
38612
31643
31034
22318
35152
28339
33112
29789
26603
30273
37399
29886
32914
41170
29358
27819
35774
21543
22452
26790
32641
29692
24496
21389
33386
40452
15756
24629
26389
30791
30827
26242
33746
29852
30313
26429
20705
25217
27811
33228
38084
29622
26359
32564
31652
30687
31622
40709
39564
38625
37266
32597
33522
41167
41875
33285
34434
20478
22715
32177
40298
33456
28583
37517
25885
34047
25644
32771
30891
39420
36094
29789
36568
29525
32885
40475
24713
40208
38091
23627
28202
31696
36198
29632
37440
25054
37420
25895
24322
24756
29098
19332
30867
23584
27434
20301
31645
24132
25060
19590
26556
23090
32497
20839
18921
22839
33783
22385
29585
21379
31115
27738
28069
31890
25885
22195
39711
30210
35987
22572
34271
23330
35282
9972
48180
29983
21617
19917
37937
28947
52184
88135
49129
36124
30761
25951
40082
36738
20135
34691
32741
35286
25792
29953
41421
30868
16808
30891
37443
18341
32020
25902
23133
25437
30567
38685
20518
35449
18387
24830
32687
32661
31489
32537
32718
38545
30647
22689
26997
21473
28079
41815
34120
39631
37584
34397
27197
35960
32741
28182
58266
27771
29458
34424
34063
30136
37253
33239
20775
36995
34090
35977
28941
34357
26553
31672
38432
42182
42913
29068
28426
25060
32564
29849
30838
36976
31128
37971
41784
12807
37116
35853
37731
36505
27441
15833
27782
41123
34424
37183
30056
47836
29071
35243
28433
18995
27588
23230
33396
28734
31863
38966
27624
35106
23521
37303
34818
31238
24893
25621
33696
35820
24479
33192
25534
34110
41675
38228
15579
26259
33780
35553
31198
24973
33813
45588
33836
25925
36772
34591
26964
27982
29635
39466
21770
39758
28684
25370
18905
36458
38745
42236
28386
24355
26409
27057
25537
28817
38175
29809
25885
28837
38212
45415
35950
25431
25558
34133
26259
30364
30487
39020
38749
31749
35153
32587
28456
43975
20822
32100
26005
32698
32518
31589
30978
37262
27705
40124
29942
31421
49980
28276
21350
29531
25704
26809
41013
38275
32127
32374
36014
27915
26777
27488
26559
33700
26980
38686
35950
30543
35136
21110
27751
34891
25708
40823
32968
36094
24312
37393
25951
30587
39500
28840
34849
34771
28467
29224
37253
33723
31739
30300
37122
26072
29431
25377
28016
28052
31816
19884
19607
22565
32066
28693
32057
36672
22489
33349
25394
28173
25945
28623
27344
36745
21316
24742
18380
34023
18695
26379
21664
24843
17586
35282
23083
27809
26372
38782
20609
27912
17739
27327
25985
34744
20128
46864
22455
32033
20952
29495
18217
38805
23734
28680
22969
13822
23571
28313
16657
27915
25437
37713
15810
36889
22722
32447
12403
35540
17409
28927
27080
32681
12957
28744
22351
21146
20611
36181
15084
27818
27638
25614
23463
43264
19807
31873
23771
28393
19897
28597
20030
26880
18741
31255
17580
31061
21744
35446
22469
32204
18855
33072
21069
27605
21049
19703
14534
30063
19874
42803
18207
24158
31342
27695
25013
28383
24940
29919
20495
35399
21600
23841
39497
40131
38308
30480
29538
31709
35146
32518
32657
35954
35536
29592
41507
43234
36552
38341
30350
36665
29094
25043
26022
31789
25748
37704
32173
28687
32186
36331
39754
32945
18501
29639
33786
18985
29805
25584
32340
54649
30894
44991
27531
31141
30010
32687
30343
34110
30394
36585
34458
26813
27655
29990
25197
28222
39594
28747
38378
29465
39537
35573
31823
41037
35866
26052
30671
39804
28951
31178
32764
26743
26138
25030
26786
28944
29265
25207
29318
25675
35580
30974
20291
27278
34504
18905
36027
35399
20592
31435
33406
43622
31288
35877
32287
29915
35803
33679
34351
32610
34585
39414
37446
28303
33185
31899
27732
14140
47993
33469
32454
17836
35543
30376
34217
38158
47008
25150
29989
25835
29258
40135
49008
29979
37950
30213
39203
31402
41467
35152
24272
37316
26533
32961
28486
27929
36902
22475
28002
31682
43828
12783
29368
42826
29175
37811
29285
35172
36184
50765
21099
34942
27358
40620
27391
40743
40616
29064
36334
41117
16891
30410
34704
40345
40526
34107
35136
30791
27191
33042
27741
40248
33028
45141
20341
35513
40726
39905
32427
33649
32634
31118
37981
21704
20648
32467
31522
28680
44015
39677
27381
31649
36044
28079
32928
31832
31529
29171
28366
32093
35102
36872
30243
27792
23647
32938
27999
33509
38318
27795
40986
33299
31899
26523
36037
23387
18922
25544
24128
26159
40385
20254
47552
19847
40545
18524
34775
24158
36284
13966
31348
24723
32374
22959
25565
27164
29612
21240
40880
18518
31996
20271
34615
26185
24830
13622
33252
18507
35867
25444
36692
19957
36538
22726
46801
22906
31803
23747
29833
15128
32340
29986
25270
9541
34388
32845
33823
17612
35283
27515
39837
27434
31536
22502
44603
28913
31008
19085
27198
30303
27611
25277
19069
21597
45295
22792
33018
18712
32440
25624
29335
21206
42332
26399
32918
21707
28687
32053
35169
25571
27000
24566
36458
23547
20114
24402
26770
18030
37106
23033
27685
22572
49349
18982
33589
13692
29966
19837
32411
26433
25257
23844
21256
28537
35590
32754
31044
22719
45312
31372
35019
24071
44035
19186
31158
23928
30694
24786
28005
19670
31479
26663
34131
18144
26235
27144
19964
29448
22478
31950
25114
35212
23744
27558
23931
33910
25093
38235
24158
34939
30199
24031
15078
32407
26225
43384
19553
27264
22245
32361
18765
32674
22221
31619
21560
38305
15866
30901
22719
36939
24251
31442
22625
27551
24041
53507
21814
35766
22599
30814
26359
23894
19182
38097
28560
31639
17259
34190
24102
37186
27511
26466
18324
27047
21734
26399
27778
25658
23995
25915
23149
31081
25073
34087
26673
31856
22866
33987
19108
36385
30230
36394
18331
28667
15378
28653
19680
26436
17218
33626
21119
40382
28714
36689
17907
37109
14186
30513
26068
35486
20852
26215
33382
26149
21677
30857
19510
28239
27184
24729
17766
43107
21450
28369
23217
29091
18855
34170
35509
27200
17809
34808
25932
26469
21290
32283
21850
37670
20001
31275
24089
26676
17018
29238
25431
35947
19727
30073
21106
35142
24195
30738
20501
27926
18928
25919
20030
28443
19910
22422
20448
35620
22148
37273
21350
48012
25608
18905
19536
34150
22999
29629
19275
38769
17993
36899
14417
33365
28704
36341
19319
31876
34885
33606
26859
34862
41855
26292
32734
33235
35269
31652
31870
31088
26713
35203
22128
28249
31192
38341
42646
36799
30587
28687
28991
29702
36060
37586
35994
36809
33520
28099
29916
35747
38097
32337
30627
38659
34250
22756
33402
36551
36051
26827
33830
31445
26890
18394
26943
33135
33316
29091
29462
30661
35118
30687
28563
36365
19446
32097
33088
30246
22021
25711
38582
42620
46390
27294
28753
13385
42486
37430
28951
27504
42609
32286
25919
26924
33575
28673
30804
27962
32894
25117
31495
28176
31185
28937
40332
24646
30484
35212
26773
27060
36100
34948
34017
32832
41618
34501
28427
34508
26222
36896
33686
20508
26900
29054
18417
29845
27942
26255
35433
32264
25520
31061
28390
40642
32918
29742
37099
31011
29077
25097
25568
29404
33583
38893
30751
36618
27635
35533
32698
37193
25230
33212
33426
34765
24793
31321
31893
21554
33442
29488
33512
30697
26235
20979
24756
19874
29268
27952
31729
21587
26071
28089
25968
18337
26208
35383
18314
24128
22642
33132
21069
36051
42496
20658
27631
37550
35396
29071
28804
33887
38922
38328
32210
21843
27094
28720
29852
37680
37240
31038
23387
37620
37056
24659
26419
29402
23140
29762
28874
30273
27491
29812
28105
28720
34688
34668
33282
34979
23834
35510
37750
33075
38559
23487
23921
41053
26710
26977
25290
34822
34324
36081
26182
34901
31793
23333
38151
34712
33262
39811
34187
30864
24903
23992
33736
28620
15358
38826
35586
19416
33710
30297
28783
25080
29919
30069
36715
26095
28757
35927
28877
30109
36378
30673
39481
40997
23901
46924
31629
38602
31048
27571
17513
43645
37069
28537
30737
35389
33923
30613
43822
33028
28426
32728
25908
37456
36779
34958
25330
33208
22165
32911
37633
25448
44797
47241
32928
27267
21744
26459
26439
43518
25130
28857
28770
42426
20845
31665
28533
32033
29859
26513
38418
29184
42716
31525
37105
40492
37373
28045
44533
31064
33926
34534
34137
30196
16604
37366
35867
31465
37326
26553
30346
38408
27745
33329
30283
18328
43979
29869
32467
29418
19189
28270
36104
20382
34368
20301
26636
32527
27037
38979
41761
27986
24148
37126
26660
25778
38929
26356
30817
32303
32394
26018
22184
27381
34320
38041
26423
37476
33536
36966
27067
44199
27064
39437
25955
37527
22155
38372
28977
33860
43090
34401
26860
28447
40168
17279
36872
32674
31128
31191
22405
34561
30180
21483
32360
27511
26940
33623
23163
28614
31318
26803
19576
39817
38522
34127
32767
41421
28867
33807
38292
30607
28637
18184
30741
42316
34848
33890
31899
28774
40910
33138
25798
35757
35343
24409
36161
33025
28553
28136
44002
17503
25247
33803
38545
29595
45859
29195
33145
30841
37170
34792
33362
25290
31682
35606
39707
28569
33336
29308
44069
34511
36668
28653
26660
27515
31268
27879
39918
26543
48153
22031
40225
37316
37260
25825
35041
23347
35323
33974
42345
28917
27875
33389
34838
34925
26943
36408
33986
37329
34017
26172
30781
30233
33348
38983
35062
40442
26356
37981
16040
16831
13605
14523
18317
16774
16037
14627
14157
17118
16872
13762
18618
14751
15499
14657
15161
16704
10833
14293
14260
17927
16407
14397
10570
16324
10927
14524
13408
12212
16410
16050
15462
14878
15853
10295
13762
10559
18558
14156
14404
18841
16423
15215
15886
15418
21837
24565
13425
12877
12082
16554
12052
17272
16694
16511
11404
18471
19166
14584
16421
14567
13261
16270
13158
14113
13375
15512
15182
11428
13291
14664
21026
18882
15409
15051
16224
15145
14136
15195
13933
20188
16457
13705
13949
17055
15956
13281
15883
15545
15889
14290
15082
16631
14941
12580
22014
14470
14219
16350
19332
17068
15916
13285
19954
18174
11368
17168
14644
15255
16637
13895
14370
12286
13542
14474
14086
15048
16921
16263
14170
16337
15866
16033
13943
18945
16203
15662
16647
16584
14433
18896
16878
17399
12416
14550
16307
15061
14053
12700
15369
14947
11782
13238
18725
14197
12864
11925
10055
15251
12079
13111
11959
13792
17416
12604
12797
14583
12363
12974
16544
12209
12503
15562
13374
13298
12934
12066
18037
10890
13902
12353
16223
16905
11438
17345
15606
16010
13478
13966
16294
14647
14180
17509
14300
15745
20348
13268
15652
16137
17079
15476
19646
13158
15329
18638
13388
13301
22011
14060
18017
14988
14804
18197
14206
17325
17399
12684
16631
17767
14123
17035
14503
17763
16287
8706
14854
14033
16584
15776
15773
13391
13909
12840
15876
13221
27418
15565
11665
25755
26052
13779
15145
13836
12690
16864
11395
14828
11655
26032
14209
13024
15398
14814
26833
