91001
124323
174627
198281
138099
129773
133530
134913
128040
185728
115306
132037
116919
274053
106409
92713
117370
145874
135263
124032
106931
104276
122580
86402
122460
138089
188122
107561
165079
86402
133620
87744
137017
156943
137638
113894
172322
111058
84869
159989
101390
138158
67457
111919
102082
130675
146485
132287
112681
114264
93274
268573
119484
181189
119744
123542
144210
91441
119674
140113
114986
105838
151364
141044
127579
109775
155391
137307
150151
103955
108142
110266
123240
174307
101179
159028
111379
181109
101620
117410
127279
114474
120426
154539
126286
128350
105959
169417
131285
138560
121768
108573
90199
102331
70032
126507
126737
141074
149550
102782
153097
126798
116899
84759
150822
116468
142436
82675
132969
179246
123521
99887
142507
86502
162324
122769
56125
109244
103243
153027
150121
174797
40616
140213
146695
90870
107722
120986
154660
173866
132789
92363
104626
137277
123331
92093
111128
149179
116608
135404
163245
128952
91882
98444
196979
196728
76604
142868
132648
102853
86232
150222
100168
137538
115817
86282
149801
152957
117641
137778
119654
118492
79248
87915
142848
155501
190748
198051
123792
138810
93866
146785
108333
120506
85060
84548
91602
101851
112902
121688
126226
138720
91532
115777
117390
149450
128611
141265
122329
121157
144230
106881
127960
154409
172924
79209
120907
149941
41076
125956
131176
136015
141655
136416
145813
144330
127319
130113
140684
127919
122099
170920
124403
113743
153818
165400
176550
129713
140724
136065
144040
137988
149500
175930
136526
146304
110877
145423
102623
166031
137187
163516
144241
100037
157164
144430
102121
124033
97542
164187
128701
105587
132317
136085
192701
168817
144120
185968
81663
162174
187621
169708
134802
107211
130845
113212
85350
134532
159428
135073
200486
133811
154219
122970
135233
135433
110988
82174
125896
92774
122910
115476
123181
103694
94167
144771
116027
108844
108463
89347
124934
124603
133860
138339
173855
131195
112521
128921
109595
121979
150352
141786
163076
85821
177442
88686
129543
130043
118973
92704
132147
130365
94387
128310
132127
110467
109094
106480
98144
118351
130434
111849
136306
92513
115125
120957
142237
137267
140533
97553
144360
131606
69050
88797
71474
113883
117490
186159
148428
98695
83446
124433
159639
119844
106569
102663
151303
120105
127829
118031
128070
71614
83958
106930
108954
105828
174487
148578
92002
136175
128671
143629
116728
140553
113172
132478
147867
67897
104896
108193
121237
97864
134392
128802
119924
125314
121247
107412
137076
106299
133540
111619
150893
108042
139491
126898
135894
137598
120716
131376
131877
146104
157956
123431
144460
151013
128831
164959
139150
121137
88115
124423
119163
103724
90970
173936
99356
88596
125175
109265
119934
139311
125154
138239
102842
110797
151604
107331
117650
109495
79529
169778
152616
139621
114184
144261
112331
123391
151264
127940
117239
157314
112661
178685
84738
151083
115466
133440
127208
126878
120786
116839
128401
92042
134962
114785
85360
117070
98935
123391
126517
138910
104476
118893
114384
146945
126908
147225
110376
121628
119814
134382
162364
135143
113663
116688
125525
121678
103214
106139
113984
107511
191899
123501
164047
107852
122549
104306
135474
118161
102873
98484
128501
98575
94467
122249
116588
121588
92253
128902
83857
97673
132267
112781
138430
115667
116869
120455
130364
138069
163506
94818
169848
75581
119604
107621
108824
100548
37330
127799
140523
114835
122049
114775
118482
113533
171882
108583
106360
110246
99186
116107
118281
91401
94126
120325
112541
114544
154690
102702
121888
135835
106800
98034
124684
134612
84969
112490
145011
151564
122169
102993
109375
116849
106870
133700
138469
105468
129423
132749
89427
160440
96862
77385
146073
112040
84147
99166
163165
94587
198962
107952
117541
132168
89698
102251
118101
103033
170178
118612
89918
106600
129242
132809
99236
109335
158226
47268
32761
96641
80732
127549
80040
133711
124143
126877
134923
123000
66074
113713
98896
118061
115576
114194
104817
119604
84728
124924
103695
91492
95379
106921
107761
98254
138590
112551
100138
103473
109585
113602
91251
69570
108322
173254
96992
109695
126347
108183
106269
97603
95539
102592
93275
94327
94377
123521
103925
103674
123942
96100
103864
135394
111088
118351
77465
78396
107462
109625
124854
111820
100839
85761
139892
97763
163997
162154
126587
111428
140794
76974
88906
78337
109144
72797
124553
111529
121488
77334
94356
129883
89488
148398
112671
109615
70462
88545
132809
166402
137899
130625
105197
82956
114244
100579
125705
107000
107782
104916
83026
135995
90299
119043
86582
130034
120045
104997
156192
122119
111769
93004
100679
132498
101190
96851
143709
93084
121297
104856
114133
103324
90590
116869
106380
96571
115716
123281
71595
127118
101129
97563
82845
128821
127609
130224
110266
198272
128471
131646
134482
115817
171851
44203
94006
72876
117620
116288
147597
142667
141846
126136
129102
130254
189996
98013
162865
116819
85219
150121
119905
105357
93625
123842
126777
170819
108603
121247
167574
98865
97032
111458
125214
131767
37771
97563
99887
78487
69550
115396
119634
118542
149840
122640
125966
169087
150422
93505
101680
151023
113082
110397
146674
86102
140784
123061
127769
102492
127990
101510
163206
121378
127669
97152
92213
113743
86041
99526
98905
94788
109485
150903
119303
98755
112571
105027
95188
120115
94718
144350
85560
44514
113363
133600
138690
108373
134932
146504
95880
126026
97843
190527
117961
72055
108413
120876
159369
117199
101039
133820
124893
106940
133260
96611
141696
118772
98935
143279
126597
119353
83587
124614
149370
96090
107541
135884
114103
117109
95218
102542
106399
105597
146585
95860
98224
134081
102983
137488
114034
114314
143038
146064
135273
135464
130555
133590
119654
123651
116789
164949
141805
126858
137928
158507
104746
100538
122649
115286
141976
116398
120305
131617
93275
126717
117621
136055
110496
117149
90339
117821
125144
136315
125885
117450
162505
121959
143739
113332
171952
101931
139391
134472
128350
134031
110767
85119
119885
140313
133650
134402
133630
112059
149039
142748
136696
137418
107391
106119
93224
113493
134842
93706
127408
64851
149340
113402
159729
87364
168886
97223
88105
92854
115016
128891
99867
127198
94707
111058
126207
114665
120866
114274
131827
139711
148698
120465
114624
151774
145673
120276
117820
121627
99326
90019
106940
138129
104425
150942
132959
109525
156593
104746
103534
114394
110397
106800
92974
161302
88937
86031
142106
143779
163106
83005
176801
64942
130003
124904
110247
146544
126317
127599
105928
92884
113392
157595
118011
143238
120666
124563
116669
120496
130905
80391
114575
91992
135293
134552
132749
125124
152746
110898
123221
142727
128130
131557
102853
147376
80370
86823
116889
96070
92113
136195
125776
122499
80961
99767
104426
154189
91281
113482
119654
113793
122880
106279
105808
78818
98905
103233
117701
100147
121918
134672
158637
110727
73378
133250
121267
117139
130886
103814
118421
140643
148047
99055
120986
123862
123421
101460
136636
138339
104736
119444
127870
122208
121357
134291
128160
136325
121097
106329
139040
114705
118682
141725
137647
68498
110136
158076
106259
90340
111188
129342
154039
84919
118732
70071
89868
75873
83787
109565
104876
103905
110197
38062
121267
94347
120556
98284
139031
128511
92944
84930
115998
139220
136215
116378
99606
125926
122530
97352
147837
108083
142106
116668
160901
111639
143078
112671
155792
96110
80681
88175
134292
85721
106609
105838
159769
88967
126758
121377
86672
124633
123010
130094
109074
92853
114675
123361
145092
182011
106038
138258
120416
106920
117500
120315
109505
111329
113613
123321
128881
116388
108413
125976
117410
162925
88105
124984
96581
128060
97432
104595
140053
106349
116949
115606
118122
115596
139592
134392
129041
136004
108313
118482
112410
133230
135213
125956
112291
80400
130965
104907
114484
108974
134502
125945
108242
114284
126757
118201
122470
80521
120326
114645
101179
125966
138990
99997
213440
178144
110347
116278
121497
130053
130564
112831
113283
106228
116198
98334
135253
91741
117390
84017
125095
77756
162925
121397
120475
87123
138951
140533
123832
113092
153538
136045
109294
76353
48230
129663
83746
113032
135244
119915
120376
123421
85781
127559
113854
103354
123432
88906
110697
126497
110206
119243
78628
102932
126437
84999
108453
117581
90168
128771
83337
132287
143689
82234
131536
143739
124323
153327
140093
143349
120966
101761
149871
84048
135103
147467
104636
112962
132127
101099
108003
114674
113161
84208
114334
121187
112080
119013
106059
107130
159939
139802
130865
95910
115927
128571
122159
84588
113422
93004
123872
112070
109154
134512
96461
133059
120105
135534
109224
112410
107611
99777
112962
154089
105087
133971
163496
88065
121668
122079
119644
50895
109876
120025
122319
109015
127048
109304
126677
137878
123111
95459
111158
132167
130685
112872
101150
199914
145403
179486
123632
170720
100599
105107
121708
119023
114815
129403
108553
102091
97072
146334
91762
84258
115607
104626
80160
110427
125295
115867
114244
147577
130153
119254
119714
103433
121488
127218
118843
177662
161763
106630
180618
94437
174076
179796
115266
154910
102241
122900
109916
81032
99025
121127
113373
124934
114214
96411
135985
88947
107271
98695
92353
104146
108172
104786
141144
105167
87764
117480
123131
105668
126186
96551
118512
178594
117510
122379
125806
103303
115186
79969
136265
111198
123661
107581
111148
138740
125054
134512
82285
81783
126097
123401
151885
138940
109615
102582
110427
102301
131456
91021
109314
44774
120926
172283
108914
110387
135143
123771
92573
125615
103754
124523
134352
113933
99466
133219
102172
108012
135704
129913
108052
165570
103153
138199
143228
143008
108262
143078
121037
104856
129353
126247
119454
132248
122088
154790
158547
110066
112942
189084
121658
115897
138049
147275
122550
108864
195796
124663
108192
127248
120035
92152
196709
163005
125134
86011
129242
143078
117470
100127
133139
126747
92563
104325
117921
108834
86542
124964
77775
127629
40025
127459
135494
131977
135424
90580
136526
155993
130424
87184
149339
108423
122410
117330
86071
119614
147516
120596
118041
126928
96050
119554
120636
107982
134612
123471
130484
156262
129823
120556
102832
119233
86251
126306
78758
103664
133240
107802
105888
140013
124353
109766
103263
115055
134903
118401
106640
123161
130254
117009
81633
145392
134963
93575
118532
149370
147256
106550
122750
144831
101951
86372
111208
113593
114745
126366
136536
115736
130234
114514
79168
106820
97954
83998
87344
122299
101881
125224
119173
92293
127348
110427
112521
117049
106119
129422
116909
149781
122219
114083
177102
142256
134392
119123
137748
82424
125094
122890
125765
128551
97783
124543
128100
78607
107221
114434
110116
155191
154109
136054
124714
83357
121598
111068
111058
137027
140653
122028
133460
102522
130123
122841
142497
105928
118492
104747
132879
114124
147707
102462
96601
125205
135714
129021
117190
158266
87884
111479
105117
90790
123491
142066
116729
117219
100629
120606
130244
124393
115166
119394
134351
119664
121437
154780
120145
114213
131917
125645
126046
129643
135614
175068
106118
120064
112932
139121
137418
114625
129562
166853
113493
98354
130895
139762
115587
161713
149640
144370
172823
127659
128651
123521
95098
133319
96231
147356
141525
151173
155130
105948
111138
114465
118782
173275
175218
110036
137097
131837
84499
108534
111208
156393
101791
112291
123291
122519
97432
127920
117771
121909
142327
123832
128240
175519
119593
97633
157575
138559
135885
110357
110297
105648
116398
125194
124924
130264
88055
143448
113803
97602
115927
91121
138129
96871
92323
118943
115396
120596
114845
113091
146665
210525
145553
116147
138570
112541
134081
166262
130485
122309
130374
146424
97713
75682
91822
132528
137147
106830
106740
101891
108453
129182
122379
120876
115236
42510
113542
122640
128701
126206
107672
83256
125886
87915
100599
134262
127960
165861
105588
149540
131446
144811
131967
160210
160341
121989
120986
123161
79508
143459
100749
188794
100448
102572
97613
144230
82515
158387
118752
37430
140283
153587
123671
126257
113763
108974
126807
151654
126567
106850
161642
168997
108243
124603
131547
97683
77566
122429
115947
138039
107131
108924
124754
123441
124493
132407
148488
70502
79669
128942
130955
99366
89568
129903
137378
119934
119904
125565
118883
121558
94818
124082
138880
115757
119774
116739
110046
111008
129573
148138
120105
113422
134041
77305
109184
167564
129863
154189
116488
122309
83726
120034
112070
136266
96471
107241
135825
123271
174277
109706
143057
104326
146865
133430
132849
117641
151905
79950
115516
144751
106760
168556
115487
111870
67677
90620
96300
108173
95970
135814
101700
134883
115346
175770
78076
115005
101169
108924
131346
92934
102161
189004
176561
88757
122850
104887
100267
117450
128992
120666
118912
125345
109906
111299
157706
121567
139762
113222
121227
127469
115176
105728
110016
94257
134983
112661
125274
88024
112351
157024
84839
122861
95629
97232
130865
133741
127209
80892
89778
120205
136395
109906
101670
115947
120967
133029
145683
93615
84528
138730
136977
163917
163416
124614
117450
122539
109125
113763
149070
127158
143539
114074
121557
119754
86512
119885
117149
145473
91080
134021
86873
116799
143248
113423
45315
154059
146795
92864
130174
111409
121147
97653
140874
123641
116979
104946
93205
133240
94808
99015
106259
111149
160480
126908
144961
126988
94217
138810
109305
135725
137658
110457
128912
147907
133239
65913
120727
125034
73989
110026
108343
127859
194975
141986
120936
138950
172443
101841
128110
137528
115286
129723
132177
118793
180277
118021
216335
141415
141294
125264
115386
104857
129192
76453
119674
144901
159599
122580
85039
95519
160381
150702
115066
117250
138319
111269
147016
147306
152546
168485
107481
110857
125294
139521
142226
145202
166852
150873
84138
140744
117290
99757
121618
91611
169869
67967
128591
127739
127229
142087
95208
87463
116028
125465
135403
129963
119704
142968
97904
151934
99586
157686
114034
169958
115767
119424
110828
113001
136235
143419
141755
106279
152967
116789
138108
129352
103825
116288
128531
135754
128942
139161
98645
122469
150502
136105
122439
82875
160080
93385
139391
124513
123021
138950
111228
118622
120505
116819
121237
77755
134111
111899
139261
93925
113152
112371
136556
124563
123361
106670
123912
141545
136566
114825
111419
36108
66976
128961
138480
122900
119404
86903
117410
151774
106188
127188
115626
105327
121237
128591
111028
140894
167754
131807
40416
95088
130715
89277
133910
114885
119805
65933
93455
139471
47870
91742
179706
113092
113593
108824
117931
96831
156032
105618
120155
128590
80832
109906
112471
91732
100518
115626
128110
124483
119143
108363
86923
123953
141205
112260
108904
137267
130504
82425
109304
134902
126908
127999
136175
145873
130434
117270
104185
143258
111128
135514
84538
128200
172894
122219
134973
122890
86663
110126
93245
171571
124463
98835
136977
123692
114655
84458
107972
103854
88055
169728
117490
107601
115205
55664
119263
68939
135443
118252
136255
118232
138730
131917
67958
178564
95629
146845
102232
109705
113022
129873
104125
125435
111428
95669
110627
80110
120205
128881
114194
138079
74389
120025
112591
124513
87143
138199
133820
81122
123902
129092
95840
104836
117580
97483
110988
127659
114424
121798
129963
93405
84087
87735
133851
110678
134031
94788
112431
122450
104065
139701
127018
164147
121968
89968
129272
125615
135875
82655
99276
102432
137898
115486
150051
94587
111939
80931
100599
168195
129603
91210
106770
112400
176581
137457
115446
94648
102262
167905
127970
133409
129692
112771
141245
159518
135073
133470
121818
152115
104315
110266
108312
121397
114384
137467
118162
105537
88425
112350
163205
97031
80831
128090
108614
129612
163096
114825
136276
105768
130976
125315
92443
127749
107571
118021
106990
106659
108984
142086
142246
116358
121367
135564
84969
82935
81322
115537
121838
131456
164959
154951
121918
103083
121388
111860
128791
170931
165480
125866
81051
111879
122499
142928
98394
124714
84048
127148
124122
119043
141164
129642
116428
127028
129482
122629
119574
114775
129182
127399
111789
124773
89558
135253
88035
100628
135954
37230
140543
122299
151975
140583
132939
132778
131816
125415
123852
108423
106199
140613
108694
115697
164618
118652
114074
108292
177523
125915
107331
140393
96060
123321
128341
123221
106319
78367
94647
93425
131967
174156
109916
143840
37680
99576
137678
137558
93496
133269
108853
114895
133089
136716
105427
109325
136185
144250
117931
135695
101169
137016
137076
119364
159779
134582
127930
30126
100088
107301
91371
120566
112600
129242
123781
104226
115336
98665
102212
159608
106629
150923
131246
109696
131556
111840
99616
100989
126457
99065
133019
114093
91852
73899
107702
121047
135573
139531
112451
79880
82965
139441
101350
141505
134803
95069
147707
123802
109465
136315
122840
105047
85039
95088
126517
121708
126758
89557
98254
189976
117871
129753
87033
106540
111809
111128
122860
114715
120916
114955
112070
102602
172192
118582
120706
105658
116158
133240
117029
143128
166852
118802
110998
135163
158276
106890
137227
93656
138669
123401
89538
104155
124313
79419
126046
114024
128701
62237
115967
130143
136084
125465
137658
73788
119143
79910
113753
104196
77636
136266
123171
128130
109656
145232
117560
155331
144912
72506
116218
136806
118422
105708
145343
125124
123983
111649
131947
96752
133681
116648
69901
131727
105738
81182
147967
103654
175108
144862
130474
126247
118642
127909
121889
84779
118903
148228
127078
115406
89548
121658
41167
163967
119063
121287
113843
109575
129002
127830
126857
116338
120316
135213
121508
94928
111960
105417
95789
99977
80571
101961
108193
141755
101389
205976
142987
130906
125976
129062
136045
114775
104967
118131
147507
164789
134963
125384
123341
78337
141475
125695
123411
128571
111930
119063
126117
174407
105056
143228
113402
124112
131937
130815
88525
121478
113873
75181
137086
128982
132018
126477
94086
130595
127559
80140
109545
98414
134863
88535
128020
111819
116919
117039
87403
128941
108904
113763
122841
112210
109295
115116
83827
116027
118412
161793
115336
104435
138660
88396
110487
134131
115676
124844
166923
112791
136205
134772
126557
120365
114014
114905
144902
39063
110306
137387
145172
139551
117831
132639
135513
111549
132518
123882
144971
106620
124623
145934
116639
131226
84619
124173
133690
137698
110507
105809
98014
191378
98685
100088
111068
107572
114494
107712
135705
94828
134973
101510
102322
108012
102111
144110
154069
143799
116358
123802
113723
87554
134011
106549
118182
132759
168646
174106
78047
177502
118812
91912
133731
98575
164628
116669
114274
112771
75231
132709
106750
99356
94648
131766
62206
142247
133771
92673
108192
155872
108713
142176
148347
128501
93445
163325
163897
95278
134753
119313
113132
145994
156183
115286
97332
84498
106299
107732
108383
126947
191940
97622
83597
136876
128520
120576
110366
124724
106139
130715
135163
142316
122089
124764
112671
153788
52699
139110
136846
102522
118943
131486
81472
110908
145883
92113
121146
127368
109665
106870
122419
120946
134642
140182
112070
47749
139391
100598
127529
129823
86151
104476
122750
112561
124503
101110
118933
117951
104546
125465
108743
122570
122770
107291
131206
90669
121518
116128
105127
67296
85640
97953
76393
112381
122660
126467
127339
90019
107582
78838
116608
115507
120666
117249
181440
96902
125665
135133
129472
125495
133390
114945
129963
116799
86312
103003
69170
80341
115286
120235
118973
121588
102051
156503
103624
87493
160901
111259
109194
93395
78266
139672
93144
111860
119073
49984
143419
135213
72686
118011
88926
134622
98464
166582
152425
74990
100418
91401
81613
152986
125465
105487
117991
84438
108383
174998
104296
91902
108022
98965
85891
135735
114074
146885
113453
98735
133520
109796
122720
97663
35576
84438
127108
88566
128070
123551
113723
130444
104917
154870
69370
133730
79199
154590
160331
125355
98574
121257
85860
166261
119955
91451
106659
96851
125134
116929
81663
121959
121798
101961
169978
113202
130945
99406
132548
124072
126937
96621
124503
76794
146514
134482
161503
179556
100238
47519
83386
125224
127810
155040
135103
117951
109224
129152
127559
126878
159308
83115
121708
85099
167073
105768
102391
203211
128321
109916
111990
156763
181009
95789
119183
98845
148669
131807
137057
80330
121107
133881
118903
116799
66404
136977
106770
126617
109736
155782
103984
104546
111438
94727
175368
106029
145132
126637
129192
131006
104025
86141
117390
126267
117099
129132
122009
124112
78647
152426
134472
127669
127589
122148
139562
111539
137748
119153
133080
131456
119053
71714
118271
133190
115166
135103
139692
116698
124443
137338
133650
124042
148408
135594
120556
118933
152365
142577
91732
122339
98615
90790
79438
110297
160200
137417
91281
67346
120426
123802
117400
136846
125656
126727
111880
95438
157054
109516
130134
156403
99085
119965
136997
112110
121958
111930
103534
123582
117500
183874
103363
157335
112120
114775
98655
178214
146174
131557
111929
127699
131176
163386
142627
159208
108363
107060
139431
74360
122439
158237
149861
93014
152245
120215
113854
129192
109795
122008
91171
126206
119173
169658
89688
151984
127920
109896
138820
151273
109905
96320
128251
108262
143439
131095
60022
84889
167073
172432
135444
139431
113352
133981
92984
90870
136025
129553
126888
177642
116257
164949
103163
130064
130925
143559
104336
144480
123712
140433
146835
88676
128641
105708
143499
115897
112942
138469
121287
121036
112110
111419
167614
107191
105808
117109
112942
130495
126717
213060
120686
131075
95509
153738
111629
162875
109134
101500
140554
117630
127830
113923
103453
119825
108123
121487
105267
103965
120195
127779
133219
120325
119814
145923
110207
111239
200846
124464
86482
95759
114043
125094
123151
139821
124292
139281
98704
110297
49322
144170
138459
129662
123762
129673
140694
156493
133921
122119
111509
79007
125996
121938
141285
128942
92183
128270
121588
125144
110346
130445
125916
163567
96441
138650
91551
121637
119213
120125
109014
128270
124303
112611
63830
104997
118803
133339
121358
126036
88015
141725
120836
137748
105248
161232
131877
116227
123732
99687
123822
140383
126928
123441
120516
117480
122068
116919
113753
115296
120526
137087
141194
142026
126737
123531
112340
131466
121718
149880
123591
116949
132288
127679
147166
129923
117760
137036
113032
125455
112431
124022
126187
136856
111208
74149
118862
95690
107922
69831
130444
119494
140924
132458
127359
113012
110577
85450
112621
96030
163015
125535
140102
118191
119284
120916
77585
124042
105718
120175
106810
129723
126397
140443
125274
80120
81142
127118
89658
123501
81272
87383
110377
136335
129102
142917
146635
111288
146023
117309
136065
112691
106480
126127
86913
147686
79770
140082
106269
121468
95820
154930
121177
64631
117160
115476
116088
70733
138609
129233
120576
155391
108584
121167
126557
150301
151013
131446
89899
104406
141976
167394
108643
111589
108353
81052
111529
110567
94848
86723
127219
114594
200786
132689
113563
108293
112330
44493
127459
111329
147386
115556
122659
108754
133710
133410
93676
154759
195827
119915
112050
112140
117249
87834
125094
168114
109655
153778
105938
124002
120165
94567
101079
130143
129111
119854
78357
141876
113843
108874
147747
86612
177983
87363
129934
126497
125465
122199
169888
95589
172584
122299
111949
104386
135073
172453
202038
125735
172433
111348
119113
134742
116228
121247
123331
107912
112721
126406
105768
123171
144922
112671
131776
106420
116929
94968
136455
115877
122018
201477
94627
132047
118302
161532
128962
121307
105126
125606
144240
106499
137968
135865
108673
99106
121548
128281
107641
147597
129292
119634
128170
122700
173094
87734
145392
111358
124904
132508
115226
136065
132538
139011
158657
117981
65924
121278
110517
134823
139992
98996
101871
158286
117049
133800
117129
107090
132609
143940
92112
143548
112460
135874
91642
117551
105187
112381
162745
121819
161081
94417
128981
135013
151343
82455
114915
118001
128040
94587
125064
86111
125275
122349
174387
157585
130063
128260
133119
153878
133871
85861
139772
106069
139972
151153
161432
107290
124042
134061
141155
120746
134673
112530
92554
117120
170189
102632
155712
113152
87073
139301
152215
97613
91872
104005
141835
119974
132668
122149
77816
178194
36227
138569
116258
138630
131126
85600
139481
148789
121949
98284
97512
127339
88476
90439
124073
127388
170961
176120
124814
117620
143799
122560
109555
102271
122900
154088
111690
116337
74850
145322
121687
174136
78678
94037
116989
124614
133580
125756
138649
76694
124373
145463
140804
117059
117500
130575
111489
188023
93505
98755
127609
119904
207188
120926
135875
134141
69470
113663
114123
135243
106139
86782
110356
134392
151563
88075
113753
120305
141335
139291
125455
152947
134782
131076
108203
103023
105518
131035
111248
115366
140824
103894
99887
120476
85420
42098
101790
124463
160480
113162
115988
141946
89668
118522
106209
127158
127880
111118
84158
116238
128070
119725
103183
138609
97973
149660
115016
99045
113602
200616
162495
143349
123922
116037
127549
164768
110186
115546
141264
97513
127498
83867
142648
109776
86943
72516
107401
132348
122399
80210
125615
114965
82394
102963
139040
116458
167734
120245
122379
63058
111219
170620
119834
84137
100478
114494
126387
112300
67857
125555
109565
115746
100688
130134
108243
116558
114054
124653
132728
113442
127148
136385
172853
113382
96812
102783
132969
104947
117641
136636
138139
101200
111218
138139
89278
108383
138970
132258
156122
111769
102993
136155
166662
115567
91392
144881
109625
201497
129473
141655
81102
161592
111309
130604
114324
113923
132549
109996
129963
153627
119695
122399
200896
145573
147476
113392
111869
174987
127960
135393
146945
157375
136366
128490
103855
158727
130915
191999
130895
37501
102321
191820
154088
96802
117971
83567
116498
122370
130755
106380
125105
133630
119173
111098
80961
127259
126747
143820
101951
102502
82254
145843
108803
110386
125805
110387
114314
126988
120816
88335
123572
113873
93625
80511
113152
124484
134372
92072
141164
84929
130153
120064
123061
53790
93515
138009
78487
127679
43401
108994
171521
124593
137819
145593
123241
130664
134853
116909
141555
84869
141535
121618
137438
81894
147726
128110
129602
86943
133279
118111
129422
136796
114625
145102
106740
134302
65893
109616
107621
111729
112611
147386
145141
110347
125304
132197
117620
99517
115506
138810
114094
154128
92342
81884
136856
114304
101169
114485
94136
160481
115427
160871
114424
122329
138650
111088
118682
128601
109294
110387
120997
125765
160050
172433
126467
138790
131677
144791
122880
146845
129573
138619
106620
143008
124663
133600
112531
125194
135414
154390
124714
132067
114434
137498
86762
114544
119895
120586
110657
81593
115777
91261
112130
106689
101810
115246
126136
124002
159359
107160
133170
75782
115216
177002
122519
142907
115146
139371
122660
133330
114514
100969
112019
118081
218549
120776
127038
86041
83066
125526
101430
98805
134682
136666
105217
126036
91462
137427
118361
104776
119794
92443
97753
111259
111900
151764
103784
181330
108754
115757
109295
84829
75522
66575
103704
78948
113413
108804
118121
118442
122880
73618
120085
98936
120807
129652
78137
120817
120957
99557
112972
104536
122940
110858
127378
105668
112130
91832
95038
122790
113372
74259
121979
115667
107462
113983
99937
114815
108984
117089
80060
138439
108103
153608
119945
113602
126317
103914
119664
116197
107702
137838
120035
83045
181721
83697
119513
139892
119914
123521
112792
132488
146424
106529
127319
83757
100588
117540
127900
118141
116928
137077
112901
131306
122169
148609
132769
88386
110206
166612
120335
79259
116017
113022
164749
96581
111479
104345
133059
170199
84118
155321
127328
128822
127248
116228
118071
70422
161412
125135
121407
114564
98414
148027
122039
123241
108673
116738
115316
112490
127429
96150
122500
120516
139411
113363
111409
112801
128310
110557
110848
127759
110777
85480
111950
128631
128390
115977
110908
81993
95579
118932
114855
106098
103073
118121
100459
80090
124133
140543
110447
127429
36599
126266
142757
113162
118101
91261
107512
124504
134031
91892
178094
151463
105768
108653
92243
97603
113483
108353
126658
142968
126257
112952
97643
121788
103043
136756
115376
101330
120636
120064
156733
138950
129232
108152
112711
124112
124312
90229
126186
171071
113723
92944
112842
102953
104476
110297
133209
83126
110387
96691
131156
129763
154289
132979
91922
93074
127499
123261
127158
97683
80561
124744
98074
108293
106609
81262
133731
94357
94126
121297
91992
155992
92373
85981
114023
102472
86121
121698
101019
121338
128881
76764
116087
94737
113883
111479
100358
111468
107331
111558
116769
136485
112150
97452
112861
132499
111930
93686
125054
120776
108773
132127
111328
110347
120165
72316
123321
54091
119123
82655
95038
120035
102241
106850
66124
99416
113643
166662
125164
167373
82014
128280
122499
121147
88676
80541
84889
97863
104175
106930
149510
147727
119675
116197
84679
109395
110667
138189
89588
137257
121598
127329
140773
122910
154069
117531
135424
131005
124874
109625
119043
99577
37100
166702
81713
124884
113523
95710
84027
132929
103163
155341
129693
99587
131807
122981
129703
119564
131697
140483
62688
115677
122779
135464
115266
39093
132969
116317
141275
112240
139101
126407
107151
123752
117019
140914
86081
103885
176250
102732
110286
132518
100328
140233
168525
67296
142597
127840
120175
77114
87534
106109
87574
120877
142718
159980
121978
127278
131095
118953
105017
110918
125916
98504
134131
101600
107972
141144
128100
102162
117890
104717
131486
71274
162184
97012
138219
129012
152856
86863
119604
115987
134181
107301
88827
119033
121607
105898
80461
119454
102462
109525
101980
138069
116589
135624
102401
95078
144621
126167
125685
127679
118452
136296
134612
43722
103244
130946
131316
132258
123502
121087
118633
98685
118813
107752
106069
126998
119594
115707
100508
143739
85711
106780
110436
60543
110767
182001
120265
115576
82123
128651
126267
186109
118061
104185
97192
102432
149690
128801
106960
107001
108483
78477
132208
101250
112291
87013
113082
120566
127509
121096
87393
152475
122750
125034
86662
111759
112170
127589
137528
100408
98935
145011
96020
108113
67636
39634
128892
164828
99646
118452
117409
40786
128661
141776
115045
125445
126146
115887
106971
127619
107562
114214
110026
78877
142216
124573
81903
167433
97993
150753
107992
45194
107842
105978
97132
144801
104966
115977
133159
131266
145383
161983
129072
112290
74760
105588
116428
116749
96481
131727
101460
102973
131696
107902
168045
106279
136676
124533
110957
98845
118041
137347
106780
117530
122179
120516
108142
136466
104175
121818
140804
130795
121217
102441
115837
140743
113974
110367
108684
124123
139251
122229
96110
84198
137557
136976
123672
117640
82905
92122
156183
80160
107842
128090
95298
101159
109465
116188
113352
137838
68509
109265
123281
115847
123011
122038
115727
93535
163717
130665
122469
112221
106449
142897
110026
118412
120175
129753
141085
120565
105668
113071
151834
112280
86222
74480
139671
114975
99646
172814
95669
88776
112751
136696
126857
102723
124393
91251
148848
128340
113743
102933
79369
125515
180447
110006
138409
130875
166371
137618
177934
114845
104085
125555
120165
177432
133821
100007
86221
125545
100137
103794
113573
136055
108423
92383
112591
102422
155832
130835
92964
94407
136555
102613
127209
113703
100498
103354
112210
128601
45055
97202
108493
124614
126728
131777
90058
113182
97332
98364
80140
127088
117721
111439
112200
126998
135825
112711
122460
118382
139001
165711
128691
161523
133259
137748
123191
117690
79809
128871
80080
111990
124743
128270
154309
129753
119233
60293
169357
153367
135584
117750
130314
127329
104245
143939
128300
106931
135163
114875
104796
156112
112561
161352
102782
129783
161262
113753
161182
145011
128721
137948
137818
148268
109795
105007
138639
96310
117530
117190
120105
122600
123561
136997
129492
106239
171431
99907
105427
135815
106670
115576
150371
102151
79499
175188
153548
120025
97793
115797
107481
106930
120666
116498
127980
116819
123732
123471
133270
101440
38442
87223
116548
136987
130153
69830
79639
86612
125545
123240
99947
123422
193563
112681
93115
110617
79228
146464
96431
100969
111418
132077
116629
113131
129512
164297
86382
124714
95539
137147
124833
125526
81302
83707
138018
119805
131646
120205
107171
114795
163777
123631
162414
99947
119574
103033
117390
102983
164839
125264
109444
105298
141184
108323
107391
140974
142547
141545
113913
78577
118882
92333
85650
125305
131987
156834
117550
132168
127830
115396
129643
107191
145172
133350
172183
90470
116048
129653
121667
103664
88516
104967
100228
105447
115556
72897
163827
112050
124102
138379
124383
137658
111900
146214
105137
171371
111178
187702
109265
163767
112761
131426
98935
145443
117410
120936
129794
125365
122269
98484
133139
131687
89397
127579
98414
144320
110988
189635
116197
171000
105668
105257
115386
104656
156083
106820
85450
131787
124153
114554
91982
133140
127569
173525
107882
130204
126196
111949
127529
143599
86822
133510
150723
86573
104095
172252
179035
148127
97944
160501
98244
107752
178094
128651
129061
118452
121037
120185
131556
121678
110246
105638
167003
128440
117711
111498
149470
114454
120887
80190
116678
95058
117109
116839
159008
121487
110557
112641
115326
133801
103624
131787
136967
150372
111529
105879
114464
78828
126517
163085
96250
158387
163617
147105
128110
138880
119674
119814
163396
101360
110056
113312
115977
70011
113733
81463
119715
70392
131065
107612
156082
113493
124172
117119
96491
99356
100629
98314
112260
167093
137367
81322
114896
125665
118832
86813
79710
125676
132879
83686
124232
114815
128110
138850
87534
124584
117440
84288
129493
109395
142247
192260
139672
145342
42740
143259
116969
150271
182151
148899
104215
112200
113352
137898
90109
131687
112461
135574
133921
144300
104445
139842
131356
123492
103203
90469
146214
130625
129713
89127
127649
139341
118962
127990
113793
144069
153137
139491
121548
118071
91972
161623
117210
119143
112871
130595
118392
121297
122369
132618
194635
127760
162264
122399
103443
110417
103725
124172
130304
161473
102932
104025
116057
148127
94317
118863
90589
82054
92132
110497
135323
155441
141635
100278
105878
106529
106980
66365
88516
125696
112340
128982
136065
135383
93896
114785
104786
85240
141765
103293
108543
97633
108042
134412
95619
126427
125836
130865
135704
116689
116848
141324
142757
131657
147226
67877
108243
129562
109896
123010
76353
133109
146164
93184
83045
93415
86943
129893
102482
131547
124774
175539
121938
80180
157074
156092
113212
88897
111579
129853
98495
122740
121397
139271
111619
125305
118903
63319
120496
97943
134182
115005
88987
134081
114013
117020
98324
123091
108033
122390
114073
117991
137217
107781
103043
142437
101390
124624
121769
120406
88526
125976
86422
106790
82414
89527
140163
141314
120586
81913
99797
97923
124013
127920
120075
112330
141525
82956
101049
92433
112671
109405
102472
106510
78897
136295
109375
121317
110026
115957
125475
138580
118822
88546
99987
140904
88556
125064
122880
131767
137899
104205
75863
123120
139271
104536
121859
131587
158777
106249
134752
132629
128961
127289
121187
113202
123992
130444
120135
150562
154790
118301
50545
117450
105868
111910
100218
98615
124584
96560
97933
117129
144420
121638
159249
122449
161712
118211
124844
75962
117651
118442
87734
128040
88395
112390
91752
63549
105608
132719
155531
105107
89417
104636
120976
133711
144992
93345
103915
100218
120946
105568
118582
96932
94897
141735
94076
127949
138630
120306
94247
88025
40305
120856
119263
113773
123021
122690
167904
82224
125285
116959
94257
125645
117500
148999
122349
156823
117440
130655
89287
99035
92714
111138
110477
118152
134211
119353
87353
111970
114825
98184
135904
113372
128411
101089
117269
150862
110918
106460
82485
151343
118603
110056
122760
140674
107271
125505
124293
160771
120555
109185
140754
89798
133059
65583
162494
126407
132337
39394
151955
104385
105046
116779
110287
96992
157404
96200
77835
81683
152626
148568
99807
120236
100639
102522
123651
104396
130244
120065
118652
118352
120556
62246
156613
99075
130394
141886
98644
150642
128861
126948
122880
114865
91722
157204
121598
112521
124553
118572
170159
135443
111829
99066
130705
119364
117931
133720
118522
136556
107792
112931
129663
125445
92303
112280
100969
114605
102232
146535
108162
127739
133931
106048
134472
123000
128591
114354
100539
141666
130675
130975
173796
131887
148518
112451
112280
83436
122199
154319
80721
89227
115797
124994
110156
99235
110847
126877
156383
83496
72325
102321
122369
118562
99005
122961
121337
110877
146465
124804
100408
129733
84488
109445
87904
90079
105557
114945
114856
127238
118592
108934
91371
107462
137548
94046
103123
190828
124073
105487
176620
162645
92954
136726
134742
137818
117900
121408
105427
71333
99697
134962
119383
111388
118071
103844
111780
129973
119063
179737
110166
134903
95859
133460
96080
99496
119574
134322
95018
139822
120265
359303
119864
135524
89327
100718
91852
158257
71824
115366
82544
58138
122850
75662
104525
124624
88957
100669
131807
103453
113122
97723
103965
112010
134041
125656
128300
103294
103393
120586
64471
115357
106991
110166
119574
102131
82455
105317
93545
87053
118121
116689
77085
81303
80952
145813
88385
137027
118803
135263
84989
135964
70993
168746
104185
119825
70612
124904
89678
153357
107331
110627
140524
117319
77756
147466
115706
137347
96020
103073
98785
124213
95508
137007
106269
122891
122880
132739
92503
109295
100969
136385
103765
137758
107872
87905
141305
103184
142127
47770
67536
46988
122950
131737
123752
126416
135724
86171
117881
98735
109004
118081
176872
124644
122799
71253
109294
107141
106630
122088
95559
111799
111700
140252
152787
101580
96681
114484
101320
153197
160029
110006
109635
147756
109065
114334
116157
139061
101921
130154
124413
135744
148248
128000
112079
132377
80932
125325
114464
103003
86301
125265
124103
137968
138660
118061
116077
117030
120986
150643
104045
108082
158217
109224
114174
137618
109695
110537
119283
107461
112511
128099
108132
114184
153678
143368
101921
94738
111990
111118
108313
130785
118823
107401
97572
169808
110487
176801
113773
130865
126096
126577
140513
134612
121487
145282
122830
127599
118261
113803
67968
120716
130675
117841
166522
129392
85450
81763
81222
136566
113352
113172
128641
136346
144040
139311
90209
160591
93996
121167
118001
104346
129603
116769
98013
130244
110016
109174
118141
167924
72776
108232
111118
126597
85540
130675
142437
116548
127829
118242
108062
114995
107541
151123
118311
109044
142016
314700
145513
150201
97433
113482
136145
82976
144230
67326
99587
84809
139381
112560
91742
100849
89878
109575
110447
117771
92854
142537
119814
109485
117039
105567
110557
120636
81602
109045
120365
96901
71253
137187
150983
123030
125034
123521
107582
86452
115967
129713
106590
105878
158587
111479
67797
105818
106830
164899
113673
134252
115236
115146
128440
75741
118472
98866
119724
130063
107552
165690
147727
129854
122299
134111
114274
105627
113182
116979
157335
102451
107371
99687
106680
78817
121177
111048
77124
122249
129082
109705
115286
107531
135774
109775
122440
195716
154339
113753
167244
118943
92233
128541
125735
116789
107441
105798
75752
142096
129012
123010
140703
113893
115265
138098
148238
111158
107140
129422
137888
122129
105578
113723
77385
77105
141375
126066
110116
78147
107111
110226
155852
67677
83536
119665
121207
129753
173385
109295
113442
96721
103985
119303
129653
132699
131887
115236
110828
71264
96681
109495
157695
119063
154540
109515
169768
133780
121157
94036
110737
88586
114514
121518
70993
118842
112781
144401
146535
126196
110737
125966
114825
174777
124262
129112
123070
129963
142767
130113
117951
106309
102802
145032
105588
98645
105308
115326
91632
110197
111258
112351
97653
114664
42680
117560
118572
94717
97353
128341
94617
125875
82103
119293
78608
126467
113142
110927
114193
103745
91271
97423
39815
116478
126447
105668
117099
68318
94026
124984
135945
94807
128320
108703
102753
127619
109515
111459
115446
99466
100758
94607
85340
117250
154990
104706
147957
132217
154409
112020
123251
110126
96882
126877
88525
108293
81774
99606
112921
140583
106730
109785
100278
126517
119534
95298
128491
112821
104786
111980
105868
91491
126046
127539
73868
114865
115797
110097
121718
208180
164548
60403
104386
106509
75241
99927
90720
92414
130384
118361
92593
124573
133029
117600
115296
115707
107802
148919
135033
116148
182642
88526
128310
102912
65773
108443
71303
108753
130634
122679
131917
149019
133029
38051
127259
143098
212227
123191
127419
117179
113232
126778
118752
132798
123251
170750
165820
95198
129493
118161
112891
96982
141185
91491
118262
128781
104245
44904
141365
111118
134632
69109
96521
135003
106780
106450
108373
86412
101610
76573
132358
108633
134372
72396
100308
72335
111218
96481
106470
99176
93665
99997
97132
58649
88085
95960
170760
94056
104085
88055
122750
89317
67536
110968
82625
113232
90460
121027
81883
111549
84939
86251
87795
99096
78697
92093
91962
118722
72916
96430
64811
99136
105397
95268
58570
146495
85671
149811
88286
124804
77926
114435
78307
87304
77745
109055
86422
144030
65332
90068
88776
72636
76202
100688
60844
105247
76122
134712
67456
109815
86151
164458
75872
112560
101140
116788
70892
87494
43362
122249
61425
101951
77706
149450
97373
94167
81112
91121
92634
125505
94717
98374
90360
114525
91010
127398
73999
110868
115356
51647
85551
86021
103474
97874
105988
103363
100939
109425
146605
137067
141545
128260
67837
86613
161983
110327
108654
126707
152556
69550
142777
125976
84558
177723
138860
126337
112090
99136
104215
123982
122028
108754
102361
110236
100548
106560
105418
108042
96260
107000
130374
108212
134582
101761
93365
107631
117631
155521
121708
134622
99637
143739
80490
120465
79318
117130
116829
123942
168255
96351
131957
125795
134041
119964
118381
138369
115937
82064
86151
129332
145863
122940
142317
103333
113913
105708
115857
121358
116168
114604
134111
104495
152325
137838
109315
97934
110497
119243
115806
123471
104976
75802
105027
31129
65753
81723
119885
95669
89939
119463
98314
129613
105568
159178
91973
106369
97563
94928
121748
155070
126908
121808
152616
163927
109666
167293
99135
86532
76483
109215
78477
115136
117871
70912
96851
79539
73377
112862
65984
142767
79108
96461
76814
99736
95188
109054
85039
143168
50785
110588
109706
151544
97994
95619
82765
128291
62146
107471
77074
130765
90460
108203
84949
90028
105277
140473
114865
83707
118031
54973
119884
54783
101891
57328
113753
101380
77635
130033
85370
116157
70392
99586
84578
138119
81442
116679
50795
89087
58379
93274
96140
111038
83456
57457
105688
80711
108192
82395
83756
96190
86111
124062
93214
41698
46698
100188
78457
98905
104646
126817
64841
107191
63880
94787
117110
76373
91501
82384
53229
62397
68157
64781
80901
98394
101330
81082
78497
120706
87214
105257
90219
126036
73438
105298
88245
76614
96851
120255
119574
108023
111799
80691
104466
103564
119814
102642
100789
117881
110557
105447
92954
93695
120375
147326
104506
72395
93415
116117
119143
68328
83917
132037
107882
114434
138229
102402
91722
95389
129613
147717
62668
114745
131065
82254
78607
76533
97993
90690
115887
122410
118623
119925
163767
94287
97122
87514
120726
111589
113362
84509
90639
99677
111860
102582
189776
126717
133399
92453
112250
129171
134101
117761
121988
136436
124252
167323
114254
117620
95529
109485
112361
98795
97022
95619
124654
116658
100028
134392
121267
114365
133359
108584
96130
116558
104916
116528
114725
66004
134041
114865
114284
80170
140383
124103
115426
103795
102411
107120
179787
117810
116017
138690
139681
82475
105658
96541
117019
153267
120385
118451
210854
120055
92533
83987
143769
133711
105127
116378
127159
101871
152155
104907
136496
117520
87333
176000
119273
71985
136766
100989
80511
77846
129853
73768
121868
159448
115376
120355
119804
116408
158107
110667
162103
117600
107151
117560
91101
130765
120636
120035
119073
137547
120045
144170
123381
98094
116498
139371
104856
133621
118963
149370
126226
117200
97592
100839
98865
125775
123301
96431
134161
145282
101150
130474
140333
111268
95930
97052
121588
108102
123671
117420
140583
133971
119023
106138
95920
102242
128170
98805
148508
119804
79639
113252
124724
109064
106749
111719
116819
144802
88176
108975
118653
92513
123852
88025
112280
98144
88526
114234
114505
113292
134862
115346
118252
158698
142257
110106
118432
123762
124052
116217
99918
135013
119564
99436
108162
89007
128461
104095
143969
113302
73518
100729
87674
90460
99556
89779
81653
58830
102141
116779
128230
92834
88496
127429
114975
140783
78527
109395
90410
94768
84468
84749
155831
124383
109915
98655
105878
90510
114604
74679
76503
81503
98785
111459
90009
95849
121457
111439
85991
51125
92443
127700
57298
118281
71785
98745
127850
102212
128691
139011
134511
97312
123201
109325
126868
104426
109636
73668
98875
125144
172313
106550
113513
96881
63910
142697
129052
134672
112000
123351
144511
52458
95839
111238
137317
133069
136035
176611
131236
122289
109334
124513
111619
121648
123932
129904
100218
116769
107742
123782
112651
114745
106530
117220
157756
126887
133320
108894
138299
119524
120586
121258
122098
166662
133320
116859
122609
130715
114424
110948
119214
139371
128871
127879
45656
48511
128040
117520
110577
122509
109976
129372
135814
127478
101370
111779
99717
108283
128501
106058
103393
113343
105778
123972
111669
137347
116578
138099
118943
113412
123421
134822
122720
120976
109685
130264
115356
104887
114875
113512
123752
105738
133049
94687
130414
117419
190738
125836
155862
133770
128681
125164
103334
124113
98324
118001
107742
111849
101971
130444
74449
110457
120806
128140
140573
119183
119814
108373
81082
128891
117400
108493
100087
90389
74800
131176
118502
62076
141174
91752
123381
92373
130614
102151
106109
97934
106529
80882
84598
96922
46717
96050
125775
122349
103935
103934
131246
94337
106710
81092
124523
97382
129171
98204
133089
116308
90830
111800
112460
108914
96651
108142
87184
81442
113553
115206
120206
93626
95629
109736
97352
100178
133340
104887
120676
132969
101510
110848
71113
88496
127949
143078
95288
95058
128731
110106
130164
120796
137558
106028
135163
107281
109244
133470
156022
94037
111659
119513
116889
132408
119143
85480
103323
127889
130133
162915
109926
136336
94577
112220
99988
112280
118282
139311
44143
88395
133179
130104
121477
88035
130695
113242
157124
123111
79820
142306
167484
143879
130014
147456
149580
87474
113423
96240
110597
118802
127879
107471
163095
137007
115757
127038
140463
137036
82475
142467
129693
136987
130294
128901
117229
108613
122900
116137
120305
132699
173735
127028
120565
129843
161202
112300
90850
138580
134582
136345
108754
112190
114895
90329
103574
83517
145543
99526
108944
123251
67156
100859
104055
90189
107632
75221
126006
146454
113824
89187
109505
89057
130545
95479
87754
107722
110647
107862
112601
126447
109305
114734
113202
129712
104887
114865
111730
35186
146013
120055
113493
169588
154148
122780
80040
152385
108693
141545
107091
116238
94257
97823
120125
122309
106730
115236
128020
114033
107451
102051
107050
137187
174998
130334
131236
87324
101590
135324
104415
148087
132999
127008
125455
104556
154410
113413
115386
75792
158707
76383
110988
108533
107441
122359
116308
95599
125075
94547
139842
109626
118622
146685
100989
108052
85410
147707
128050
112170
108643
85189
113222
145362
116408
113462
107321
85691
149991
120445
109035
80862
130354
101550
114194
79690
98765
91642
93876
111278
148749
113873
81002
117550
139121
131597
127619
119814
116488
73798
127449
81012
173866
134852
113622
135804
86703
113723
120777
94357
129392
87073
103433
96752
124053
124704
100378
130664
112751
128601
131076
127248
103574
131626
129462
101229
118111
138970
105908
110347
100659
121828
119915
135725
89748
110296
145633
153117
100218
98645
77946
119143
124934
139041
87143
125665
125144
111288
99907
112180
155692
127709
84829
116458
131126
123772
119604
124423
131336
119785
121677
130153
91111
102132
124833
94076
130745
100138
121758
112089
110798
82765
126247
151904
112421
117731
96901
158938
105037
176320
99827
100618
136185
117991
103164
85260
117400
115265
105397
141836
119694
120986
156332
122068
191058
130014
103654
106479
86983
120526
113813
105687
116738
128521
101971
112260
117520
173805
93225
118893
103163
87724
80681
115296
122018
73668
73157
72937
100919
147747
86953
146244
104376
118532
132218
122520
91702
107030
106610
111990
98094
106519
83296
61325
137387
107802
81613
117350
122710
94127
91051
138118
90319
63660
110326
102252
110186
137257
150422
100298
84258
78116
99766
102221
101500
91551
108803
103223
67036
99216
109225
89157
114144
122069
98795
67537
128671
109746
102703
111068
113312
111068
87965
105137
116468
103264
121237
106500
93485
94377
82004
128009
164208
115656
104686
64481
125084
112931
99326
87224
102532
86783
123240
70472
115607
119073
58299
91782
108984
90750
112431
59521
81833
137968
62978
133510
95028
61956
100669
110416
91792
120025
91742
75602
122780
85350
122580
97302
89298
103464
97413
133560
119744
115366
80581
89318
70161
106479
120746
136095
101369
123902
99526
93265
91432
102201
80761
101860
97583
55164
85179
120566
110948
85991
114064
123771
93185
124263
97794
115346
114655
132819
102823
113412
114374
120545
125405
110778
99176
130164
103544
146004
60884
108683
93675
146194
117580
88225
73749
148338
67406
72085
96411
123081
101050
92483
84849
123712
135504
89918
85400
124282
142086
110387
122028
122540
136846
119995
118001
75131
107321
107341
123381
131687
99967
113323
119103
128200
89678
82655
103233
89588
82835
129513
98084
104886
69561
108904
146464
95880
126778
94848
100639
64801
105477
112591
61495
97422
113202
96190
120726
79489
74129
112170
91672
121788
100628
81122
114545
83336
96610
63018
104696
95118
119895
105989
86241
103754
105879
111639
147737
134391
87063
91261
107511
93765
78227
92543
125355
107932
108082
58138
78768
92924
66875
55094
109706
92574
122700
111028
56035
117179
112491
120145
105718
101550
92023
105959
113813
119023
94387
77125
79208
116919
104054
74820
80611
94858
107130
110026
120837
96812
79308
111319
96751
98093
91451
98465
118812
35827
101961
97793
118412
55975
124693
122400
109565
85510
124884
91050
128551
110437
99877
136787
86392
96300
86913
124133
80471
109294
96521
100148
94427
62667
103764
92363
72255
148488
56025
96120
94447
96741
128671
90329
101520
156513
104606
103664
100358
90589
84147
80451
93875
111910
72035
79499
104005
139081
155722
124162
119103
92654
123962
114534
100207
122589
102502
107832
111308
90239
97373
123762
46316
72535
64080
62547
94187
96050
107261
56967
149139
121998
66955
105237
59041
89628
113973
116428
103975
111278
116177
86112
103584
96751
81683
58901
77174
104656
87133
67376
80200
97773
41788
80160
160591
97743
83086
120155
92634
95418
140543
75000
63899
132268
116198
122810
72055
122479
107601
95289
125706
96140
118322
99998
101139
91111
109275
93635
82064
58890
126296
85871
72816
121468
133280
88806
113893
87784
73358
97813
113914
73016
129583
85069
100238
71134
110216
154460
97813
100047
112390
120866
89898
75040
101500
123421
86162
128611
85220
134031
97723
82865
101951
98415
98855
86162
100669
115486
89999
103124
78317
102061
105297
107080
68519
82094
68679
79489
94427
116808
61766
68859
112330
99176
104556
103574
93656
124874
107721
144150
101480
80812
116648
99206
101630
104496
117290
121728
84628
118322
126416
118402
98875
111458
119543
80531
115407
141134
93094
93595
64141
123211
97182
95228
110446
115306
116578
114996
55084
109906
103774
97352
116317
95118
136686
74820
120125
91852
110316
95389
156944
68288
106429
107953
81313
102532
94206
75241
86993
95158
104546
80220
130885
99426
103574
105388
99496
101210
100929
138579
94838
105167
78016
55404
125976
118652
108212
99366
95830
99376
69350
98485
112671
85110
77275
89628
108383
117100
103705
77695
134231
132508
89798
77635
121107
68388
93776
119954
116649
88155
108132
74399
88606
108974
99877
99306
97463
102121
108052
114033
72035
107431
81523
74349
87093
110327
76544
110026
87384
79879
103965
76774
93565
67637
93936
54783
79239
82404
114214
123150
84298
124974
104606
89648
127098
103574
93525
123401
103854
80040
129412
116679
117881
103755
96300
97533
124173
143098
112471
120285
92503
77295
108513
70763
70833
103113
81152
96561
119053
134492
130545
131356
108543
103013
82966
128390
94517
124263
99336
103063
99076
136246
106039
93395
84649
111088
83637
48351
72055
112371
75141
85510
86282
95729
132077
122629
100278
95669
71253
138169
106840
81713
100067
88546
103905
92994
98835
93305
76443
87834
98023
71243
81643
103924
103123
94467
140172
81844
65002
92253
100087
97122
88506
77685
128952
102421
93595
114244
105728
108142
61415
135073
99125
87424
68738
84048
83186
98604
97874
107702
98594
120897
60423
89898
100328
140774
75030
83556
80882
97142
95569
101520
90630
101190
122259
99756
110116
105277
86141
126166
82555
93184
83587
110647
127950
92703
182021
115837
101630
71835
114825
97923
108403
93525
114334
75942
99076
98314
107491
91080
102532
61946
87634
113142
88896
93996
79229
108042
85259
98395
109906
118532
76704
131797
99737
100117
37019
61195
98124
103374
87193
99617
87755
28173
63960
73438
44132
96491
80240
62717
101089
100759
98585
107381
97563
84528
91381
79529
87774
84779
104015
95318
97763
128691
77546
85861
54983
82545
86893
94828
139281
100979
110527
75832
85049
139721
122750
65603
100067
134652
91181
83076
120757
117561
74109
98004
101510
97112
120005
87614
95649
95679
78727
78898
98103
137898
149079
90299
96240
93855
134823
88206
73327
112571
137788
100579
92483
104306
98655
120506
109555
78958
99857
81292
85460
110918
77966
64882
111369
111629
98234
118562
94307
119013
73497
121858
85400
92553
83105
83898
90399
91591
82835
98054
73287
106610
83597
83997
87134
97253
36759
92153
105377
76984
90760
103965
81973
142387
129693
72366
105688
90460
124363
74940
178084
100889
112511
57528
116699
99997
95088
123621
83606
94867
108694
130935
95489
84619
105808
99797
77866
74309
122750
115215
106529
92854
75692
72966
107952
92864
117671
74429
81262
135123
121738
86301
96210
112271
58129
122960
132037
35396
114625
120736
111760
101420
96200
128090
60774
132808
97082
116228
119394
104936
81022
115697
97533
98395
155521
78747
103795
43902
89427
127329
80490
107311
154840
181019
93946
120596
93385
95018
108032
93555
110858
92654
123061
111348
114385
85691
116127
91822
83877
99677
105378
152676
99667
101820
110366
98404
105899
103033
106719
129653
107862
113763
78247
119193
119554
115436
109946
116809
76834
106199
113222
119294
113082
105718
112220
113643
129382
98434
104455
153798
100909
93345
59722
91982
118823
109004
105097
92313
78988
82966
103704
90499
110587
124974
108904
121608
100167
98805
93866
98705
94286
117089
92554
123942
154860
105888
99467
100198
159679
96481
119824
95008
122951
66335
101710
102221
73337
138339
124854
113523
83807
110046
89798
125766
134041
91421
97733
74940
89578
110237
128992
112070
101099
91952
94687
72495
83837
111028
114384
110246
93615
114565
88877
95198
111589
109525
92153
119584
87363
100798
101580
68598
124343
95489
99687
93535
156023
109875
49663
119233
117280
107932
112080
114595
123732
90229
94076
70622
108864
112531
113853
132598
74149
115436
112841
116368
115386
77516
107381
125515
120255
120927
124703
125495
91461
108483
115075
89848
147436
94938
173795
89748
102803
117901
123772
102422
61776
93986
103153
111639
65914
125745
93365
151033
118833
117249
76273
74870
94607
111128
107972
75251
92163
94467
166011
123832
111559
102982
95229
90459
110667
73768
152766
79098
152525
94237
88566
85030
130905
88466
90179
88886
101430
81613
104906
115336
97794
101860
95499
60503
128491
112762
81953
59181
98064
102241
78918
87423
107171
115617
98444
58930
76984
55213
50695
69370
80591
92964
41097
86522
83676
83847
44573
97733
59872
80561
64451
78988
99055
95669
121908
90650
113332
53179
88596
73298
88525
73187
74249
104616
113423
106009
78377
77244
98284
94908
75702
107501
70502
69901
85219
83045
103554
53210
84969
109354
83396
99216
78036
91892
92574
92042
103323
89257
42089
111469
90530
88846
62737
100799
80651
94988
85180
75611
86552
107832
85440
94356
119113
83646
79128
102903
60433
61144
76093
93726
84508
69430
60072
95609
116939
43051
69511
74880
87955
87814
74409
96921
85360
86472
74940
57969
71163
79188
95308
109716
84589
74760
93285
90459
87764
90479
117309
114063
111298
107261
93515
96310
119073
121237
95629
98635
57207
63879
92043
116528
95880
81333
108023
73417
97763
72636
93886
88336
113953
103594
84939
105177
83997
92674
117130
69941
116127
109656
66234
80150
90780
103905
84488
105347
70973
107742
75101
68689
71634
82895
55403
86262
68168
78006
58340
90499
69731
70963
56125
75241
66705
93144
59953
52668
65833
97052
64641
84408
61645
88857
80651
79819
93085
73127
64040
114675
88034
103503
65152
93275
67326
101410
27542
139732
87324
60684
57167
107000
84188
152015
252322
142888
103874
87975
73708
115968
105768
56206
99837
93956
101460
73187
85590
119945
88305
47950
88235
107511
50815
91772
73438
66976
72155
87174
111789
59161
101971
51036
69991
93595
93595
89858
93364
93816
111238
87654
63950
69831
57517
79920
120987
97833
90079
108313
98625
77235
103534
93796
79909
170309
76543
84188
98825
97894
86151
107652
95409
58109
106610
97903
103413
82575
98605
75502
90660
110557
121798
124353
83005
80611
70853
93405
85260
88265
106610
88896
109214
120796
34384
104356
103153
108714
105077
78196
43372
78417
119002
99015
107201
85871
139110
82835
101320
80891
52819
78618
65573
93315
81833
90991
112481
78477
100999
66094
106790
97663
89277
70502
72586
96611
102793
69019
95068
72365
97984
120656
110356
42580
74630
97032
102231
89277
70703
96571
127979
97122
73548
105948
99446
76543
79709
84678
111268
61194
114955
81743
71814
52499
105046
111909
122360
80862
68649
75171
76723
72406
82214
110146
85069
73348
82244
110287
129102
103314
71985
72095
97813
74580
86583
86993
112180
111629
90911
101160
93535
81222
127188
58099
91571
73788
93756
93015
90550
88516
107431
78747
116017
85570
90088
145493
80370
59752
83767
72936
76302
118732
110427
92062
92774
103624
79519
76073
78266
75441
96761
76663
111629
103414
86852
100869
58871
78978
100287
72796
117930
94547
103955
68659
107722
73638
87424
113682
82034
100298
99827
80982
83115
107291
96761
90800
86582
107020
74059
83887
71825
79769
79940
90970
55384
54222
60944
92233
81794
92524
105628
65032
95770
73818
80200
75381
81463
79479
105688
61706
69991
52788
97502
53771
74780
62467
70332
50555
101370
66675
79018
76763
111879
59542
79368
50955
77575
75471
99727
58129
134191
64982
91421
60483
83997
52318
112090
68879
81683
66435
37310
68398
79930
47689
79289
71945
108724
44935
106129
64801
93045
35026
102052
49873
82314
78898
93695
36559
81693
64741
59311
59551
104105
42970
78867
80471
72535
67987
125164
57047
91221
68879
80681
57478
81453
57808
76273
53981
89338
50455
88576
62827
101971
65132
92193
54292
94838
60954
78107
60854
54833
41167
85580
57268
122991
52308
68167
91432
78828
72466
80691
72255
84879
58980
101881
62247
67366
114104
115917
110466
87173
84317
90710
101150
93225
93725
104025
102391
84969
120205
124994
105287
110627
86663
105678
82936
70853
73859
91021
73037
108744
92113
81613
92082
104405
114685
94407
51406
84418
96671
52818
85169
72636
92423
159239
88316
130494
78236
87123
85661
93585
86623
97863
84108
99586
98905
76122
78607
85731
71293
80340
114344
81964
110717
84067
113974
102362
91161
118683
103203
73989
87734
114885
82495
89237
94046
75912
74299
70812
76062
82525
83527
71433
83717
72737
102412
88706
56877
77525
99135
52649
103694
101730
57528
89888
95940
126527
89508
102943
92403
85149
102622
96440
98775
93535
99376
113723
107752
80661
95208
91381
79038
38141
139522
96200
93065
49443
102321
86862
98344
110066
136366
71183
85680
73267
83296
116017
142397
82134
109615
86162
111038
89849
120104
100969
68157
107321
75241
94407
80711
79329
106369
63499
79629
90710
126867
33973
83747
123852
83256
108975
83306
101009
103965
147376
58970
100599
77496
117521
77855
117570
117360
83065
104556
118863
46427
87003
99817
116278
114415
97973
100969
87795
77345
94648
78998
115947
94717
130674
56626
102231
117540
115086
92664
96360
93515
88736
109395
60653
57939
93054
89898
81402
127609
114574
77485
90460
103233
80080
94307
90990
90079
83156
80521
91932
100899
105848
86372
76173
66394
95138
79499
95899
110367
80000
118352
96391
91161
76924
103574
67677
52639
73998
68127
75782
116459
58189
138058
57017
117039
52979
99797
69851
104285
39363
89748
71324
92984
66374
72276
78898
84408
61105
118161
53210
91642
58199
99467
75811
70211
38392
95309
52939
102993
73738
105347
57248
105307
65553
135865
66214
90941
68538
85060
42870
92403
87323
71574
26139
98966
95940
97072
50354
101360
79890
115085
79639
90349
64962
129312
84167
87023
54732
77465
88275
78637
73087
53069
62247
131396
65813
94747
53671
92754
74189
83587
61034
122349
76544
94558
62487
81593
93294
101150
74109
76804
71133
104967
68118
56316
70572
76043
51627
106870
66555
78747
65232
143629
54442
96240
38652
85680
56907
92864
76643
71434
68798
59381
83026
100228
95429
88726
65533
131497
91602
100608
69751
127869
55334
89027
69200
87844
71814
79649
56425
90229
77245
98154
50244
76202
76784
57337
83987
64761
91301
72717
101250
68629
78346
69140
97293
71984
110117
69039
100539
87824
67867
42710
90900
75992
125825
56156
77545
64411
92814
53740
93826
64010
90619
62126
110377
45125
88476
65623
106439
70221
90108
63650
78497
69300
155452
62797
102932
65082
88145
76293
67286
54893
109585
83036
90380
49302
98124
69721
104886
79990
75201
52498
76894
62667
74600
80691
72636
69350
73328
66915
88015
72616
97583
77335
91181
65974
97733
54822
104656
88125
104706
52468
81744
43672
81603
56526
74970
49032
96521
60794
116518
83527
105608
51447
106900
40115
87203
75561
101941
60002
74178
97362
74279
62397
88115
55985
80490
78958
70011
50655
124603
61836
80701
67046
82855
53981
98214
103684
77345
50945
100078
75171
74950
61275
92553
62717
108583
57478
89628
69561
75652
48601
83466
73658
103594
56596
85830
60813
100929
69630
87885
58940
79379
54271
73428
57498
80772
57117
63108
56756
102573
63929
107401
61536
139721
74169
52579
56115
98124
66424
84699
55273
109395
51726
106039
41027
95559
81713
104455
53861
90900
100047
96521
76222
99988
121217
74600
93936
95318
101330
90619
91211
86783
75852
101290
61896
80420
89298
110647
123411
105698
84468
81433
82404
84578
103715
108463
103554
106019
96261
79990
85370
102842
110096
92663
87484
111599
98434
64130
95860
105257
103874
76053
96982
89668
76313
51096
76523
95279
95649
82956
83907
87634
100939
87304
81122
104426
54171
91812
94887
86382
61966
72986
110827
123341
134803
77605
82003
36097
123051
107892
82374
77695
122900
92503
73598
76393
96280
81813
88225
79660
94447
71254
90199
80301
89177
82354
116548
69761
87244
100929
76112
76924
104034
100628
97633
94127
120235
97192
80912
99206
74399
106289
96801
57368
76373
83035
51186
85219
79529
74449
101820
92493
72285
86742
80741
117450
94337
85009
106810
88576
82745
71083
72576
83806
96370
112060
87905
105457
78538
102192
93626
107181
71484
95159
95709
99887
70202
89588
91371
60544
93615
84108
96100
87894
74549
58740
70172
55414
83566
79649
90921
60393
74018
79760
73638
50925
74439
101581
50765
68257
65352
94868
60604
103564
123000
57758
78446
107822
101580
82575
81673
97262
111839
110618
91952
61274
76574
81593
84749
108523
107171
88686
65562
108423
106630
70362
74810
83547
64902
85019
82224
86071
77795
84709
79759
81342
99326
99326
95288
100478
68288
101921
108313
94637
111028
66144
68478
118151
75341
76374
72626
99877
98113
103725
74099
99897
92153
65343
109776
99417
95028
114404
98073
87985
70172
68829
91662
79499
41678
109215
102241
54011
96391
86242
81843
72045
85220
87003
105408
74419
82975
103123
82404
85841
104385
87283
113263
118322
68448
136065
91472
111148
89087
78316
49353
126086
106410
81122
87734
101350
97252
87333
126386
94446
82084
93505
73117
107762
105678
100317
72766
95158
63168
94607
108463
72106
129362
137037
94026
77516
62768
75191
75091
125736
71083
82054
82895
122289
59311
90390
80741
91621
84949
76173
110567
82885
123611
90018
107932
116788
107552
79639
128921
88546
97142
98975
97693
85991
45365
107391
103153
89788
107481
77135
86832
105838
78898
95208
86322
50655
127128
84950
92574
83737
55113
80531
103765
58520
98535
56556
75511
93094
77876
112270
120826
79489
68027
106790
76734
73147
112230
75822
88095
92463
93816
73758
63329
77625
98574
109205
75011
105948
96301
106159
74009
127869
76764
113532
74650
108193
63079
110597
82224
96371
124693
98404
76162
80691
115556
47058
104666
93425
88896
88466
62808
98896
86052
60102
92804
78056
76173
96290
65252
81393
89597
76173
53470
114815
110758
97733
93796
119645
82254
97102
110297
87293
81653
47419
85731
122360
100548
96421
91311
82334
117250
95008
71975
102663
100569
68859
102532
94958
81362
79148
127249
47590
71354
96872
111229
84348
133099
83136
94026
87684
106670
100037
95629
71273
90609
102462
114735
81512
95609
83185
127669
99276
105578
81202
75341
78337
89107
78838
115145
75220
139852
59622
116178
107541
107362
72736
100598
65172
101190
97403
121828
82194
79138
95669
99727
100328
75942
103614
97533
107812
97422
74279
87975
85961
95489
112290
100318
116818
74590
109154
39915
45906
36538
38902
48050
45936
43722
38583
38232
44573
46217
36999
51426
40155
42079
39714
38723
45725
29416
38452
38542
47058
44834
38943
29145
44824
30397
39444
36318
32611
44824
43602
40786
40015
42099
28403
36929
28493
50184
38051
38773
50985
45334
40375
43031
41918
60994
69059
35958
34184
32070
44414
32270
46507
46678
45185
31048
50725
53160
38292
45135
38192
36518
44002
36338
35897
35937
41999
41368
29054
34565
39564
58219
51917
41658
40576
40256
41438
38212
41147
37380
56175
44543
37069
37700
46517
43702
35717
43001
42299
41598
38712
38653
45245
39404
33152
60894
39053
38392
44643
51606
46818
43011
35887
54873
50104
30968
45535
39494
41357
42720
37319
39875
32641
34004
36689
38061
40035
46497
43251
38412
44063
43181
42550
37340
51987
43892
42339
45275
44894
38953
50966
45886
46587
32921
38863
44343
40736
37800
33733
41688
40706
31168
35586
52037
38402
34444
31519
26219
41567
32110
35236
31870
37130
48090
33693
34174
39494
32871
34745
45445
32491
33282
42490
36047
35497
34695
32140
47629
28593
37570
32892
44333
46127
30167
47348
42460
41447
35346
37520
44123
39353
38222
48000
36018
42700
56075
35556
42399
43572
46858
42079
54392
35156
41478
51126
36128
35717
61425
38082
49202
40706
40055
49913
38312
47068
47940
34405
45565
48792
38011
46417
38983
48731
44363
23795
40015
37540
45254
42730
42700
36719
37189
35156
43191
35196
77485
42179
31870
72747
73558
37471
41026
37150
34674
46146
30918
40145
30367
70973
38372
35908
41858
39895
76043
