2485
2625
3116
2685
2525
2584
2675
2635
2655
2926
2675
2735
2845
3116
2645
2484
2645
2815
2665
2695
2395
2835
2805
2585
2675
2725
3276
2555
2615
2564
2926
2775
2775
2725
2494
2615
2846
2675
2565
2795
2575
2585
2575
2625
2605
2705
2605
2665
3777
2765
2685
2875
2535
2585
2715
2725
2735
2655
2735
2495
2895
2435
2725
2966
2746
2645
2515
4228
3727
2675
2635
2444
3386
2835
2645
2866
2585
3055
2484
2825
2555
2625
2555
2755
2765
2595
2524
2805
2696
2795
2675
2545
2545
2595
2575
2545
2945
2595
2856
2514
2726
2435
2074
2454
2745
2515
2094
2495
2625
2976
2495
2665
2765
2534
3106
2815
2716
2574
2615
2945
2916
3046
3847
2745
2826
2565
2545
2926
2585
2515
2474
2585
2755
2725
2645
4559
2825
2695
2775
2605
2735
2645
2915
2505
2856
3056
2855
2775
2715
3967
2655
3065
2635
2796
2625
2624
5269
2785
4769
2855
2956
2635
2465
2474
2685
2926
3135
2815
2725
2715
2655
2775
2925
2685
2755
2926
2634
2875
2595
2625
2675
2956
3145
2395
3025
4117
2905
2675
4299
2675
3227
4568
2796
3727
2715
5871
2785
3076
2375
2945
2605
2635
3055
2895
3145
4118
2805
2876
2695
2915
2615
2975
2815
2745
3036
2865
2945
2855
2685
3947
2716
3046
2745
2836
2685
2885
2885
2815
2635
2926
2645
2866
2665
2685
2996
2875
2625
2635
2765
3005
2715
2725
2585
2755
2976
3086
2615
3206
2425
2895
2715
2745
2605
2765
2925
2495
2685
2906
2845
2665
2855
2695
3026
4949
2725
2796
2625
2915
2726
2635
2855
2355
2625
2755
2564
2785
2956
2665
2795
4288
2655
2455
3627
2796
2966
2806
2755
3026
2575
2635
3016
2475
3726
2595
3016
2805
2625
2926
5180
2595
2945
2985
2645
2895
2736
2575
3035
4198
5430
2685
2715
2545
2895
2685
3767
3146
4509
2866
2835
2735
2895
3918
3987
3887
2414
3016
2836
4248
2725
3968
2284
2635
2625
2465
2455
2545
2786
2645
2745
2585
2554
2434
2064
2555
2695
2574
2835
2856
2504
2976
2605
2675
2655
2515
2715
2675
2665
8756
2605
2695
2966
2675
2825
2815
3025
2845
2805
2565
2755
2635
2685
2585
2815
2515
2845
2826
2805
2575
2755
2605
2454
2645
2895
4698
2836
2645
2866
4439
3015
2795
2575
2745
2535
2705
4318
2815
2695
2575
2765
2484
2665
2435
2945
2735
3496
2815
3116
2494
3577
2474
2444
2755
2756
2634
2004
2866
2745
2565
4849
2815
2545
2715
2726
2765
2625
2775
2585
2675
2634
2605
2946
2815
2595
6743
2805
5810
2635
2705
2505
2745
2776
2875
2695
2665
2595
2725
2535
3015
2805
2645
2605
2635
2956
2635
4309
2685
2504
2635
2485
2484
2635
2504
2795
2785
2915
2524
2605
2595
2675
2675
2644
2144
2625
2384
2003
4619
2565
2735
2675
2124
2816
2585
2695
2505
2405
2655
2625
2645
2575
2645
2645
1963
2855
1993
2726
2565
2555
2715
2335
2795
2525
2514
3676
2635
2605
1944
5060
2164
2004
2324
2664
2264
2415
2394
1974
2855
1903
1944
2605
2164
2495
2605
2485
4238
2985
2134
1623
2565
2044
2765
2574
2675
2815
2475
2414
2795
2655
2405
2745
2555
2124
2845
2164
2494
2635
2104
2565
2755
2234
1503
2895
1873
2635
2916
2054
1954
2635
1934
2865
4458
2164
1884
2766
2144
2695
2014
2334
2314
1703
11011
1974
2004
1813
2725
2114
2725
2715
2755
1903
2635
2164
1944
2594
7284
2695
2705
1412
2745
1943
1473
2084
2404
2064
2705
3086
2044
1964
2655
2184
2435
2574
1824
2044
2815
1994
2715
2716
2735
1944
3457
1613
2465
1934
2405
2335
2765
2144
2605
2886
2094
2755
2986
2475
1623
2024
1923
2705
2144
2425
2535
2134
1973
2645
2124
2695
2896
2695
1994
2655
1503
2554
1563
2014
1603
2595
1974
2384
2073
1452
4889
1923
3005
2324
2154
1834
2766
2194
2705
2725
10810
2024
1874
2775
2615
2494
1503
2655
1983
1403
2524
1964
2484
1934
2665
2094
2164
2765
2054
2585
1944
2094
2665
2685
2004
2495
2585
2595
2234
2715
2405
2765
2594
2524
1844
2635
2605
3817
2805
2384
2685
1833
2554
2835
2785
2615
3236
2715
2645
2705
2705
2876
2284
2635
2454
2524
2634
2905
3937
2545
2685
5019
3597
3116
2645
2916
2455
2364
2555
2454
2926
2495
2625
2775
2775
2795
2574
2795
2515
2605
2485
2424
2856
2374
2705
2695
2314
2344
2545
2635
2746
2945
2635
2855
2925
2735
2494
2545
2875
2464
2474
2495
2405
2895
2836
6152
2595
2585
2515
2686
2625
2785
2615
2515
2324
2324
2594
2475
2385
2685
2695
2735
1954
2585
2805
2545
2745
4448
2765
2334
2285
1843
2464
2696
2495
2735
3046
2826
2986
2685
3016
2775
2615
2594
2695
2735
2785
2565
2865
2795
2795
2995
2825
2776
2735
2635
2725
2705
2475
2665
2435
4128
2575
3136
2935
2655
2505
2625
2414
2705
2575
2745
4528
2364
2615
2454
2755
2575
2515
2695
2585
2705
2705
2695
2575
2355
2524
2695
2735
2855
2605
2776
2716
2645
2344
2595
2915
2655
2544
2695
2735
2514
2755
2775
2695
2625
2675
2514
2514
2515
2725
2595
2404
2785
2424
2474
2645
2765
2755
2685
2615
2565
2425
2585
2514
2635
2705
2715
2625
2685
2555
2665
2745
2545
2695
5841
2685
2555
2675
2624
2454
2695
2435
2485
2425
2876
2565
2655
2445
2655
2344
2645
2705
2535
2565
4738
2705
3367
2414
2605
2655
2805
2785
2584
4709
2565
2675
2644
2795
2675
2605
2625
2554
2655
2645
2966
2825
2935
2766
2896
2765
1934
2545
2635
1914
2414
2806
2424
2505
2645
3126
2805
2575
2835
2404
4348
2615
2635
2805
2565
2695
2595
2725
2815
2755
2555
2545
2865
2675
2444
2835
2765
2445
2625
2595
3577
2966
2775
2635
2825
2524
2805
2755
2615
2655
2555
2585
2434
2485
2805
2545
2595
2685
2675
2735
2705
2655
2645
2565
2414
2605
2475
2545
2665
2635
2525
2064
2485
2535
4749
2595
2715
2565
2635
2545
4779
2605
2654
2615
2705
2484
2504
2745
2775
2605
2736
2765
2595
2805
2816
2675
2715
2705
2645
3006
2765
2795
3105
2725
2735
2655
2655
2755
2555
2575
2815
2495
2134
2765
2495
2084
2785
3747
2815
2044
2675
4158
2795
2705
2574
1984
4318
1934
2595
2254
2755
2535
2484
2344
3106
2535
2485
2435
2725
3036
2755
2525
2575
2584
2985
2304
2976
1924
2795
2875
2835
2655
2796
2785
2845
2044
2575
2595
2755
2534
2004
2685
3176
1933
2675
2825
2705
2514
2665
2635
4528
2655
2595
2535
2565
2685
2564
2795
2565
2595
2485
2765
2084
2444
2004
2585
2755
2715
2655
2985
2565
2895
2555
2705
2525
2725
2595
2695
2635
2435
2524
2535
2715
2735
2655
2665
2645
2665
2435
2634
2665
2495
2775
2735
2755
2485
2735
2364
2615
2815
2836
2725
2525
3115
2484
2454
2625
6301
4028
2565
2595
2896
2925
2946
2905
2825
2555
2795
2735
2996
2815
2645
2705
2405
2795
2685
2835
2425
2835
2655
2595
2575
2575
2765
2795
2615
2785
2615
2605
2705
2655
2765
2484
2295
2605
2665
2425
2615
2695
2635
2665
2485
2624
2675
2595
2575
2795
2505
2715
3606
2726
2705
2585
2645
2725
2545
2595
2765
2745
2635
3807
3136
6322
2625
3506
2765
2575
3086
2765
2846
3607
3767
2755
2505
2575
2995
2394
2414
2685
2574
2635
2464
2544
2605
2585
2575
2535
2715
2715
2615
2535
2605
2866
4528
2715
4378
2736
2515
2765
2605
2695
2805
2595
2896
2655
2826
2765
3116
2505
2355
2465
2565
2775
3146
2655
2645
2675
2675
2785
2716
2725
2505
2615
2515
2545
2495
2715
2725
5090
2775
2855
2564
2585
2605
2474
2495
2675
2885
2736
2895
2534
2725
2444
2384
2765
2995
2956
2645
2825
2414
2375
2796
2454
1994
2795
2455
1924
2534
2876
2805
2805
2775
2725
2655
2495
1864
2615
2665
2795
2886
2846
2024
2956
1994
2855
3026
2615
2776
2014
2715
2855
2575
2164
2735
2274
2845
2625
2475
2274
1523
2064
2465
1663
2675
2425
4348
2525
2494
2505
2645
2534
2454
4058
2455
2514
3427
2565
2455
2385
2495
2875
2465
2736
2685
2645
2485
2294
2745
2736
2795
2425
2335
2595
2695
2806
2925
2645
5861
2595
2464
2675
2294
2705
2765
2645
3256
2515
2715
2755
2605
2575
3627
2815
2845
2534
2545
2595
2595
2594
2695
2756
2675
2695
3677
2675
2094
4048
3427
2164
2384
2495
2004
2575
2174
2675
2675
2665
2224
2665
2134
2495
2865
2495
2635
2395
2575
2946
2605
2785
2875
2445
6452
2535
2354
2885
2815
2625
2584
2635
2755
2655
2755
2655
2715
2595
2615
2615
2605
2435
2705
2595
2755
2435
2755
2685
2745
2775
2805
2835
2916
2504
2675
2986
2525
2685
2695
2675
2705
2776
2414
2535
2785
2565
2755
2475
2785
5851
3286
2464
2746
2915
2575
2405
2515
2345
2695
2565
2314
2495
2645
2715
2765
2505
2474
2555
2615
2915
2695
2635
2805
2785
2475
2524
2614
2635
4488
2385
2475
2675
2505
2464
2555
2565
2464
2726
2605
2725
2414
2525
2345
2615
2605
3937
2645
2454
2434
2585
2915
2675
2655
2695
2495
2575
5059
2384
2405
2475
2254
2675
2695
2564
2435
2815
2955
2535
2595
2675
2444
2705
2735
2564
2595
2524
2565
2725
2455
2425
2725
2795
4809
2995
2415
2454
2385
2755
2615
2465
2705
2665
2725
2835
2064
2625
2875
2635
2634
2675
2605
2524
2705
2915
2284
2725
2625
2715
2725
4949
2905
2505
2695
2414
2434
2745
2755
2675
2805
2284
2695
2765
2375
2525
4228
2736
2564
2655
2816
2505
2625
2615
2594
2695
2745
2625
2885
2595
2645
2745
2845
2615
2785
2605
4028
2715
2615
2695
5430
2695
2815
3006
2845
2675
2865
2755
24335
2344
2665
2655
2835
2745
2856
2545
2645
2755
2595
2885
2715
2816
2625
2675
2675
2585
2575
23665
2765
2475
2525
2875
2785
2515
2635
2475
2635
2555
2604
2705
2765
2796
2625
2695
2695
2655
2795
2685
2344
2635
2855
2735
2655
2364
2876
6291
2305
2675
2625
2614
2594
2525
2815
2895
2775
2515
2635
2665
2815
2565
2595
2655
2555
2745
2775
2765
2605
2765
2806
2415
2505
2866
2705
2786
2685
3256
2375
3998
2584
3086
2605
2515
2284
2425
2815
2665
2906
2755
3927
2555
2495
2545
2705
2735
2735
2595
2795
2796
2354
2765
3126
2645
2635
4919
2865
2415
2785
2374
2735
2505
2445
2484
2715
2695
2675
2514
2344
2705
2594
2644
2706
2615
3848
2645
2805
2736
2665
2715
2865
4128
2665
2735
2815
2535
2445
2735
2595
2755
2535
2474
2545
2745
2745
2675
4608
1633
2625
2645
2615
2404
2695
2996
2716
2815
2765
2766
2655
2535
2615
2826
2445
2705
2695
2605
2605
2725
2756
2715
2495
2735
2255
2615
2544
2745
2955
2765
2825
2504
2655
11442
2585
2545
2395
2645
2665
2645
2645
2625
2595
2745
2675
2925
2615
2665
22432
2644
2825
2535
2805
2655
2485
2595
2475
3166
4609
2515
2605
2565
2735
2575
2806
2524
2665
2845
2444
2655
2655
2494
2705
2655
1954
2675
2424
2535
2485
2846
2635
2565
2805
2545
2665
2786
2715
2625
2725
2635
2534
2565
2365
2645
2614
2685
2625
2615
2545
2965
2575
2534
4098
2374
4298
2585
2405
2464
2324
1773
2325
2916
2425
2384
2364
2886
2755
2695
2755
2534
2936
2805
2775
4158
2444
2896
2635
2475
2084
2865
1933
2786
2534
2555
2775
2374
2725
2805
3496
2705
2525
2504
2835
2755
2655
2524
2886
2705
5580
2485
2545
2554
2405
2584
2545
2756
2274
2435
2805
2324
2415
2515
2364
2765
2766
2625
2605
2294
2725
2615
9137
2655
2875
2765
2856
3507
2425
3126
2736
2675
2635
2795
2825
2856
2805
2434
2735
3045
2565
2384
2905
2605
2384
2705
2765
2925
2565
3046
2605
2465
2705
2745
2444
2755
2355
2796
2615
2715
2564
2505
2745
2845
2905
2585
2624
2715
2475
2755
2845
2946
2805
2585
2585
2695
2886
2735
3166
2795
2885
2084
2816
2474
2415
2865
1873
4007
2525
2404
2424
1953
2625
2715
2534
2615
2805
2695
2665
2716
2825
2445
2705
2645
2685
2805
2735
5540
2735
2856
2585
2745
2545
2485
2475
2675
2635
2595
2695
2615
2605
2555
2836
2725
2776
2574
2875
2796
2796
2655
2565
2665
2665
2635
2625
2625
2796
2966
2545
2895
2665
2735
2234
2515
2785
2956
2605
2785
2735
2745
2715
5210
2535
4288
2826
2745
2916
2785
2204
2455
2755
2485
2414
2414
2415
2445
2484
2525
2384
2505
2725
2695
2686
2514
2495
2765
2695
2545
2284
2695
2515
2495
2434
2685
2424
2745
2475
2415
2685
2735
5801
2735
2645
2545
2675
2875
2595
2695
2885
5691
2455
2715
2765
2675
2785
2595
2775
2735
2625
2635
2815
2845
2434
2675
2796
2705
2685
2805
2786
2585
3707
2765
2585
2575
2535
2575
2535
1943
2725
1984
2584
2815
2515
2384
3026
1823
2715
2715
3186
2525
2124
2776
2846
2815
2434
2635
1924
2915
2925
2465
2184
2445
1804
2756
2615
2705
2565
2835
5119
2816
2625
1994
2906
1834
2765
2564
2585
2715
2555
2675
2685
2825
2505
2715
2705
2575
2655
2655
2766
2565
2615
2665
2716
2515
2695
2806
2695
2705
2675
2655
2444
2715
2655
2736
2515
2564
2975
2655
2534
2635
2614
2515
2785
2756
2594
2485
2855
2725
2716
2655
2906
2695
2575
2785
2655
2856
2514
2634
2555
2795
3516
2885
2565
3006
2495
2455
2786
2856
2615
2725
2825
4228
2806
2665
2625
2395
2645
2625
2655
5751
2595
2765
6422
2785
2675
2785
2865
2534
2685
2785
2655
2826
2996
2755
2795
2595
2535
3116
2695
2495
4629
2585
2114
2605
2826
2916
2385
2665
2745
2745
2735
2605
2405
2414
2445
2504
2985
2755
2815
2464
2615
2645
2665
2534
2785
2645
2504
2635
2745
2705
2354
2384
2845
2835
2886
2766
2565
2554
2575
2835
2776
2665
2765
2475
2745
2795
2795
2514
2604
2655
2905
2665
2755
2715
2665
2715
2725
2665
2475
2545
2414
2425
2525
2705
2374
2905
2736
2906
2825
2645
2635
2625
2505
2675
2515
2535
4729
2625
2625
2805
2575
2675
2565
3636
2444
2605
2735
2405
2725
2675
2564
2385
2545
2224
2364
2395
2665
2735
3386
2254
2525
2645
2736
2013
2635
3897
2535
2705
2575
2715
2906
2505
2725
2594
2725
2594
2715
2725
2555
6001
2595
2405
1303
3556
1803
5510
2355
3576
2555
2915
2374
4028
2585
3617
2775
3797
2796
2825
2645
2715
2595
2835
2615
2555
2445
2645
2675
2535
1363
2455
2625
2745
2665
2776
2565
2715
2875
2495
2705
2475
1903
2394
2715
1913
2495
2775
3005
2244
2494
2595
2795
2665
2595
2114
2725
2665
2895
2825
5740
2735
2044
2715
2524
2434
2615
2435
1913
2905
2385
2575
2564
2614
2826
2515
2545
2835
2685
2635
2605
2815
1943
2615
1934
2535
2585
2615
2545
2755
1774
2625
2565
2956
1844
2494
2635
2726
2595
2555
2304
2675
2234
2555
2806
2545
2574
2515
2685
2455
2665
6081
2474
2715
2575
2535
2524
2715
6722
2565
2515
2565
2565
2705
2695
2755
2405
4379
2455
2685
2445
2344
2405
4689
4809
2785
2515
2434
2966
2615
2364
2775
2374
2645
2675
2615
2685
2294
2765
2384
2515
2715
2555
2675
2615
2815
2695
2585
2615
2394
2334
2715
2595
2735
3126
2414
4979
2535
2554
2515
2895
2635
2594
2635
2545
2455
2786
2605
2735
2585
2885
2705
2575
5451
2425
2715
2685
2665
2885
11942
2605
2756
2855
2685
2585
2495
2715
2545
2655
2444
2695
3747
2415
2725
2564
2775
2735
2384
2515
2515
2495
2755
2104
2645
2825
2534
2554
2675
2625
2524
2845
2405
2575
2685
2685
2524
2705
2615
2635
2575
2645
2756
2605
2645
2525
2745
2585
2404
2535
2665
2655
2515
2625
2785
2434
2545
2906
2595
2114
2735
2675
2675
2625
2414
2615
2665
2465
2555
2635
2725
2625
2564
2554
2565
2575
2514
2645
2645
2554
2485
2585
2474
2976
2564
3597
2465
2605
5431
2444
2625
2495
2685
2514
2555
2624
2515
2805
2635
2755
2846
2614
2605
2394
2565
2545
2655
2715
2956
2655
2395
2896
2394
2575
2455
2675
2495
2394
2475
2285
3797
2364
2344
2334
1463
5310
1362
2615
2726
2595
2535
2755
2514
2695
2916
2514
2525
3076
2785
2254
2495
2475
2625
2765
2495
2485
2515
2385
5100
2414
2635
2525
2505
2816
1954
2735
2675
2595
2926
2856
2695
2555
3055
2544
2625
2575
2495
2935
2604
2745
2625
2425
2676
5220
2325
2434
2535
2254
2525
2635
2414
2605
2605
2675
2625
2645
2555
2544
2425
2505
16962
2696
2274
2574
2695
2485
2735
2495
2595
2615
2375
2455
2635
2505
2505
2595
2555
2745
2835
12965
2455
2324
2294
2665
2564
2715
2535
2545
2665
2464
2775
2534
2655
2655
2545
2565
2625
2375
2635
7063
2685
2535
2625
2675
4659
2925
2474
2465
2434
2395
2745
2675
2575
5450
2605
3066
2585
2605
2765
2635
2474
2374
1393
2675
1442
2635
2575
2384
2875
2464
1783
2575
1853
2645
2404
2725
2575
1884
2705
2665
2495
2866
2464
2004
2565
1753
6412
2555
2585
1994
5199
1824
2595
5029
2825
2725
2635
4058
2634
2424
2565
1944
2364
1934
2655
2645
2575
6502
4278
2865
2935
2825
1754
2705
1903
2705
2585
2615
2144
2685
1973
2705
2825
2595
2535
1854
1964
2675
2384
2515
2455
2505
2805
2815
2545
2505
2765
2585
2695
2505
2665
5160
2775
2795
2735
2795
2554
2475
2325
2425
2675
2755
2395
2635
2284
2695
2605
2635
2725
2585
3046
2615
2665
2635
2505
2825
2715
2615
2535
2384
2605
1893
2585
2615
2595
2565
2725
1873
1953
5099
2494
2585
2114
2605
2675
2505
2424
2585
2645
2605
3557
2564
2525
2515
5310
2565
2715
2675
2465
2445
2564
5871
2565
2485
2715
2835
2464
2815
2665
2524
2554
2555
2815
5210
2565
2475
2484
2545
2454
2454
2525
2695
2385
2655
4579
2795
2766
2715
2615
2535
2856
2555
2685
2335
2655
2615
2585
2424
2475
2565
2455
2685
2565
2715
2444
2785
2625
2675
2755
2785
5010
2625
2645
2685
2695
6162
2856
2725
2545
2715
2805
2585
2755
2645
2826
5571
2895
3837
2755
2845
2685
2695
5841
2975
2766
2645
2635
2765
2615
2685
2815
2655
2584
2635
8415
2445
2856
2775
2685
2595
2615
2585
2645
2775
2715
2545
2515
2796
2835
2775
2725
2655
2815
2464
2695
2635
2585
2715
2875
2484
2594
2775
2454
2695
2905
2765
2855
2705
2675
2905
2455
2334
2705
2816
2755
2976
2645
2655
2525
2444
2705
2495
2645
2756
2495
2464
2705
2525
2715
2494
2545
2635
2605
2785
2615
2645
2625
2575
2796
2574
2695
2835
2575
2555
2484
2895
2615
2725
2444
2765
2725
2695
2725
5220
5460
2675
2675
2334
2555
2846
2615
2445
2505
2424
2685
2655
2555
2434
2545
2385
2545
2655
2955
8405
2564
2615
2414
2565
2494
2635
2585
2625
2715
2565
2314
2645
2615
2535
2475
2745
2685
2726
2575
2615
2644
2435
2495
2915
2655
5050
2765
2715
2545
5400
2394
2595
5550
3226
2264
2515
2565
2655
2615
2575
2665
2605
2665
2605
2445
2615
2665
2946
2635
2665
2574
2625
2635
6623
2595
2725
2504
2735
2746
2585
2816
2815
2745
2634
2604
2835
2505
2745
2665
2755
2665
2435
2385
3046
2775
2605
2564
2715
2505
2535
2434
2545
2725
2425
2865
2455
2395
2404
2494
2425
2555
2294
2645
2555
2615
2424
2866
2585
2535
2414
2334
2474
2695
2524
2335
2324
2284
2204
2455
2515
2645
2305
2635
2385
2384
2354
2515
2715
2344
2455
2394
2394
2454
2595
2786
2495
2494
2685
2595
2645
2565
2514
2645
2725
2685
2755
2755
2414
2605
2715
2505
2615
2865
2775
2524
2856
2535
2785
4549
2295
6271
2594
2595
2365
2605
2716
2525
2625
2695
2675
2434
2565
2515
2504
2504
2805
2725
2474
2575
2505
2745
2725
2655
4919
2405
2484
2716
2605
2565
2665
2785
2624
2705
2625
2625
2655
2715
2374
4959
2464
2545
2785
2675
2665
2846
2905
2785
2805
4508
2645
2755
2424
2685
2494
2555
2735
2785
2896
2735
2735
2655
2635
2664
2715
2815
2735
2345
2625
2735
2514
2655
2655
2584
2475
2765
2515
2515
2595
3316
2565
3126
2585
2455
2564
2826
2906
2675
2776
2805
2645
2565
2565
2515
2625
2816
2455
2635
2915
2494
2505
2735
2665
2685
2455
2735
2715
2835
2585
2675
3006
2655
2775
2575
2845
2826
2625
2555
4668
3928
2695
2956
2866
2555
2645
3607
2635
2404
2515
2825
2635
2835
2455
2695
2695
2765
2504
2755
3817
2485
2495
4118
2635
2975
2675
2284
2524
2575
2705
2725
2604
2705
2846
2756
2635
2545
2485
2394
2555
2585
2645
2685
2625
2595
2545
2485
5590
2665
2575
2835
8486
2936
5079
13305
2304
3847
2625
2885
2535
2615
2585
2946
2725
2775
3036
2966
2785
2695
2865
2765
2475
3998
2695
2655
2585
2845
2655
2785
2695
2915
2695
2805
2735
2535
2625
2725
2555
2795
2534
2605
2644
2845
2414
2535
2554
2715
6292
2805
2835
2745
2625
3206
2625
3446
2685
6432
2555
2715
2484
2845
2334
2495
2746
2505
2495
2765
2565
5571
2955
2585
2635
3066
2645
2384
2584
2595
2675
2274
2445
2635
2605
2555
2745
2354
2404
2715
2635
2615
2905
2605
2384
2475
2594
2665
2494
2525
2685
2685
2575
2244
2645
2765
2695
2835
2715
2796
2695
2535
2705
2565
2585
2454
2515
6833
2584
2745
2394
2575
2706
2835
2675
3026
2625
2885
5500
2485
2605
2514
2685
2455
2565
2645
1974
2435
2645
2515
2424
1944
2574
2655
2525
2044
2675
2524
2014
2675
2715
2575
2775
1863
2574
5591
2365
2344
9678
1803
2505
2555
2585
2494
4809
2695
2655
2815
2605
4568
2515
2555
2585
2715
2294
2665
2495
2765
2014
2785
1733
2554
2685
2625
2645
2485
2094
2484
1844
2796
2745
2755
2064
4779
1844
2635
2785
2564
2564
1874
2424
2685
4398
2485
2896
1924
2535
2614
2595
2635
2675
2484
2595
2775
2665
2685
2725
2925
2394
2345
2846
2655
2414
2715
2675
2735
2615
2665
2906
2504
2555
2996
2726
2574
2545
2845
2816
2785
2725
2565
2705
2715
2885
2554
2625
2725
2655
2545
2735
4068
2685
2004
2545
2395
2655
1523
2565
3818
1893
2525
2775
2064
3336
2655
2976
2735
2575
2604
2074
2624
2995
2425
2765
1923
1814
2485
2595
2705
1974
2745
2535
2595
2564
2935
2515
2655
2605
2725
2645
2574
2845
2916
2605
2454
2695
2575
2695
5190
2504
2625
2765
2715
2624
2625
8286
2615
2785
2675
1884
3847
2665
2655
2174
2725
2054
2615
2645
2685
2675
3767
2875
1784
3657
2304
1894
2795
2665
2946
2756
2635
2785
2796
2624
2826
2555
2755
2624
2715
5290
2715
2906
2896
2595
2885
2725
2696
2755
1883
3106
2695
2655
2364
1903
2515
1864
2494
2755
2675
2024
2565
2625
2655
1893
2494
2745
2535
2945
2505
1834
2755
2675
2465
2705
2675
2805
2755
2665
2766
2845
2655
2735
2765
2745
2815
2465
2645
2554
2735
2725
2795
2785
2575
2755
2595
2865
2675
2665
2575
2755
2736
2795
2765
2575
2545
2805
2915
2725
2665
2736
2484
2554
2835
2805
2555
2584
2655
2545
2615
1973
2635
2645
2464
2475
2665
2545
2855
2725
2635
2665
2635
2795
2705
2635
2615
2665
2564
2465
2655
2465
2695
2645
2796
2705
2595
2525
2404
2455
4228
2455
2575
2464
2474
2365
2585
2485
2494
2344
2525
2445
2415
2505
2645
2835
2645
2444
2434
2484
2244
2285
2314
2274
2595
2495
2394
2424
2515
2434
2625
2545
2425
2455
2455
2836
2525
2415
2555
2635
2665
2545
2414
2585
2505
2474
2464
2635
2484
2315
2534
2505
2454
2595
2404
4038
2925
2645
2575
2484
2505
2575
2735
2374
2836
2405
2254
2625
2625
2845
2745
2445
2645
2655
2825
2716
2755
2524
2435
4308
2485
2434
2725
9448
2585
2715
2535
2685
2635
2865
4348
2695
2534
2635
2866
2394
2394
2655
2565
2635
2886
2645
2445
2395
2535
2685
2594
2926
2385
2885
2585
2545
2335
2525
2404
2415
2625
2685
2595
2585
2515
2364
2585
2685
2445
2746
2485
2364
2585
2355
2455
2244
2505
2906
2735
2395
2655
2304
2695
2655
2394
2555
2424
2645
2564
2454
2766
2404
2485
2745
2375
2495
2324
2465
2304
2234
2575
2415
2414
2414
2245
2685
2404
2294
2425
2334
2324
2435
2535
2455
2706
4960
2364
2715
2475
2425
2314
2524
2575
2655
2384
2375
2484
2495
2445
2414
2705
2405
2465
2384
2464
2455
2415
2355
2485
2385
2515
2314
2685
2534
2395
2384
2505
2334
2384
2274
2434
2375
2434
2334
2705
2625
2635
2394
2364
2454
2665
2485
2485
2284
2305
2425
2334
2424
2515
1934
2594
1874
2706
2435
1783
2665
2324
7233
2475
1803
2345
2695
2715
2545
4258
2134
2634
4318
2705
2484
2455
2424
2104
2665
2475
2785
2585
1834
2604
2745
2545
2435
2735
2595
2354
2515
2725
2385
1764
1513
2335
1323
2515
2404
2364
2675
2425
1353
2345
2575
2495
2594
2304
2825
2455
2756
2384
2635
2525
2415
1312
2054
1994
1522
2505
2425
2534
2605
1473
2455
2575
2595
2554
2494
2665
2625
2885
2715
2675
7204
2655
2574
2786
2555
2875
2655
2214
3005
2514
4469
2614
2525
2524
7404
4358
3497
2405
2495
2484
3877
2535
3417
2324
2755
2444
3677
2705
2685
2615
2364
2715
2444
2876
2615
2775
2595
2524
2614
2805
2485
2554
3828
2805
2414
2665
2645
2454
2565
2765
2465
2655
2885
2685
2565
2515
2424
2454
2374
2715
2645
2465
2675
2665
2485
2505
2305
2795
2534
2434
2394
2685
2695
2314
2364
2514
2364
2615
4749
2585
2525
2805
2555
2725
2375
2605
2464
2915
4539
2495
2785
2434
3497
2434
5140
2605
2285
2465
4689
2524
2995
2345
2665
2475
2344
2595
2655
2335
2425
2405
2354
4769
2464
2314
5570
2565
2285
2525
2605
2635
2354
2335
5410
2575
2405
2334
2625
2525
2565
2585
2365
2314
2555
2695
2405
2515
2495
2465
3036
2485
2535
2354
12784
2675
2675
2524
2615
2434
2424
2575
2524
2534
2615
2595
2825
2615
2775
2474
2785
2605
2785
2204
2925
2575
2665
2615
2905
2495
2645
2415
2595
2274
2464
2384
2765
2405
4368
5520
2495
2745
2675
2435
2655
2575
2475
2675
3727
2614
2555
2525
2675
2725
2695
2535
2945
2555
2595
2284
2525
2365
2535
2455
2865
2555
2545
2555
2485
2815
1914
3807
2845
2515
2554
3807
2425
2515
2444
2324
2514
2845
2505
2705
2325
2715
2545
7324
2445
3867
2515
2505
2585
2455
2545
2986
2836
2746
2625
12203
2605
2515
2555
2765
2955
3056
2695
2695
2355
2494
4218
2414
2265
2395
2554
3797
2534
2565
4910
2725
2585
3607
2534
2375
2555
2404
2585
2745
2765
2545
2765
2756
2615
2645
2605
3015
2845
2906
2725
3246
2444
2594
2715
4368
2495
3466
2655
2845
2475
2615
2515
3156
2595
2485
2484
2815
2414
2905
2885
2575
2424
2515
2745
2875
2855
2575
2555
2565
2855
2595
2425
2445
2565
2755
2665
2886
2625
2805
2495
2675
3006
2504
2625
2765
2765
2805
2765
5740
2615
2344
2414
3436
2615
3406
2695
3707
2605
2896
2314
2425
2515
3546
2455
3516
2515
2665
2525
2424
3477
2325
2715
2585
2655
2594
2695
1983
2415
2515
2615
2204
2625
2525
2564
2525
2726
5149
2435
2805
2705
2905
2775
2765
2735
2755
2705
2755
2735
2635
2695
2534
2755
2545
2535
2695
2534
2474
2334
5521
2775
2515
2605
2655
2605
2575
2785
2535
2645
2595
2335
2585
2675
2705
2675
2264
2665
2795
2465
2465
2745
2584
2855
5690
2865
2274
2665
2815
2284
2554
2345
2835
2635
2585
2715
2364
2585
2594
2385
2485
2444
2535
2635
2975
2645
2615
2856
2845
2655
2625
2705
2695
2444
2625
2495
2584
2404
4458
2655
2615
2725
6272
2524
2545
2014
2384
2475
4469
1372
2675
2304
2405
4989
2745
2715
2555
2334
2355
2645
2324
2504
2505
2625
2415
2745
2996
2615
2445
2816
2555
2695
2534
2655
2614
2675
2755
2585
2535
2515
2514
2585
2645
2524
2665
2545
2394
2555
2655
2545
4759
2615
2524
2685
2805
2574
2525
2715
2354
2775
2624
2464
2705
2384
2685
2745
2635
2805
2495
2665
2896
2805
2715
2505
2604
3487
3005
2615
2525
2826
2565
2635
2445
2224
2495
2565
2424
2745
2575
2735
2554
2695
2645
2504
2485
2685
2565
15940
2524
3075
2635
3035
2654
2665
2685
2935
2565
3677
2896
2786
2584
2895
2665
2746
2375
2925
2264
2624
2695
2836
2625
2806
2415
2545
2445
3146
2614
2455
2234
2545
3657
2505
2716
2575
2425
2865
2344
2725
2795
2414
3877
2655
2915
2615
2816
2425
3507
2574
3246
2815
2625
2595
2595
2545
2705
2685
2705
2625
3567
2494
2614
2414
2535
2645
3036
2505
2624
4419
2545
2324
2786
2485
2475
2725
2394
2635
2444
2565
2404
4108
2505
2766
2424
2935
2525
2715
2435
2325
2604
4499
2645
2705
2595
2665
3066
2695
2615
2574
2655
2655
3066
2605
2635
2595
2685
2405
2565
2424
3577
2585
2805
2575
5941
2415
2685
2465
2395
2555
3066
2665
7344
2635
3236
2584
2765
2575
2725
8917
2535
2534
3968
2424
3427
2535
2515
2756
2695
2695
2495
2615
12223
2635
2815
2905
2545
2655
2144
2685
2645
2635
2675
2594
2705
2465
2514
2615
2625
2685
2846
2615
2615
2495
1804
2775
2715
2986
2415
1853
4138
2695
3867
2365
2675
3006
2645
2645
2565
2805
2595
2686
4518
2765
2425
3095
2575
2966
2615
2625
2785
2544
3858
2746
2645
3336
2735
2515
2745
2495
2535
2605
2795
2675
2455
2675
2675
2866
2414
2525
2325
2405
2455
1834
2665
2815
2575
2494
2334
2344
2695
2344
2244
2565
2514
2625
2555
2715
2294
2565
2615
2344
2535
2525
2675
2545
2494
2726
2624
2444
2364
2414
2545
4839
2294
2585
2565
2755
2645
8125
2575
2575
2635
2525
2344
2655
2776
2224
2445
2485
2415
2575
2625
2645
2584
2806
2525
4939
2665
2815
2454
2605
2915
2685
2555
2404
2655
2304
2665
2745
2435
6001
2535
1844
2996
2604
2144
2675
2665
2695
2074
2585
2174
2475
2535
2615
2385
2444
2765
2595
2375
2725
2645
2605
2284
2445
2234
3006
2485
2635
2434
2605
2675
2294
2264
2324
2866
2424
2434
2715
2505
2565
2635
2645
2464
2545
2565
2444
2384
2564
2675
2565
2645
2585
2705
2515
2274
2465
2505
2665
2405
2705
4388
2515
2665
2595
2425
2555
2455
2505
2554
2535
2465
2335
2605
2756
2755
2505
2595
2565
2585
2645
2405
2745
2645
2615
2555
2414
2604
2515
2605
2525
2715
2274
2395
2595
2585
2765
2705
2575
2415
2474
2475
2354
2886
2495
2144
2475
2405
5019
2465
2285
2324
2645
2534
2415
2575
2544
2735
2534
2786
2334
2425
2565
2444
2695
2565
2274
2304
2565
2495
2425
2705
2555
7424
2284
2445
2705
2405
2465
4779
2795
2494
2735
2394
2414
2404
2595
2465
2595
5541
2705
5080
2735
2575
2385
2615
2485
2544
2645
2525
2715
2444
2585
2515
2555
2605
2465
2585
2695
2585
2615
2585
2494
2655
2695
2525
2675
2856
2655
2465
2574
2445
2725
2805
6472
2645
2324
2435
13164
2565
2535
2575
2164
2545
2475
2685
2485
2424
2464
2685
2555
2394
2465
2655
3206
2385
2665
2424
2475
2515
2485
2475
2585
2454
2344
2545
2244
2605
2625
2485
2555
2454
2565
2535
2525
2625
2414
2495
2675
2705
2575
2715
2534
2916
2625
2605
2344
2585
2505
2815
2555
2535
2525
2595
2655
2544
2565
2655
2675
2355
2424
2485
2895
2555
2565
2555
2485
2715
2715
2715
2524
2544
4970
24696
2495
2575
2375
2595
2786
2374
2494
2615
2816
2434
2524
2835
2625
2624
2414
2665
2495
2555
1853
2645
2765
4809
2655
2324
2585
2565
2635
2695
2435
1613
2474
2655
1923
2495
1783
4318
2474
2555
2715
2625
1864
2444
2003
2535
1974
2565
2755
1823
2605
2915
2855
2335
2715
2675
2825
2615
2755
2395
1553
2475
2635
2765
2655
2836
2535
2766
2685
2926
2896
2535
2815
1874
2545
2565
2485
1953
2755
1813
2665
2685
5470
2594
1823
1533
4658
1954
2625
1804
2624
1844
1172
2515
1773
2535
2033
2605
1934
2755
1933
4198
1934
2635
1914
2705
2835
2716
2555
1944
2625
2394
2585
2645
2124
2334
2465
2594
1933
1462
2053
2104
2515
1753
1894
1883
4819
1944
3096
2124
3457
2124
2585
1804
7884
2094
2524
2083
4699
2154
2725
2074
3817
2044
2865
2054
2645
2364
2675
1944
2966
1963
3176
2054
2615
2104
5461
2013
2755
1773
2996
2094
2845
2114
2584
2735
1944
2464
2725
2685
5190
2615
2355
2695
2514
2585
2524
2665
2705
2866
3056
2725
2675
2625
2515
2786
2535
2554
2594
2094
2715
2755
2484
2454
2634
2765
1383
2164
2505
2474
2725
2585
2555
2645
5300
4108
2615
2334
2765
2625
2795
2505
2725
2574
2535
2624
2695
2435
2404
2645
2495
2484
2584
2504
2635
2695
2785
2645
2535
2675
2795
2445
2735
2535
2525
2505
2595
2615
2134
2595
2595
2605
2435
2585
2444
2545
2876
2334
2315
2445
2364
2554
2645
2675
2485
2515
2665
2484
2775
2595
2775
2514
2655
2805
2425
4879
2555
2434
2575
2405
2565
2395
2625
2595
2876
2675
2505
2584
2364
2474
2946
2525
2726
2776
2635
2765
2545
2505
2575
5701
2645
2615
2655
2705
2544
2434
2685
2575
2665
2555
2766
2365
2495
2504
2645
2254
2685
2856
2916
2765
2535
2885
2715
3015
2705
2615
2705
4579
13155
2474
2776
1292
2365
2805
1433
2745
1523
2465
2555
2715
2725
2675
2485
2295
2624
2505
2454
2475
2715
2435
2565
2706
2475
2474
2535
2495
2615
2675
2434
2475
2585
2003
2535
6202
2424
2635
2474
2485
2715
2635
2635
2655
2384
2375
2775
2435
2836
2594
2645
2775
2705
2645
2685
2605
2534
2775
2544
2956
2965
2535
4198
2655
2725
2715
2615
2565
2725
2785
2515
2705
2605
2735
2385
2675
2575
2534
2705
2635
2745
2705
2545
2735
2614
2695
2845
2856
2575
2755
2474
2464
2585
2745
2515
2395
2615
2494
2635
2875
2504
2785
2675
2525
2715
2785
2505
2514
4488
2234
2385
2154
2394
1993
2314
2715
2755
2605
2434
2395
2565
2404
1292
2575
5220
2535
4919
2665
1863
2806
2024
2515
2695
2445
2575
2565
2655
2444
2344
2334
2705
2544
2715
2856
2484
2414
4608
2675
2705
2465
2315
2585
2665
2535
2785
2605
2745
4819
2445
2756
2685
2565
2885
2685
2725
2696
2795
2725
2485
2635
2495
2935
2665
2114
2415
2074
2434
2074
2435
2494
2315
2385
2345
2204
2615
2585
2584
4789
2615
2645
2474
2484
2505
2304
2745
2305
2445
2435
2465
2415
2465
2174
2415
2565
2434
2465
2345
2414
2464
2575
2545
2595
2564
2464
2454
2344
2435
2505
2434
4188
2425
2254
2405
2494
2575
2605
2455
2624
23314
2574
2595
2454
2845
2355
2464
2454
2435
2464
2505
2485
2635
2645
2364
2405
2365
2575
2525
2385
2295
2395
2414
2465
2624
2294
2855
2395
2415
2455
2695
2635
4979
2395
1513
6923
2414
2405
2364
2805
2474
2655
2746
2815
2705
2715
2956
2685
2925
2895
2706
4038
2705
2915
2535
2405
2454
1333
4839
2635
2736
2665
2625
2635
2295
9287
2474
3016
2795
2705
2855
2585
2785
3016
2826
3066
2865
2945
2455
2886
2855
3747
4398
2956
2495
3357
2424
2695
2364
2534
2274
2515
2304
2515
2525
2695
2485
2384
1643
2394
1453
2565
1603
2545
1492
2405
3747
2434
1463
2314
1483
2314
1562
2464
1382
4909
1463
2735
1433
2444
1423
2464
2465
1583
2434
1433
2395
1492
4288
1432
2605
1423
2365
1422
2584
1403
2404
1603
2525
1463
2405
1392
2745
1523
2455
1493
2435
1402
2685
1473
2444
1473
2325
1503
2395
4448
2405
1402
2445
1352
2235
1513
2365
1373
2384
1393
2515
1432
2514
1432
2635
2735
2604
1483
2514
1563
2505
1353
2244
1363
2434
1362
2404
1472
4739
1433
2555
1493
2335
1573
2675
1473
2465
1443
2445
1463
2454
1443
2414
2344
1493
2344
1493
2395
1523
2374
2465
1924
2645
2575
2715
1994
2685
1844
2565
2835
2284
2645
2806
2564
2525
2735
4799
2335
7013
2405
4218
2455
2665
2465
2725
3657
3757
2525
2575
2615
2645
2524
2865
2355
2534
2495
3377
2605
2475
2364
2865
2785
3446
2575
2785
2385
2635
2455
2775
2535
2585
2455
2545
2755
2434
2795
2464
2515
2514
2996
2465
2324
2354
2705
2705
2675
2755
2735
2484
3206
2464
3757
2585
4338
2435
3496
2435
4759
2585
2645
2384
2825
2575
2745
2796
2144
1423
2335
1292
2384
1403
2384
2534
2054
2575
2244
2645
2204
2725
2114
2715
2354
1443
2585
2645
2585
3627
2645
2585
2084
2635
1873
3296
2044
2424
1363
2625
1513
4699
1503
3727
1483
2585
1463
2745
1463
2384
3516
2515
1493
2664
1443
3527
1332
2595
1483
3035
1502
2455
1402
2584
1462
2624
1403
3547
3136
2554
2354
1553
2425
1654
2595
1483
2655
1352
4198
1402
2355
1443
2485
2334
1553
2545
1482
2575
1413
2395
1533
2515
1483
2535
5220
2345
1342
2525
1473
2374
1513
1373
2615
1373
2455
1372
3977
1442
1563
2615
1373
2244
1353
4498
1383
3206
1412
2555
1333
2444
1343
1433
2544
1342
3737
1362
1352
1282
1403
1432
1482
1412
1453
1503
1413
2394
2304
2374
2364
2535
2354
2355
2414
1383
2495
2565
2535
2756
2444
1343
2364
2585
2434
1483
2445
2605
2595
2535
2314
2786
2464
2655
2645
1333
2424
3356
2424
2755
2455
2615
2445
2816
2444
2675
2375
1523
2535
3727
1342
2675
2525
3247
1393
2454
2424
1493
2415
2485
2435
2475
2475
2504
2375
2615
2465
2555
2354
2474
2375
2555
2354
2595
2545
2384
4749
2445
2655
2765
2645
2434
2605
2665
2545
2845
2404
4458
2384
3126
2063
2585
1774
2565
2525
2615
2635
2825
2736
4529
2625
2525
2916
2485
4388
2394
2485
3367
2725
2515
2675
2415
2474
2806
2595
2645
2505
1914
2786
2635
2485
2535
2825
1483
2515
2424
2524
2445
2544
2254
2905
2154
2284
2605
2505
2595
2385
2405
2555
2054
2595
2264
2765
2875
2525
2906
2735
1362
2665
2645
1382
1623
2605
1583
2554
2735
3757
2735
2605
2745
2755
3566
2835
3877
2495
2645
2535
2495
2635
3737
2675
2675
2745
3146
2525
24345
2525
2345
2405
2695
1973
2675
2415
2415
4238
2454
1443
2685
2665
2505
2445
2595
2444
2545
2535
2595
2334
2495
2504
2645
2535
2525
2565
2455
2484
2474
2374
4468
2564
2685
2836
2726
2435
2545
2685
2625
2575
2735
2555
2635
2615
2505
2585
2465
2525
2515
2705
2715
2334
2495
2574
2595
2625
2625
2425
2685
2585
2525
2645
2685
2404
2635
2504
2806
4408
1473
2474
2555
2735
2544
2605
2344
2354
2595
2505
1663
2575
2705
4498
2254
2534
2736
2434
2324
1523
2475
2755
2696
1383
2544
1392
2394
1573
1433
2525
1583
2384
2595
2504
1874
2504
1443
4839
1442
1423
2525
1573
2414
2705
2515
1994
2485
1492
2695
1383
2425
1693
2485
2545
2445
2895
2474
2124
2515
2815
2746
2695
2585
2464
2425
2585
2465
2615
2715
2555
2865
2414
2795
2575
2805
2795
2655
2585
2504
2455
2825
2545
2484
2655
2876
2565
2444
2494
2655
2845
2595
2485
2685
2835
2705
4719
2645
2555
2695
2574
2655
2735
2745
2515
2535
2886
2665
2605
2735
2534
2655
2825
2604
6031
2725
2615
2766
2886
2705
2575
2615
2494
2555
2615
2756
2595
2525
2625
2735
2695
2715
2505
4569
2605
2595
2836
2584
2545
2404
2405
2585
2625
2655
2585
2796
2575
2584
2505
2655
2605
2595
2515
2545
2355
2705
4308
2535
2655
2554
2845
2454
2625
2404
2795
4890
2835
2535
2635
2675
1954
2685
2455
2715
2875
2535
2445
4509
5991
2635
2705
2555
2485
2785
2605
1914
2204
2375
2565
2685
2374
2425
1393
1723
2605
1453
2134
2424
2464
1953
2635
1824
2474
2595
2604
2324
2534
1914
2454
1743
2675
2605
2544
2104
2695
1903
2545
2484
2575
2525
2585
1973
2745
2675
1493
5160
2695
2565
2464
2695
1773
2605
4769
2565
2455
2485
1893
5009
1773
2655
2365
2505
2735
2605
2504
2655
1253
1583
2665
2584
2484
2716
2685
2765
2685
2535
2965
2635
2756
1924
2495
2064
2735
2545
2615
2635
2454
2544
2675
2455
1904
2725
2715
2735
2805
2675
1994
4849
2535
2615
2615
2515
2524
1773
2766
2735
2315
2545
2726
2485
2705
2685
1393
2705
2585
1914
1963
2585
2535
2435
1974
2455
2295
2545
2364
2515
2485
2525
2695
2454
2695
2755
1743
2595
2805
2866
2494
2685
2655
2725
2675
4659
2665
2625
2124
2876
2815
2545
2675
2685
3897
2655
2014
2716
2114
2635
1903
2535
2685
2635
2505
1864
2524
2675
2445
1984
2685
1803
2825
2344
2625
2775
2645
1813
2725
2545
4208
2635
2565
2745
1904
2685
2524
2695
2665
2594
2716
2985
2545
2765
2515
1694
2705
2645
2545
2615
2775
2595
1833
2906
2766
2735
2485
2705
2725
2655
2665
2985
2515
2525
2485
2635
6382
2645
1924
2695
2756
3016
2645
2505
2635
3146
2635
2595
2715
2815
6082
1853
2795
2585
2575
1953
2635
1773
2655
2655
2574
2745
2575
2184
2876
1783
2555
2485
2445
2614
2054
2405
2565
2605
2615
1814
2485
1923
2665
2545
2655
2414
2084
2515
2515
2625
2545
1914
2675
2445
2675
2043
2535
1843
2505
5029
2475
2685
2484
2205
1993
4538
2415
2595
2274
2204
4719
1753
2825
2785
2535
2765
2595
2655
2715
2194
2635
2635
2445
1823
2715
2625
2124
2685
1974
2564
2675
2946
2675
2315
2635
2605
2495
2485
1963
2695
2474
2575
2685
2635
1734
2515
2746
2735
2425
2645
2345
2494
2625
2916
2505
2665
2915
2925
2605
2595
2705
2594
2424
2484
2735
2775
2555
2635
2635
2454
2785
2595
2595
2635
2755
2535
2655
3968
2585
2795
2585
2405
2655
2725
2675
2554
2415
2765
2565
2655
2525
2535
2705
2905
2514
2485
2445
2675
2515
3376
2725
3717
2605
4208
2645
2835
2565
2555
2665
5150
4178
2575
2795
2384
3777
2565
2495
2535
2445
2605
2284
2405
2375
2976
2715
5901
2325
2354
2565
2685
2465
2735
2745
2695
2705
2594
2494
2695
2795
2755
2805
2945
2425
2505
2825
2575
2515
2635
2625
2524
2645
2905
2265
2495
2745
4368
2685
2825
2765
2625
2786
2455
2675
2545
2605
2695
2495
2785
2585
2544
2745
2565
2605
2474
2375
1663
2915
2374
2605
2755
2455
2635
2485
2414
2514
2465
2144
2635
2635
2415
2154
2715
2866
2845
2535
3206
2535
2484
2435
2204
2224
2385
2525
2224
2435
2665
1372
2515
2635
2584
2395
2444
2434
2955
2485
2334
2314
1763
2375
2314
2474
2545
2395
2255
2825
2685
2726
2555
2635
2565
2745
2584
2976
2625
1954
2495
2474
2775
2645
2655
2475
2465
2384
2264
2765
2655
2355
2314
3116
2185
2605
2584
2585
2464
2434
5270
2585
2686
2364
2524
2445
2504
2835
2635
2545
2444
2786
2454
6673
2464
3606
2715
2444
2655
2374
7925
2995
2385
2605
2825
2394
2454
2575
2875
2555
2605
2595
2695
2955
2414
3547
2715
2795
2805
2795
2735
7925
2705
2786
2565
2425
2795
2755
2705
2625
3046
2785
2645
2374
2445
2595
2785
2635
2725
2675
2525
2735
2565
2685
2575
2665
2575
2645
2354
2695
2845
2394
2585
2635
2464
2265
2494
2485
2455
2555
3387
2505
2494
4037
2415
2635
2515
2425
2485
2725
2634
2565
2574
2575
2845
2925
2705
2505
2545
2564
2344
2705
2555
2635
2655
2695
2275
2465
2605
2364
2355
2605
2444
2685
2535
2454
2625
2634
2615
2735
2885
2625
2675
2776
2785
2475
2485
2404
2625
2685
2525
2424
2415
2806
2444
2475
2465
2334
2525
2625
2665
2615
2444
2985
2485
4438
5100
2605
2255
2414
2444
2495
2345
2816
2454
2805
3657
2555
2685
2375
2765
2254
2365
2495
2785
2645
2665
2464
2364
2585
2665
2635
2815
2434
2655
2484
2725
2705
2735
5060
2805
2655
2504
2745
2544
2475
2384
2574
2866
2515
2625
2805
2484
2885
2695
2565
2434
2835
2484
2935
2886
2675
2555
2695
2464
1934
2645
2434
1834
2494
2435
2565
2645
2595
2384
2715
2465
1362
2756
1192
2294
2564
2435
2605
2645
2575
2544
2535
2574
2655
1202
2285
2665
2565
2504
4608
2445
2465
2645
2815
2385
1773
2865
1904
2545
2595
2214
2395
2655
2304
2855
2615
2695
2655
2254
2655
2425
2715
2605
2545
2325
2345
2495
2465
2394
2565
2525
2575
2745
2695
2545
2595
2615
1874
2715
2585
1843
2625
2615
2635
2425
2615
3096
2685
2445
4969
2585
1854
2595
2495
2645
2485
2575
1984
2765
1813
2445
2735
2495
2675
1843
2695
2815
2395
2655
1703
2665
2876
2505
2345
2505
2355
1804
2384
2585
2434
2585
2695
2735
2474
2625
2485
2635
2675
2835
2615
2564
2455
2575
4950
2655
2605
2705
2515
2525
2775
2615
2645
2735
2465
2605
2665
2615
2624
2445
2414
2695
2504
2565
2685
2505
2705
2575
2404
2585
2445
2665
2584
2424
2565
2295
2445
2545
2564
2475
2795
2254
2424
2595
2494
2585
2374
2465
2605
2474
2484
2464
2595
2675
2575
3837
2585
2585
2465
2715
2365
2625
2385
2164
2816
2594
3807
2775
2545
2395
2294
2404
4539
2504
2454
2224
2505
2505
2825
2484
2705
4859
2494
2325
2485
2184
3637
2354
3006
2405
2564
2375
2394
2525
2535
2635
2445
2575
2485
3476
2345
2695
2344
2565
4929
2395
2414
3767
2585
2374
2364
2555
2385
2735
2524
2194
7003
2885
2735
2485
2355
2945
2524
2695
2635
4388
2484
2735
2725
2635
2635
4068
2545
2906
2525
2575
2645
2815
2835
2685
2755
2605
2575
2335
2425
2474
2514
2535
2555
2635
2755
3005
2786
4328
4659
2926
2605
2635
2624
3577
2705
2785
2695
2415
4889
2976
2575
2535
2515
3196
2435
2405
2685
2525
3216
2625
2564
2425
2545
4839
2545
2495
2955
2465
3046
5260
2846
2554
3096
2354
2445
2425
2524
2665
2685
2565
2625
2484
2525
2445
2464
2465
2605
2434
2475
2615
2404
2454
2574
2866
2475
2825
2475
2495
2315
2364
2394
2424
2715
2355
2554
2695
2364
2224
2465
4328
2334
2354
2394
2735
2545
2515
2856
2555
2455
2524
2585
2795
2645
2685
2595
2635
2404
2565
5250
2805
5700
2795
2535
1814
2675
2564
2555
2735
2615
2475
2695
2595
2645
2635
2304
2435
2695
2746
2245
1863
2484
2685
2635
2164
2595
2715
2555
10119
2625
2555
1162
2295
2495
2444
2655
1964
2585
1683
2464
2245
1903
2354
1944
2434
2294
2615
2364
2474
1863
2605
2625
2485
2254
2665
2434
2765
2384
2464
2485
1814
2394
2374
2385
2454
2765
2444
2494
2625
2424
2945
2915
2445
2795
2585
2474
1933
2554
1864
2495
2685
2605
2605
2625
2665
2655
2384
2495
2334
2545
2795
2565
2465
2324
2464
2625
2295
2395
2584
2504
2535
2464
2555
2385
2375
2585
2595
2394
2555
2365
2395
2464
2405
2515
2665
2384
2635
2334
2635
2445
2565
2345
2505
2515
2385
4469
2435
2504
4118
2445
2534
2494
2385
2505
2645
4799
2675
2726
2224
2234
2625
2355
2856
5490
2394
2655
2444
2515
2564
2926
2465
2635
2405
2385
2655
2475
2605
4629
4789
2524
2826
2485
2585
2615
2575
3677
2385
1984
2625
2535
2344
2344
2676
2445
2615
2885
2375
2495
2595
2545
2886
2535
2615
2385
2705
2745
2324
2665
2725
1933
2545
2524
2695
2384
2424
2655
2775
2775
2294
2545
2715
2445
2745
2905
2264
2545
2294
2434
2555
2615
2535
2605
2675
2475
2805
2715
2565
2435
2425
2594
2845
2815
2695
2485
2535
2735
2004
2605
2685
2535
2465
2886
2504
4588
2725
2525
2394
3817
2595
2455
2574
2545
2625
2534
3647
2594
3256
2395
2735
2545
2505
2635
2485
2715
2575
2465
2595
2615
2675
2896
2444
2545
2325
2475
4238
2415
2455
2525
2635
2405
2845
2555
2735
2585
2555
2685
2545
2785
2555
2585
2544
2504
2444
2925
2585
2595
2494
2946
2405
2835
2414
3707
2234
2605
2505
2425
6803
2685
2465
3827
2545
2685
2796
2735
2524
2394
2395
2715
2505
2755
2545
2705
5350
2875
2685
2575
2635
2515
2695
2434
2736
2395
2555
2495
3737
2545
2795
2594
2665
2595
2605
2645
3747
2245
2534
2726
3527
2315
2956
2665
2806
2815
4668
3106
3026
2645
2615
2896
2825
2695
2855
2435
2655
2645
2615
2816
2455
2545
3457
2685
2715
2816
2484
2525
2915
2595
2324
2645
2545
2996
4799
3727
2785
2635
2835
2405
2504
2655
2585
2204
2485
2595
2806
2735
2505
1463
2544
2715
2705
2515
2635
2605
2605
2755
2574
2554
2384
2374
2444
2615
2455
2515
1804
2835
1843
2314
2485
2424
2605
2394
2385
2505
2585
2525
2625
2495
2605
2635
2445
2735
2665
2605
2244
2655
2365
2264
2434
2716
2584
2474
2254
1483
2335
1292
2234
1523
2485
1313
2344
1412
2384
1463
5320
1303
2255
1393
2385
2345
2535
2584
2355
2464
2254
2505
2295
2424
2264
4288
2525
2405
2404
2425
2605
2535
2314
2274
2494
2385
2274
2244
2304
2415
2304
2334
2765
3156
2404
2404
2595
2655
2575
2394
2324
2234
2445
2475
2334
2304
2565
2365
2435
2304
2275
2304
2464
2275
2445
2495
2325
2355
2525
2284
3877
2224
2295
2545
2244
2254
2595
2484
2274
2404
2355
2455
2655
2414
2414
2345
2515
2415
2254
2314
2264
2435
2534
2335
2395
2464
2485
2394
2414
2806
2605
2515
2425
2354
2374
2495
2495
2334
2685
2304
2384
2545
2434
2555
2485
2624
2305
2445
2364
2515
2365
2404
2665
2445
2555
2514
3667
2424
2254
2565
2574
2554
2484
2334
2665
2515
4990
2255
2565
1412
2364
1472
2505
1442
3847
1412
2334
1383
2505
1463
2345
1473
2465
1423
2465
1443
2234
1503
2355
1422
2465
1362
2315
1443
2444
1453
2545
1393
2485
1453
2485
1433
7504
1483
2515
1272
2675
1453
2254
1413
4869
1473
2585
7855
2555
2565
2284
2244
2365
2474
2315
2365
2334
2505
2285
2345
2425
2345
1342
2515
2444
2295
2354
2374
1322
2274
2525
2344
1322
2415
2244
2315
2545
2454
2455
2334
2394
2435
2445
2254
9057
4869
2435
2554
2584
26670
2475
2524
2415
2354
2485
2675
2445
4318
2264
2445
2344
2344
2245
2425
2304
2454
2465
2575
2314
2544
2244
2414
2655
2665
2494
2275
2725
2405
2375
2384
2325
2405
2515
2675
2544
2114
4388
2474
2515
2465
2285
2194
3086
2475
2384
2445
2365
2435
2465
2495
2304
2264
2224
2204
4439
2435
2675
2485
2444
2355
2495
3066
4769
2505
2244
2315
2494
2595
2405
2475
2325
2375
2415
2445
2204
2264
2425
2275
2375
2334
2746
6732
2434
2275
2444
2415
2345
2285
2304
4508
2234
2425
2395
2384
2144
2455
2444
2435
2234
2324
2204
2464
2254
2294
2415
2385
2374
2354
2455
5200
2535
2354
2515
2504
2275
2535
2515
2836
2474
2444
2355
2325
2264
2655
2354
2665
2304
2395
2625
2314
2364
2484
2385
2424
2324
2304
2525
2414
2325
2745
2255
2244
2385
2495
2385
2394
2455
2355
2294
2304
2294
2435
2385
2465
2505
2735
2525
2405
2334
2294
2435
2575
2395
2464
2324
2514
2274
2364
2645
2334
2335
2534
2395
2495
2495
2434
2494
2325
2405
2274
2495
2354
2365
2314
2354
2395
2595
4869
2184
2374
2084
2395
1353
2354
1313
2385
1322
2404
1412
2514
1202
2304
1292
2555
1283
2395
1443
2344
1183
2494
1413
2415
1302
2524
1253
2394
1232
2414
1373
2514
1233
4308
1353
2565
1252
2505
1272
2394
1272
2415
1322
2254
1273
2755
1232
2474
3035
2534
1443
2504
1844
2344
1203
2595
1302
2404
1312
2375
1282
2465
1282
2214
1282
2505
1262
2605
1382
2374
1382
2595
1262
2375
1392
2525
1202
2415
1242
2445
1202
2454
1243
2465
1373
2365
1253
2485
1243
2375
1232
2605
1272
2374
1323
2545
1293
3486
1263
2364
1513
2365
1412
2314
1433
2554
1373
2434
1402
2265
2344
2525
2495
2344
2435
2445
2334
2425
2304
2184
2304
2154
2384
2735
2455
2454
2405
2404
2334
2444
2345
2434
2294
2425
2454
2494
2535
2524
2565
2494
2225
2435
2695
2235
2354
2244
2505
2695
2404
2605
2404
4278
2385
2485
2384
2485
4619
8176
2505
2404
2425
2395
2355
2384
2534
2314
2465
2374
2725
2455
2354
2425
2444
2284
2355
2505
2404
2344
2334
2384
2204
2335
2374
2394
2324
2274
2325
2304
2425
2324
2164
2405
2405
2214
2424
2485
2324
2494
2395
2435
2444
2545
2485
2574
2705
2545
2345
2384
2415
2535
2725
2355
2354
2424
2295
2315
2415
2314
2415
2224
2424
2334
2424
2495
2655
2385
2355
2334
2545
2424
2645
5820
2334
2545
4638
2405
2305
2515
2575
2444
2434
2574
2615
2425
2405
2144
2335
2335
2525
2334
2495
2584
2315
2545
2425
2445
2615
2755
2314
2344
2455
2405
2364
2585
2494
2234
2495
2495
2274
2344
2384
2685
4859
2384
2505
2415
2325
2465
2324
2675
2424
2645
2335
2374
2625
2595
2494
2414
2444
2715
2575
2315
2194
2484
2554
2565
2514
2545
2615
2555
2775
2274
2454
2414
2585
2435
2445
2404
2485
2765
2395
5139
2535
2064
2504
2554
2565
1883
2615
1964
2575
1493
2575
1332
2294
1492
2314
1533
2624
1413
2605
1403
2635
1423
2374
1483
2665
1393
2374
1613
2245
1373
2505
1433
2515
1443
2545
1273
2394
1373
2505
1553
2315
1362
2465
1412
2635
1442
2465
1443
2374
1422
2605
1402
2475
1523
2515
1383
2635
1463
2315
1332
2294
1453
2425
1362
2565
1483
2454
1513
2315
1402
2585
1442
3958
1393
2205
1472
2344
1583
2235
1402
2585
1453
2374
1333
2334
1503
2535
1443
2675
1473
2344
1493
2464
1573
2415
1472
2264
1393
2455
1383
2204
1432
2344
1343
2525
1392
2425
1353
2444
1373
2545
1312
2274
1452
2455
1503
2434
1503
2424
1423
3667
1613
2434
1463
2615
1393
2535
1352
2294
1202
2514
1452
2325
1393
2445
1403
2334
1543
2295
2274
1382
2395
1413
2354
1473
2555
1463
2434
1443
2385
1473
2475
1774
2525
1863
2334
1523
2304
1372
4238
1493
2395
1373
2315
1283
2385
1393
2304
1403
2305
1403
2565
1353
2304
1392
2464
1392
2324
3055
2284
1703
2746
1493
2455
1543
2374
1463
2414
1452
2414
1443
2545
1363
2504
1443
4659
1402
2254
1382
2374
1393
2544
1493
2385
1493
2505
1382
3226
1433
2585
1502
2414
1423
2355
1372
2535
1453
2525
1382
2325
1362
2415
1353
2454
1392
2384
1392
2555
1473
2485
1232
2374
1292
2424
1413
2525
1412
2535
1583
2275
1443
2514
1393
2304
1432
2254
1452
2605
1372
2495
1383
2375
1413
2455
1563
2344
1362
2354
1463
2405
1433
2375
1513
2455
1393
2314
1523
2434
1332
2344
1453
2374
1433
2445
1373
2425
1483
2405
1392
2475
1402
2395
1422
2425
1452
2285
3406
2344
1383
2515
1372
2394
1543
2224
1353
2394
1433
2325
1372
4418
1212
2645
1182
2595
2485
2605
2214
2545
2555
2404
2374
2685
2474
2344
2404
2425
2464
2405
2395
4518
2355
2365
2485
2374
2385
2455
2555
2695
5150
2585
2515
2524
2444
2384
2495
2455
2365
2414
2404
2495
2274
2324
2414
2475
2374
2244
2394
2475
2375
2404
2525
2685
2395
2184
2404
2274
2415
2405
2505
2375
2474
2404
2575
2645
2254
2565
2445
2374
2264
2254
2696
2505
2464
2324
2305
2164
2525
2435
2435
2705
2665
2384
2305
2365
2494
2314
2264
2314
2304
2194
2374
2305
2494
2504
2535
2294
2314
2595
2294
2354
2324
2304
2395
2385
2525
4389
2265
2385
2344
2485
2304
2224
2364
2215
2224
2465
2385
2404
2565
2425
2374
3917
2455
2474
2525
2334
2494
2474
2464
2275
2274
2404
2455
2595
2414
2485
2404
2455
2344
2435
2294
2455
2525
2385
2224
2424
2405
2215
4559
2444
2505
2305
2274
2294
2204
2224
2305
2334
2394
2404
2284
2535
2354
2204
2324
2394
2284
2234
1413
2404
1402
2505
2575
2284
2374
2685
2485
2445
2655
2475
2795
2465
2585
2374
2454
2495
2605
2605
2515
2364
2515
2455
2515
2014
2395
2545
2485
2395
2355
2615
2545
2605
2474
2625
2545
2605
2525
2415
1773
2585
2605
2545
2515
2334
1823
2875
2625
2545
1783
2555
2665
2565
2374
2725
1784
2534
2545
2545
2505
2855
2454
2585
2425
1724
7444
4548
2334
5220
2505
2304
2635
2535
2504
1773
2515
1813
2695
2104
1844
2625
2324
2444
2595
2444
2836
2545
1813
2685
1883
2525
2194
2425
1723
2726
2605
2415
2435
2675
2474
2445
2826
2565
1794
2655
2514
2535
2515
2555
1773
2465
1814
2284
2515
2275
2845
2675
2645
2354
1383
2254
2264
2705
2274
2464
1873
2836
1773
2584
2655
2495
2504
1914
2554
2545
2535
2534
1913
2565
2505
2464
2665
2524
2605
2595
2535
2524
2395
2725
2425
2514
2465
1423
2294
7033
2385
2565
2534
2285
2605
2524
2605
2415
1362
2325
2565
1413
2505
2294
2395
2495
1763
2635
2575
2435
2424
2565
1803
2274
2575
1784
2384
2465
1884
2384
1833
2444
2365
2665
2365
3947
2405
2575
4698
2605
2395
2615
1783
2475
1714
2535
2485
2975
2455
2635
2445
2445
2716
2495
3787
2545
2435
2765
2395
2474
2374
2384
2364
2434
2515
2585
2305
2385
2425
2374
3236
2584
2765
2535
2564
2605
2404
2395
2575
2564
2334
4919
4518
2635
2174
2765
2444
2154
3447
2515
3446
2554
3467
2485
3367
2284
2344
3257
2655
2675
2424
2504
2474
2455
2534
2555
3316
2795
2746
2365
2495
2514
2464
2475
2484
2344
2495
2645
2575
2345
2515
2705
2545
2304
2725
2685
2715
2405
2615
4268
2535
2435
2464
2605
2524
2605
2755
2545
2895
2515
2465
2435
2675
2465
2515
2966
2354
2274
2655
2344
2455
2645
2484
2625
2725
2575
2434
2725
5891
2454
2325
2525
4057
2334
2365
3045
2255
4688
2455
2404
2414
2164
2395
2324
4528
2384
1643
2415
2224
3717
2285
2365
1383
2194
1323
2235
2064
2164
2404
2415
3456
2495
3106
1292
2334
1643
3356
2384
2325
3326
2144
2855
2395
2324
2475
2424
2304
2434
2224
3156
2043
2946
1903
2374
1693
2525
2284
3216
2305
3386
1764
2474
1693
3547
2304
2524
2184
3557
2976
2384
2625
2565
2555
2425
6252
2174
2244
2485
2365
2375
2645
2184
2234
2525
2224
2184
2545
2354
3526
2224
3497
2485
3266
2454
2855
2344
2284
2394
4388
2364
2545
2094
2775
2405
1653
3436
2395
2385
3997
2324
1754
2204
3336
4869
2255
2996
2284
3356
2234
2765
2434
2925
2445
2655
2545
2565
2534
2685
2364
3387
2555
3357
2264
2635
2455
2375
2375
2335
2345
2264
2234
2184
2265
2275
2214
2335
2114
2194
2174
2204
2114
2294
2234
2225
2244
2254
2144
2245
2255
2214
2304
2224
2214
2425
2154
2164
4518
2144
2144
2234
2264
2475
2255
2545
2325
4218
2845
2375
2525
2484
2344
2535
4899
2414
2755
2295
2405
2705
2395
2335
2524
2304
2475
2655
2114
2294
2515
2164
2605
2255
2355
2634
2294
2765
2225
1914
2345
2425
2334
2534
2485
2464
2404
1253
2635
2335
2384
2434
2445
1823
2415
1803
2395
2395
2565
2475
1683
2435
2515
2064
2315
2384
1823
2374
1794
2315
2325
5110
2274
1683
2304
2394
2404
