2053
2134
2404
2154
1914
1974
1924
1924
2064
2264
2304
2084
2235
2284
2114
2094
2044
2044
2104
2024
1924
2184
2335
2064
2124
2084
3276
2144
2054
2034
2274
2264
1984
2155
2044
2134
2144
2164
2104
2175
2154
2104
2034
2154
2144
2244
1973
2074
3777
2224
2154
2144
1953
2074
2174
2074
2044
2084
2194
1853
2114
1834
2044
2134
2084
1994
1944
1984
3727
2083
2064
1934
3386
2325
2064
2084
1954
2314
2043
2254
2114
2073
2124
2285
2264
2155
2144
2184
2254
2144
2084
1994
1934
2034
1894
1903
2154
1913
2044
2034
2204
1894
1483
1844
2064
1984
1673
2014
2044
2976
2124
2174
2084
1994
2485
2144
2254
2094
2104
2214
2124
2295
2845
2204
2174
2134
2124
2225
1964
1863
2014
2134
2104
1884
2104
2074
2094
2104
2254
2044
2194
2254
2915
2114
2244
2314
2244
2384
2054
3967
2064
2255
2093
2284
2124
1974
2184
1904
2084
2855
2274
2074
2094
1823
2114
2204
2255
2124
2094
1853
2284
2214
2234
2114
2224
2164
1974
2404
2124
1954
2044
2324
2165
1914
1954
2195
2204
2104
2124
2245
3227
2074
2063
3206
2104
2454
2364
2264
2054
2254
2284
2144
3055
2264
2265
4118
2224
2265
2354
2084
1883
2334
2114
2274
2104
2295
2214
2044
2114
3226
2284
3046
2275
2124
2034
2094
2214
2074
2214
2174
1983
2094
1914
2104
2264
2224
2144
2124
2214
2345
2234
2154
2034
2104
2264
2174
2304
2585
2074
2254
2364
2134
2195
2224
2385
2014
2104
2244
2264
2124
2595
2003
2185
4949
2144
2234
2144
2174
2114
2205
2424
1894
2124
2164
2114
2204
2355
2134
2174
2294
2024
2265
1974
2244
2255
2124
2054
2334
2094
2084
3016
2124
2434
2154
2625
2094
2144
2365
2174
2285
2334
2264
2064
2414
2094
2224
3035
2054
2825
2154
2205
2104
2224
2165
2244
2465
2245
2204
2104
2154
2154
2024
1984
2445
2244
2094
2205
2254
2195
2344
1894
2074
2084
1904
1943
1994
2375
2184
2104
2024
1954
2184
1743
1984
2074
2084
2835
2314
2274
2164
2104
2134
2255
2034
1993
2084
1914
2004
1903
2084
2244
2154
2154
2094
3025
2294
2104
2034
2204
2084
2184
2134
2154
2064
2124
2134
2124
1973
2114
2114
1894
2154
2094
2384
2184
2154
2284
2104
2124
2254
2194
2134
1964
2124
2855
2234
2094
2063
2294
2054
2024
1894
2134
2304
2215
2024
2124
1874
2124
1994
1934
2164
2204
2375
1563
2194
2094
2034
4849
2314
1913
1924
2074
2134
2144
2244
2224
2024
2234
2064
2304
2225
2093
2284
2275
5810
2154
2054
2024
2364
2054
2224
2144
2184
2094
2164
2134
2134
2094
2274
2104
2154
2364
2094
2184
2204
1933
2164
2184
1994
2134
1994
1994
2214
2485
1963
2204
2094
2214
2274
2114
1834
1933
1844
1813
2124
2074
2455
2074
1653
2164
2094
2415
2114
2044
2034
1964
1964
2033
2023
1984
1743
2074
1734
2073
2034
2084
2255
2044
2154
2064
1963
1733
2214
2114
1874
2164
1633
1533
1693
2164
1623
1933
1884
1553
2114
1563
1483
2054
1643
1944
1984
1853
1673
2244
1653
1262
2024
1703
2224
2154
2054
2074
1994
1994
2114
2134
2034
1983
1994
1663
2054
1654
2114
2064
1472
2124
2324
1743
1112
2284
1473
2074
2264
1664
1563
2254
1823
2144
2305
1603
1523
2194
1653
2144
1664
1643
2054
1463
11011
1533
1583
1483
2114
1493
2134
2164
2194
1503
2134
1673
1473
2264
1643
2084
2064
1072
2174
1603
1192
1493
2014
1523
2024
3086
1713
1533
2084
1823
1924
1984
1583
1653
2214
1572
2043
2195
2124
1523
3457
1172
1953
1503
1914
1894
2364
1763
2344
2144
1593
2104
2364
2134
1172
1713
1523
2244
1623
1903
2274
1724
1643
2054
1633
2144
2144
2174
1473
2064
1173
2274
1203
1763
1142
1963
1653
1964
1643
1133
2074
1643
2154
1633
1633
1493
2254
1714
2154
2174
10810
1673
1513
2094
2184
1924
1162
2124
1613
1233
1994
1653
2144
1603
2144
1683
1603
2184
1773
2114
1653
1664
2124
2535
1543
2034
2174
2084
1794
2164
1934
2265
2044
2164
1523
2064
1864
3817
2174
1903
2465
1623
1894
2124
2124
2224
2344
2174
2164
2184
2114
2404
1913
1984
2144
2013
2043
2214
3076
2043
2124
1954
3597
2304
1993
2245
2104
1884
1973
2044
2104
2144
2094
2064
2184
2064
2165
2264
2024
2284
1944
2004
2034
2154
2194
2114
2124
1994
2064
2295
2174
2244
2164
2184
2305
2034
2114
2043
2224
1984
2004
2034
2114
2054
2184
2184
1984
2043
2024
2054
2144
2194
2074
2254
1884
2004
2184
1903
1984
2114
2154
2144
1683
2094
2234
2044
2134
4448
2114
2024
1933
1643
1953
2074
2084
2244
2394
2284
2314
2034
2154
2244
2144
2244
2315
2214
2374
2114
2335
2154
2184
2164
2053
2104
2094
2635
2224
2094
2204
2124
2004
2174
2094
3136
2294
2064
1863
2144
2053
2244
2013
2214
4528
1904
2084
1893
2114
2104
2124
2165
1954
2124
2064
1893
2094
1913
2064
2054
1993
2204
1884
2214
2023
2154
1924
2114
2154
2144
2104
2154
2144
2064
2064
2404
2174
2144
2134
2084
1973
1863
2154
2094
1883
2384
1803
2014
1983
2134
2134
2134
2054
2204
1974
2114
2074
2285
2114
2154
2063
2114
2194
2074
2154
2093
2134
2214
2024
2084
2134
2154
2074
2084
2053
1953
2104
2154
2214
2004
1914
2244
1883
2084
2164
2014
2044
1984
2114
3367
1854
2144
2134
2134
2194
2064
4709
1953
1953
2114
2154
2034
2174
2044
2094
2134
2154
2174
2083
2184
2384
2134
2234
1483
2083
2054
1483
1894
2184
1844
2134
2174
2285
2144
2104
2345
2245
3317
2154
2164
2245
1944
2304
2034
2094
2184
2024
2094
2134
2164
2063
2014
2244
2144
2074
2144
2184
3577
2334
2084
2194
2254
1944
2214
2294
2074
2184
2074
1953
2114
2194
2234
2124
2184
2124
2235
2104
2084
2054
2134
1964
1954
2003
2044
2023
2104
2104
2214
1643
1994
2084
2114
2144
2064
1944
2004
2014
2074
2004
1994
2074
2084
2154
1954
2043
2255
2084
2113
2284
2044
2184
2224
2214
2084
2094
2215
2414
2254
2164
2194
2154
2194
2124
2164
2214
2004
1903
2174
2104
1583
2235
2114
1653
2104
2304
2144
1583
2214
1543
2174
2174
2154
1553
2134
1492
1914
1903
2124
1864
1934
1983
2554
2054
1994
2124
2043
2265
2174
1863
2064
2064
2184
1563
2234
1523
2184
2214
2304
2375
2194
2054
2214
1563
2034
2074
2114
2034
1563
2264
2224
1513
2104
2234
2254
1923
2074
1924
4528
2033
1984
2004
2184
2295
2164
2084
1984
2053
2084
2044
1613
2114
1512
2114
2184
2305
2114
2354
2214
2544
1954
2144
2144
2184
2074
2124
2174
2224
2054
1984
2084
2114
2134
2255
2124
2184
1973
2215
2344
1954
2134
2114
2385
2325
2104
1923
2083
2214
2314
2104
2155
2305
2023
2114
2084
2244
4028
2004
2034
2234
2124
2224
2264
2174
2084
2224
2114
2224
2164
2144
2084
1913
2084
2144
2254
2014
2514
2294
2104
2184
1924
2245
2134
2074
2154
2164
2384
2074
2124
2023
2014
1934
2284
1923
2094
2084
2184
2124
2093
1883
2054
2144
1963
2114
2124
2164
2164
3606
2154
2124
2114
2104
2305
2073
2084
2104
2235
2185
3807
2224
2174
2174
2114
2124
2074
2314
2094
2295
2064
3767
2024
2114
1933
2254
1903
2024
2284
2104
2154
1944
2124
2134
2145
2074
2164
2164
2304
2084
2084
2154
2415
2003
2244
4378
2054
2083
2374
2154
2184
2225
2124
2295
2094
2195
2374
2355
2004
2044
2124
2074
2234
2324
2154
2114
2224
2224
2374
2294
2114
2134
2274
1973
2144
2174
2104
2154
2044
2334
2675
2224
2154
2154
1913
2054
2064
2295
2164
2254
2094
2164
2004
2004
2265
2355
2224
2104
2174
1904
1934
2014
1874
1503
2364
2114
1513
2144
2194
2214
2425
2374
2124
2134
1924
1463
2103
2124
2194
2214
2164
1673
2475
1613
2154
2244
2185
2234
1533
2204
2214
2044
1753
2204
1733
2214
2164
1994
1834
1153
1683
2194
1162
2074
1854
2074
1943
2004
2184
2134
1964
2034
4058
2014
2054
2615
1924
1984
1993
2064
2194
2054
2134
2244
2033
2114
1974
2174
2204
2154
1853
1864
2044
2144
2144
2264
2475
2134
2124
2024
2034
1954
2144
2434
2054
2425
1993
2185
1994
1904
2164
2093
2134
2495
1953
2074
2043
2054
2094
2184
2235
2124
2154
3036
2074
1493
3096
1943
1573
1724
2034
1673
2175
1473
1974
2154
2034
1703
1973
1683
1974
2195
2024
2154
1974
2114
2414
2264
2044
2074
2164
6452
2014
1873
2184
2204
2204
2084
2164
2174
2194
2084
2244
2114
2304
2094
2124
2124
1994
2124
2084
2144
2104
2144
2064
2224
2354
2535
2154
2244
2124
2144
2094
2084
2194
2224
2214
2124
2184
1893
1984
2294
2064
2094
2023
2415
2194
2184
2024
2124
2374
2134
2013
2054
1883
2164
2013
1933
1954
2164
2215
2205
1964
1883
2003
2184
2144
2234
2054
2265
2294
1934
2074
2014
2033
2104
1934
2054
2215
2044
2034
2084
2325
1893
2194
2144
2184
1993
1944
1953
2264
2305
3937
2094
2044
2094
2255
2104
2134
2154
2114
2164
2044
2104
1963
2014
2114
1684
2134
2034
2174
2134
2185
2144
1974
2214
2244
2224
2134
2354
1923
2154
2164
2034
2114
1993
2024
2264
2204
2264
2245
2084
1914
1913
2164
2254
2114
2214
1923
2064
2084
1723
2074
2214
2124
2174
2194
2004
2084
2144
2184
2154
2224
2114
2134
2184
4949
2204
2013
2054
2024
2094
2204
2354
2154
2314
2004
2144
2404
1914
1943
1933
2194
2094
2084
2214
2174
2204
2084
2124
2124
2174
2134
2224
2164
2134
2084
2164
2074
2234
2134
4028
2424
2154
2264
2084
2084
2324
2415
2124
2214
2265
2124
24335
2104
2124
2074
2285
2164
2284
2184
2124
2104
2205
2274
2084
2314
2054
2134
2154
2234
2304
2154
1994
1994
2024
2184
2084
1953
2084
1933
2284
1904
2064
2144
2145
2164
2124
2104
2044
2134
2164
2154
1923
1963
2033
2124
2094
1904
2214
2194
1884
2094
2154
2114
2104
2084
2254
2205
2164
2094
2074
2074
2385
1984
2134
2144
2114
2215
2154
2184
2024
2164
2164
1974
2044
2866
2154
2285
2084
3256
1874
2965
2114
2294
1944
1994
2044
1964
2184
2124
2244
2234
1913
1933
2054
2044
2195
2174
1903
1914
2154
2174
2024
2044
2164
2063
1983
4919
2174
2003
2154
1924
2054
2114
1934
2034
2134
2144
2265
2074
2054
2084
2004
2254
2084
2034
2114
2154
2205
2074
2144
2245
2144
2134
2084
2154
2515
2154
2034
2275
2104
2205
2044
2074
1954
2154
2134
2244
1974
1282
2204
2234
2154
1944
2174
2364
2465
2294
2354
2064
2214
2214
2134
2434
2024
2415
2154
2124
2074
2274
2404
2174
2074
2174
1894
2144
2134
2254
2455
2214
2164
2134
2144
11442
2064
2094
1963
2265
2264
1983
2104
2284
2194
2024
2305
2294
2124
2264
2244
2305
2194
2345
2114
2204
2084
2134
2304
2194
2134
2064
2124
2124
2165
2114
2294
2024
2124
2325
1974
2184
2054
2064
2214
2113
1633
2063
1934
2104
1834
2034
2114
2104
2134
1994
2064
2084
2194
2114
2174
2154
1914
2245
1913
2124
2154
1994
2134
2124
2134
2285
2124
2285
4098
2014
4298
2074
2034
1893
1884
1503
1883
2204
1903
1923
1903
2284
2244
2154
2244
2054
2415
2324
2093
2044
2033
2805
2235
1863
1714
2274
1522
2285
1914
1934
2144
1894
2014
2254
3496
2194
2414
2094
2355
2244
2184
2254
2274
2093
2054
1964
2014
2094
2074
1883
1944
2074
1754
2044
2184
1873
2104
1884
1934
2084
2074
2114
1954
1923
2144
2124
1964
2034
2504
2344
2214
3507
1964
2134
2124
2505
2174
2234
2123
2164
2385
1913
2074
2264
2124
1994
2144
2144
1904
2325
2024
2214
2063
2304
2274
1894
1853
2194
1994
2264
2044
2314
2244
2094
2154
2044
2144
2264
2174
2244
2294
2214
1944
2274
2325
2224
2084
2113
2164
2124
2204
2285
2274
2364
2304
1503
2104
2093
2043
2324
1483
2234
2314
1944
1963
1623
2134
2154
2023
2134
2475
2214
2064
2194
2204
1864
2114
2254
2195
2264
2014
5540
2244
2224
2084
2124
1934
1893
1893
1924
2104
2013
2314
2073
1974
2073
2836
2014
2124
2205
2294
2344
2054
2104
2274
2124
2114
2325
2134
2054
2104
2144
2084
2124
2074
2224
1893
1963
2304
2114
2044
2234
2064
2154
2104
2164
2044
2204
2184
2304
2414
2174
1924
2053
2074
2304
1933
1984
1964
1884
1963
2174
1913
2044
2084
2254
2224
1934
1874
2154
2204
2004
1943
2154
2214
1894
1953
2124
2003
2244
1994
1964
2114
1944
1933
2124
2134
2114
2285
2214
2134
2224
2265
2124
2174
2144
2164
2133
2084
2164
2144
2244
1994
2214
2445
2214
1993
2154
2184
2154
2184
2274
2164
2104
3707
2094
2124
2074
2104
1834
2014
1492
2124
1503
2144
2103
1994
1873
2394
1523
2164
2154
3186
2114
1643
2084
2254
2304
1994
2134
1513
2234
2275
2064
1813
2124
1503
2274
2225
2144
2054
2134
5119
2435
2074
1533
2174
1523
2415
2244
2224
2104
2124
2074
2174
2214
2064
2304
2304
2214
2134
2265
2265
2114
2285
2395
2164
2344
2094
2124
2144
2344
2054
2294
2033
2164
2224
2194
2104
2134
2364
2184
2064
2034
2164
2084
2205
2034
2034
2084
2054
2304
2255
2164
2425
2224
2084
2335
2234
2074
1963
2074
2164
2304
3516
2324
2214
2195
2174
1883
2154
2324
2214
2114
2134
2325
2214
2114
2074
1954
2184
2134
2104
2204
2124
2154
2195
2124
2164
2154
2255
2074
2254
2264
2204
2324
2324
2204
2214
2073
2104
2294
2184
2084
2194
2074
1493
2014
2204
2194
1884
2034
2194
2124
2104
2214
1993
1833
1974
1924
2425
2154
2214
1894
2164
2234
2174
1974
2004
2194
1963
2064
2195
2034
1874
1864
2184
2184
2184
2023
2014
2094
2174
2144
2155
2134
2164
2014
2093
2154
2094
1923
2144
2024
2334
2063
2134
2124
2094
2034
2134
2073
1914
2104
1953
2053
2044
2214
2044
2194
2033
2104
2214
2054
2104
2134
2144
2094
1924
2134
4729
2014
2044
2244
2084
2114
1984
2374
1994
2034
2053
2134
2024
1984
2004
2154
2094
1853
2224
2044
2003
2184
1884
2124
2034
2114
2736
1713
2054
2175
2084
2034
2054
2084
2175
2014
1973
2033
2013
2023
2074
2114
2084
2284
1874
1924
1113
3015
1462
2014
1944
2094
1954
2285
1964
2425
2204
2335
2154
2334
2174
2194
2054
2054
2064
2074
2044
2033
2084
2053
2144
1954
1082
2054
1974
2174
2034
1994
2175
2034
2104
2053
1994
1994
1463
1894
2124
1563
1893
2124
2174
2014
2104
2164
2124
2074
2214
1573
2043
2164
2204
2134
2063
2134
1452
1994
2103
1944
2054
1934
1443
2144
1944
2044
2054
2044
2164
2154
2064
2034
2184
2034
2054
2024
1503
2043
1483
1854
2083
2134
2164
2094
1503
2083
2053
2164
1613
2064
2043
2194
1884
2044
2034
2034
1773
2084
2124
2003
2054
2315
2074
2104
2174
6081
2043
2144
2044
2034
2084
2003
6722
2054
2244
2224
2063
2094
1974
2194
2063
4379
2164
2064
1964
1874
1834
4689
2234
2244
1963
1953
2104
2044
1793
2083
2044
2324
1953
2094
2124
1854
2354
1864
1984
2265
2134
2364
2254
2044
1993
1933
2314
1893
1883
2264
2043
2254
2254
1854
2104
2084
2013
1993
2034
2043
2304
2324
2064
1864
2174
2064
2305
2174
2014
2134
2144
2094
2134
2284
2044
2064
2354
2074
2074
2224
2325
2034
2054
2174
2024
2114
2154
1874
2084
2094
2024
2024
1963
2144
2104
1984
2064
2003
1994
2174
1603
2044
2084
1974
2074
2314
2054
2044
2094
1823
2124
2114
1934
2074
2024
1964
2044
2315
2064
2174
2034
2044
2175
2134
2123
1883
1994
1994
2274
1964
2034
2013
1953
2054
2124
2094
1833
2184
2164
2094
1994
1944
2084
1974
1994
2024
2154
2054
1964
2013
2164
2034
2044
2195
2034
2043
1984
2064
2184
2154
2144
2024
1983
1994
2084
5431
1763
2043
2114
2645
2054
2184
2004
2175
2304
2064
2114
2174
2004
2043
2094
2054
2124
2144
2054
2034
2004
1964
2154
1863
1984
1934
2134
1884
1843
1954
2114
1122
1933
1974
1934
1142
5310
1092
1983
2325
2204
2094
2123
2043
2325
2335
2034
2074
2355
2003
1843
2064
1944
2024
2294
1924
1903
2104
1923
1703
1934
2174
1923
1903
2124
1563
2224
2284
2064
2164
2164
2264
2044
2235
2054
2034
1893
2054
2064
2094
1994
1974
2024
1944
5220
1823
1893
1924
1984
2034
2064
1994
2044
2134
2013
1973
1954
2074
2124
2195
1863
2154
1954
1924
2004
2174
2014
2185
2044
2024
1974
2014
1893
2024
1994
2084
2024
2053
2083
2214
12965
1984
2014
1943
2044
2044
2194
2084
2023
2134
2033
2245
2194
2024
2164
2164
2064
2064
1954
2174
7063
2014
2184
2214
2194
2124
2355
2144
2034
2185
1834
2164
2194
2184
5450
2164
2455
2044
2134
2124
2144
2154
1934
1132
2244
1132
2154
2245
2024
2264
1864
1593
2204
1422
1943
2165
2044
2445
1623
2044
2344
1974
2174
2194
1683
2094
1403
2235
2104
2013
1693
2073
1462
2074
5029
2054
2094
2034
4058
2204
2094
2044
1563
2164
1442
2114
1994
2164
2044
4278
2134
2235
2024
1463
2315
1483
2064
2175
2074
1513
2034
1463
2074
2104
2094
2094
1453
1573
2124
1983
1983
2024
2044
1983
2344
1974
2034
2084
2044
2094
2215
2074
5160
2044
2054
2144
2124
2084
2114
2004
1873
2084
1974
2044
2044
1844
1974
2034
2145
2014
2164
2184
2134
2104
2114
2154
2114
2064
2215
1893
1853
2003
1603
2064
2124
2044
2004
2214
1373
1583
2335
1973
2054
1823
1984
2104
2084
1843
1833
2093
2214
2004
2134
1924
2013
2174
2003
2033
2073
2044
1973
2064
5871
2044
1994
2174
2053
2034
2294
2103
2264
1913
2044
2053
2164
2244
1814
2014
1924
2335
1964
2044
2043
2054
2014
4579
2355
2314
2285
2054
2024
2244
2014
2054
1873
2044
2023
2224
1853
2124
2024
1964
2044
2014
2094
2024
2164
2134
2024
2264
2315
2204
2064
2124
2314
2044
2224
2024
2054
2053
2164
2255
2084
2214
2003
2394
5571
1973
2094
2164
2335
2124
2114
5841
2104
2304
2054
1984
2114
2104
2124
2084
2134
2084
2044
2094
2214
2174
2204
2054
2014
2043
2054
2014
2104
2104
2014
1974
2174
2064
2074
2184
2074
2094
1954
2003
2064
2254
2244
2134
2074
2154
2275
2084
2134
2054
2134
2164
1993
1944
2154
1963
1963
2043
2214
2184
2034
1974
2084
2124
1994
2014
2064
2174
2184
1994
2014
2094
2254
2164
2014
2014
2034
1983
2284
2024
2054
2014
2004
2084
2124
2013
2074
2225
2064
2024
2224
2033
2204
1984
2204
2184
1994
2104
2224
5460
2094
2064
2264
2053
2034
2154
1954
1993
1864
2043
2114
2174
1934
1924
1994
2084
2294
2345
1913
2024
2064
2274
2044
2124
2174
2004
2064
2234
2093
2114
2194
2074
2043
1894
2094
2044
1873
2004
2104
2114
2274
1963
2224
2034
2144
2134
2014
2054
2184
1974
2053
2084
2204
1944
2024
2124
2034
2083
2034
2124
2064
2144
2164
2023
1984
2185
2094
2064
2275
2024
2064
1994
6623
2024
2043
2014
2023
2174
2074
2154
2054
2134
2034
2024
2164
1964
2064
2013
2144
2114
1834
1863
2034
2174
2034
2044
2094
2014
1853
1933
1994
2034
2144
2084
1813
1844
1953
1833
1843
2023
1813
2194
1823
2044
1764
1863
2083
2064
1934
1834
1833
2083
2214
1913
1964
1884
1863
2024
1914
2054
1843
2114
2154
1824
1963
2054
2094
2013
1803
2073
1944
1984
2024
2144
2144
2104
2205
2274
2134
2164
2114
2024
2164
2194
2034
2063
1943
2064
2244
2024
2084
2034
2365
1954
2034
2154
2054
4549
1833
2084
2054
2394
2134
2064
2094
2054
1964
2345
2294
1964
1894
2004
2024
2064
2114
2184
2054
2204
2154
2134
2044
2164
2154
1914
1954
2194
2154
2004
2144
2104
2074
2064
2134
2014
2194
2014
2004
2134
2034
2024
2053
2014
2083
2084
2164
2164
2134
4508
1974
2204
1944
1903
1964
1983
1984
2195
2024
2094
2184
1913
2164
2134
1994
2144
1994
2003
2104
2034
1884
2054
2184
2164
2024
2084
1964
1964
2004
2414
1944
2404
2044
2144
2003
2064
2023
2104
2174
2374
2104
2004
1984
2024
2054
2164
2024
2034
2274
2164
2064
2124
2053
2314
2024
2023
2093
2254
2144
2034
2184
1993
2034
1944
2194
2104
2024
2124
2064
2023
2114
2074
2104
2274
1994
2084
1984
1843
1863
2365
2094
2264
1903
2064
2264
2043
2144
2144
3817
2104
2024
2244
2094
2444
2064
1934
2023
2354
2184
1984
2034
2314
2094
2404
2084
1934
2084
1854
2014
2063
2034
2034
2344
2114
1983
2004
3907
2024
2114
2024
8486
2184
2064
2134
1894
2124
1963
2084
2184
2124
1993
2305
2054
1983
2224
2114
2054
2154
2094
2104
2033
2145
2345
2004
2114
2124
2044
2134
2024
2194
2214
2805
1964
1893
2104
2144
2114
2004
2024
2154
2044
2114
2034
1933
1984
2214
6292
2023
2204
2214
2134
2966
2064
2815
2013
6432
2124
2014
2013
2394
2134
1853
1913
1904
2004
2154
2194
2675
2124
2064
2294
2404
1984
1884
2004
2024
2054
1883
1874
2134
2064
2064
2114
2164
2004
2064
2164
2194
2104
2024
2014
1934
2004
2124
2164
1974
2034
1994
1933
1784
2254
2034
2214
2174
2074
2044
2275
1934
2195
2204
2044
2043
2023
6833
2024
2114
2154
1984
2184
2305
2013
2495
1934
2244
2124
1953
2174
2004
2164
2024
2093
2335
1453
2023
2124
2084
2174
1442
2034
2184
2013
1563
2123
2074
1493
2043
2154
2094
2134
1472
1994
2114
1884
1904
2254
1423
1964
2134
2014
2094
4809
1984
2084
2154
1864
1903
2023
2064
2054
2124
1834
2124
2124
2084
1543
2264
1453
2174
2194
2114
2084
2073
1573
2104
1453
2084
2144
2043
1523
4779
1432
2064
2134
2054
2084
1413
2094
2014
4398
1964
2224
1463
2064
2054
1954
2154
2124
2114
2044
2054
2074
2074
2024
2054
1874
2013
2154
2074
2024
2154
2124
2294
2004
2084
2184
2014
1994
2165
2184
1904
2084
2244
2174
2334
2144
2043
2014
2134
2164
1944
2225
2204
1934
2084
2315
2264
1993
1412
2194
2234
2294
1212
2004
2936
1252
1423
2044
1644
2485
2024
2094
2325
1753
2054
1783
2074
2114
1893
2084
1463
1583
1983
2024
2204
1664
2184
2234
2304
2104
2385
2084
2154
2044
2144
2074
2184
2164
2134
1994
2114
2164
2064
2214
2083
1994
2204
2305
2194
2134
2214
2054
2034
2184
2094
1453
2174
2054
2034
1623
2064
1803
1943
2094
1994
2134
2214
2034
1462
2174
2044
1472
2144
2174
2164
2083
2154
2185
2084
2184
2184
2033
2224
2164
2144
5290
1994
2325
2334
2244
2344
2064
2245
2063
1413
2194
2254
2174
1973
1473
2134
1442
2023
2254
2074
1693
2074
1963
2164
1503
2034
2023
2023
2314
2074
1443
2094
2434
2044
2294
2325
2375
2234
2364
2294
2345
2094
2114
2154
2134
2154
2054
2124
2064
2054
2054
1984
2024
2104
2074
2134
2074
2154
2094
2074
2254
2144
2184
2024
2184
2124
2114
2134
1964
2024
2164
2134
1994
2154
2274
2004
2064
2154
2054
2074
1593
2134
2034
2074
1993
2094
2184
2164
2044
2034
2014
1994
2275
2174
2174
2064
2104
2194
1923
2244
2164
2114
2174
2124
2134
2104
1914
1984
1934
4228
1964
1984
2014
1974
1954
1923
1904
1884
1994
1983
2245
1964
1943
2094
2074
2104
2023
1984
1993
1964
1904
2184
1943
1963
2003
2054
1934
1914
1944
1994
1983
1974
1984
2094
2114
1954
2004
1954
2124
2014
1973
1994
1963
1974
2014
1974
1853
1924
1964
1944
1934
1903
1994
1993
4038
2074
2053
2034
1954
1974
2194
2094
1904
2184
1843
1983
2174
2064
2063
2134
1953
2063
2074
2244
2204
2124
2114
1953
4308
1874
1833
2043
1913
1954
2064
1944
2024
2034
2154
4348
2064
2064
2014
2104
2064
1844
1883
2104
2014
2194
2134
1934
1843
2054
2104
2144
2124
2013
2094
1993
2054
1864
2044
2034
2034
2063
2314
2073
1963
2184
1874
1973
2074
2044
2154
1974
1834
2063
1984
2114
1854
1964
2034
2054
1883
1964
2024
2064
1983
1824
2264
1953
1993
2134
1954
2134
1854
1984
2274
1803
1903
1853
2014
2004
1894
1943
1844
1864
1963
2044
1994
1953
1804
1994
1913
1853
1783
1933
2003
2074
2094
1903
2034
1964
1924
1864
1934
2043
2033
1944
1863
2003
1914
1994
1813
2013
1923
2244
1873
1943
1993
1873
1954
2034
1904
1883
1854
2044
1843
1964
2034
2054
1963
1823
1883
1994
1824
1894
1944
2044
2214
1974
1884
1874
2174
2023
1963
1953
1854
1863
1983
1853
1873
1914
1552
2004
1423
2254
1953
1452
2093
2043
2084
1973
1523
2024
2064
2064
1944
4258
1633
1954
4318
2104
2033
2004
2004
1513
2184
2164
2214
2014
1482
2074
1953
1994
1893
2094
2064
1864
2044
2174
1954
1282
1082
1924
1082
2194
2013
2114
2054
2144
1123
2033
2044
2204
2194
1723
2054
1914
2114
1954
2134
2084
2003
1103
1643
1463
1112
1973
1944
2094
2405
1162
1924
2215
2023
2004
1854
2033
2064
2114
2195
2074
7204
2204
2063
2294
1984
2875
1954
1803
2044
2225
4469
1903
1924
2033
2184
4358
2024
1863
1934
1923
2244
2104
3417
1894
2194
2034
2174
2024
2224
2215
2013
1974
1853
2054
1964
2074
2204
2064
2154
1964
1874
2004
2114
2244
2164
1933
2044
1873
2164
2044
2124
2014
2164
2124
2054
2114
1954
2003
1913
2044
2014
1954
2014
2215
2014
2054
1864
2114
2064
1794
1824
2024
1984
1843
1914
2024
1863
2164
2124
2164
2044
2114
1974
2044
2074
2174
2044
2184
4539
2084
2335
1874
2134
2004
2144
2033
1853
1934
2134
1964
2144
1873
2044
2104
1843
1973
2023
1894
1843
1914
1974
2034
1954
1894
2244
2184
1874
1963
2034
2175
1904
1864
2054
2084
1874
1854
2104
2094
2014
2033
2024
1853
2064
2274
2004
1984
1883
1814
2184
1964
1994
2054
1954
2104
2033
1903
1824
2124
2013
2003
1824
2174
1773
1923
2174
2154
2365
2014
2034
1963
2104
1894
2925
2114
2245
2054
2905
2074
1964
1914
1974
1934
2014
2014
1984
1934
4368
2084
2034
2024
2064
1964
2655
1914
1903
1984
2124
2094
1934
2094
2064
2013
2104
2054
2154
2154
1864
1894
2054
1913
2044
2064
2194
2144
1934
2014
2034
2084
1483
2144
2174
1994
2043
2093
1814
1914
1863
1994
2114
2124
2034
1864
1853
2044
1973
2916
2053
3026
1914
1914
1954
1914
2074
2986
2114
2064
2074
12203
2004
2144
1993
2124
2154
3056
2074
2004
1804
1914
3006
2004
1803
1933
2154
2094
2053
2054
4910
2083
2044
2154
2104
1924
1903
2144
2014
2204
2184
1994
2164
2154
2274
1993
2044
3015
2355
2094
2074
2224
1964
1904
2114
4368
2044
2284
2084
2074
2084
2224
2084
2224
1984
2084
2014
2074
2113
2044
2295
2034
2043
2294
2184
2264
2074
2054
2083
2004
2114
2084
1973
1953
2204
2014
2164
2225
1974
2114
2024
2023
2294
2104
2334
2204
2134
2164
2124
2154
2174
1964
2044
2174
2094
3406
1973
2845
2044
2094
1854
2044
2014
2164
2244
2985
2024
2103
2345
1883
2014
1984
2235
2024
2023
1933
1994
1453
1863
1974
1994
1873
1914
2145
2154
2194
2214
2074
2024
2214
2154
2395
2174
2164
2224
2124
2114
2184
2134
2134
2054
2013
2204
2114
2044
2134
1984
2054
1974
2134
2224
2064
2074
2054
2024
1953
2053
2174
2214
2164
1923
1994
2084
2214
1993
1793
2124
2184
1983
1813
2043
1994
2254
2074
2214
1854
2024
2054
1833
2054
1843
2074
2014
2014
2154
1903
2084
1973
1954
2144
2014
2004
2384
1964
2144
2184
2114
2164
2034
2174
2144
1903
1913
2144
2164
2144
1873
4458
2174
2064
2054
6272
2174
2034
1423
1974
2244
1954
1212
2054
1904
1924
4989
2074
2054
2264
1863
2054
2074
1813
2295
2074
2114
1803
2184
2284
2124
1974
2304
2034
1984
2134
2144
2134
2304
2294
2034
2234
2184
2013
2054
2154
2014
2044
2034
2074
2034
2033
2174
2014
2044
2043
2314
2325
2094
2084
2033
1843
2264
2365
2185
2124
1994
2155
2224
2044
2234
2164
2004
2134
2184
1963
2014
1984
2274
2355
2053
2114
2014
2124
2204
2014
1883
2054
1963
1934
2064
2124
1964
2014
2044
2084
2084
2255
2054
2113
2174
1984
2194
2174
3035
2084
2023
1983
2164
2064
2255
2174
2014
2184
2084
2194
2154
2044
2154
1733
1943
2044
2124
2054
2194
1803
1994
1993
3146
2064
1984
1783
1924
2875
2014
1993
2033
2104
2235
2004
1953
2024
1944
2024
2224
2214
1944
2054
1964
2154
2054
2084
2164
2054
2044
2114
2034
2154
2054
2044
2164
2074
2034
2154
1904
2044
2044
2285
2044
2044
4419
1903
1933
2164
1933
2014
2205
1843
2023
1964
2184
1974
3126
2174
2053
2174
2214
2134
2074
1893
1943
2033
4499
2265
2164
2194
2214
2274
1974
2134
2084
2204
2164
2084
2204
2064
2053
2214
1974
2054
2034
2775
2194
2174
2164
2104
1894
1954
1934
1994
2224
2154
2154
2725
1984
2184
2074
2104
2033
2725
8917
1953
1853
2083
1924
2134
2134
2004
2324
2284
2044
1844
2154
2324
2033
2054
2204
2063
2104
1793
2144
2314
2054
2004
2093
2074
2034
2014
2034
2094
2174
2184
2084
2043
2034
1503
2305
2104
2224
1963
1453
2184
2294
2034
2084
1974
2164
2054
2154
2204
2064
2074
2034
4518
2124
2054
2124
2184
2064
2014
2044
2124
2174
3858
1994
2094
2094
2114
2034
2094
2134
2033
1974
2184
2024
2064
2215
2054
2214
2144
2044
1944
2053
2054
1442
2185
2084
2004
1943
1804
1843
2234
1953
1923
2264
1994
2013
2043
2274
1963
1943
2134
2044
2074
2235
2104
1974
2024
2154
2134
1954
1953
1984
2064
4839
1844
2043
2184
2255
2024
2024
2134
2083
1993
1983
2084
2044
2044
1943
1873
2084
1964
2064
2044
2164
2114
2375
2154
2124
2154
2214
1943
2294
2104
2083
2334
1934
2144
2013
2044
2184
2024
2154
2063
1492
2124
2074
1593
2044
2244
2094
1512
2024
1473
1854
2004
2024
1894
1843
2214
1894
1854
2304
1793
2184
1813
1853
1834
2404
1813
2194
1894
2094
2044
1794
1924
1823
2014
1874
1894
2174
1904
1913
2124
2304
2024
2024
2134
1903
1954
2014
2174
2024
2124
2124
2144
1984
1934
2184
1974
2023
2064
2255
4388
2054
2054
2104
2034
2024
2024
2084
2034
2084
2244
1944
1854
1994
2295
2184
2014
1983
2054
2114
2013
2234
2024
2194
2114
2254
2043
2023
1963
2134
1903
1914
2104
2064
2064
2244
2094
2014
1894
1933
1903
1904
2425
1934
1723
1974
1973
2054
2084
1884
1954
1964
1883
1914
2134
1963
2144
2064
2144
2004
1934
2194
2034
2043
1944
1983
1854
2013
1963
1954
2114
1933
7424
1834
2234
2325
1844
1934
2084
2104
1963
1874
1894
1883
1894
2094
1944
2024
2083
2114
5080
2144
1934
1843
2114
2014
1893
2164
1964
2024
2034
1863
2104
2004
2023
1863
2004
2144
1983
2044
1924
1913
1983
2164
2024
2154
2174
2174
2074
1893
2334
1923
2184
6472
2004
1944
1894
2134
1933
1963
2044
1894
1944
1984
2004
1993
1953
2034
2164
1944
2023
2114
2024
2435
1964
2134
1963
1924
2084
2074
2054
2024
1944
1804
2054
1864
2034
2024
1923
2084
1913
2063
2074
2024
2034
1844
2164
2094
2094
2084
2084
1974
2214
2134
2224
1864
2164
2084
2224
2004
2054
2224
2064
2024
2144
2064
1953
2003
1963
2004
2033
2415
2405
2014
2114
2144
2204
2074
2214
2054
2064
1914
2044
2064
2034
1904
1973
2164
2024
2064
2134
2205
1994
1964
2134
2155
2185
1944
2104
2194
2044
1483
2234
2114
2073
2014
1964
2044
2004
2164
2134
1883
1122
1824
2034
1493
1844
1462
4318
1983
2033
2034
2064
1403
1884
1623
2054
1553
2134
2054
1453
2114
2194
2194
1773
2124
2144
2165
2013
2064
1994
1353
2053
2084
2164
2023
2214
2004
2174
2074
2184
2144
1994
2094
1443
2044
2104
1954
1603
2124
1462
2144
2084
5470
2063
1492
1102
2064
1623
2235
1553
2184
1462
962
1994
1613
2144
1573
2194
1653
2024
1573
4198
1823
2094
1653
2074
2064
2074
2044
1512
2084
1974
2144
2014
1693
1954
1913
2064
1613
1132
1633
1683
2114
1423
1583
1453
2024
1593
2424
1633
2224
1714
1923
1472
2154
1703
2134
1673
4699
1753
1964
1723
2224
1422
2144
1743
2054
1693
2053
1573
2966
1433
2214
1513
2023
1623
2144
1553
2084
1472
2996
1623
2033
1573
2024
2154
1462
1994
2184
2004
2124
2144
1983
2024
2023
2104
2284
2013
2134
2074
2144
2164
2094
1993
2134
2165
2194
2074
2074
1552
2094
2154
1964
1943
2104
2024
1112
1863
1923
2134
2114
2034
1964
2104
2174
4108
1913
1994
2124
2013
2194
2204
2084
2064
1994
2053
1994
2024
1844
2034
1943
1983
2064
2004
2013
1974
2124
2054
2074
1934
2054
2023
2114
2104
2074
1993
2033
2074
1613
1953
1973
2144
1943
2284
2003
1933
2074
1914
1944
1954
1944
1803
2174
2174
1984
2044
2144
2034
2174
2064
2244
2074
2114
2174
1873
1943
2024
1984
2044
2054
1944
1984
1944
2044
2084
2104
2044
2184
1884
2044
2304
2064
2124
2164
2114
2124
2084
2004
2054
5701
2205
2224
2044
2144
1943
2084
2224
2034
1973
2084
2134
2114
1964
2043
2024
1823
2185
2014
2254
2074
2004
2054
2164
2194
2054
2094
2063
2094
10209
2023
2094
992
1894
2294
1082
1944
1223
2114
2244
2184
2144
2134
1953
1894
2074
2043
1954
2113
1983
1964
2034
2164
2034
2104
2184
2014
1933
2104
2044
2124
2104
1493
2064
2194
1913
2034
2034
2024
2154
2044
1994
2244
1914
1973
2174
2013
2014
2144
2164
2235
2184
2174
2094
2044
2003
2244
2013
2123
2174
1993
4198
2084
2254
2094
2204
2043
2154
2224
2044
2114
2104
2034
1983
1944
2084
2114
2295
2064
2034
2194
1983
2505
2144
2385
2204
2114
1964
2104
2154
1984
2174
2064
1934
2074
2024
2134
2144
2094
2074
2274
2255
2044
2114
2165
2044
2013
1964
1693
1984
1663
1994
1593
1904
2174
2093
2044
1993
1984
2073
1853
1172
2014
2044
1934
2194
1994
1493
2224
1663
1944
2104
2084
2053
2084
2064
2034
1974
1944
2164
1973
2044
2214
1904
1813
4608
2034
2174
2044
1894
1974
2054
1993
2174
2054
2054
2064
1894
2314
2094
2004
2184
2154
2144
2054
2124
2164
2144
2294
2004
2935
2044
1673
1943
1673
1853
1673
1974
1904
1904
1924
1923
1883
1964
1923
1934
2034
2114
2084
1894
1923
1954
2304
2044
1843
1853
2034
1954
1924
1874
1874
1994
1934
1924
1913
1924
1943
1994
2034
2003
1974
2034
1974
1894
1924
2004
1964
1844
2034
1964
1923
1894
1993
1994
1964
1944
1984
23314
2244
2004
2053
2144
1994
1934
1914
2014
1903
1913
2004
2054
2104
1943
1934
1983
2044
2014
1963
1883
2214
1873
1864
1944
1943
1993
1923
1983
1934
2014
2014
1102
1903
1152
1934
1974
1864
1893
2114
1894
2165
2064
2154
1914
2124
2254
2104
2084
2184
2103
2074
1954
2224
2014
2064
1943
1253
2114
2034
2264
1994
2034
2033
2054
2064
2043
2124
2164
2124
2204
2034
2184
1994
2004
2134
2264
2134
1994
2014
2104
2235
2074
2084
1984
1984
1984
2014
2024
1894
1943
1954
2074
2144
2084
1984
1953
1894
1253
1923
1213
1984
1292
1924
1142
1924
1243
1974
1182
1943
1192
1964
1203
1913
1163
1994
1172
1964
1162
1934
1142
1974
1974
1182
1954
1172
1964
1162
2275
1192
2064
1172
1914
1163
2044
1122
1904
1183
2024
1182
1963
1162
1954
1233
1934
1152
1873
1112
2013
1162
2004
1163
2014
1192
1893
1163
1903
1142
2134
1142
2084
1183
1844
1153
1894
1142
1903
1202
1953
1153
2013
1182
1924
1132
1884
1192
1913
1142
1924
1152
1924
1192
1944
1152
2044
1152
1933
1162
1894
1162
2024
1132
2224
1152
1874
1182
1904
1112
1883
1903
1162
1884
1152
1974
1112
1954
1984
1493
2104
1964
2134
1543
2255
1403
2064
2164
1903
1913
2184
2124
2154
2124
2094
1893
2234
1874
2224
2084
2114
1954
2093
2605
2094
2103
2044
2094
1934
1894
2865
1864
1974
2013
3377
2064
1994
2024
2295
2024
2054
2224
2114
1874
2154
2094
2775
2013
1994
1994
1964
2134
2014
2144
1904
1864
2003
2996
2064
1893
1843
2164
2104
2003
2113
2124
2034
3206
1903
2164
2024
2815
1943
2114
1973
2164
1944
2084
1933
2254
2084
2214
2104
1714
1172
1864
1292
1993
1112
1783
2024
1763
2044
1733
2284
1794
2184
1764
2164
1953
1112
2074
2074
2174
2004
2094
1993
1503
1974
1543
2024
1893
1914
1132
1974
1183
2034
1162
3005
1243
2585
1162
1953
1132
1874
1262
1963
1192
2014
1122
3086
1183
1934
1142
2624
1252
1984
1172
1914
1162
1944
1122
2014
1162
1944
1904
1153
1893
1233
1994
1222
2024
1132
1994
1182
1954
1132
1993
1923
1132
1933
1163
1904
1162
1853
1193
1863
1172
1964
1233
1934
1172
1963
1172
2044
1142
1092
1963
1092
1914
1092
2806
1092
1122
1953
1122
1914
1092
2064
1092
2004
1122
1943
1082
1893
1142
1082
1914
1102
2886
1122
1102
1082
1102
1102
1122
1102
1112
1102
1122
1914
1884
1914
1954
1984
1893
1923
1974
1102
1903
1873
1943
1974
1924
1113
1994
1974
1964
1132
1974
2054
1933
1914
1924
2024
1944
2014
1943
1072
2004
1973
1913
2755
1884
1994
1974
2816
1983
1924
1914
1142
1934
2725
1102
1974
1923
2905
1092
1873
1934
1142
1934
1923
1934
2124
1924
1843
1894
1923
1944
1944
2064
1853
1923
1874
1984
2144
1793
2004
3556
2004
1964
2044
2104
1954
2295
2665
2244
2074
1883
2795
1954
3126
1663
1983
1473
2034
1974
1943
1864
2144
2736
4529
2064
1904
1964
2074
2034
1843
2164
1993
2154
1934
2114
1954
1944
2806
2234
2023
2074
1483
2094
1954
1963
2134
2134
1112
2024
1853
2054
1883
1943
1754
2224
1673
1894
2244
1883
2094
2004
1773
1973
1633
2044
1704
1984
2003
1893
2254
2204
1092
2264
2174
1092
1243
1974
1252
1913
2054
2155
2034
2043
1984
2284
2925
2063
2895
2164
2124
2104
1963
2154
2064
2114
2044
2044
2174
2274
24345
2014
1813
1924
2063
1503
2073
2014
1984
4238
1803
1102
1983
2044
1823
1863
2174
1964
2054
2104
2074
1814
2234
1854
1954
1933
1934
1954
1943
1913
2064
1864
1994
1963
2044
2114
2084
2004
2074
2053
2024
2034
2184
2054
2044
2184
1994
1994
1964
1884
2174
2053
2154
1874
1894
2034
2054
2114
2074
1844
2314
2074
2124
2114
2114
1924
2004
2024
2194
4408
1092
2033
2064
2003
2013
1934
1984
1893
1904
1963
1233
1953
2254
2084
1853
1983
2084
1914
1904
1273
1863
2043
1964
1232
2003
1182
1944
1403
1122
1983
1302
1944
1994
2154
1533
2064
1163
1944
1082
1122
1954
1402
1994
2154
2054
1523
2014
1143
2154
1122
1993
1112
2023
1944
1803
2064
2033
1633
2074
2144
2144
2175
1953
1974
2144
2234
2003
2064
2164
2124
2074
2094
2074
2094
2154
2164
2204
2144
2344
2064
2124
2083
2084
2144
2124
1914
1854
2174
2024
2245
2234
2034
2044
2194
2044
2084
2044
2054
2164
2013
1944
2094
2134
1953
1994
2124
2074
2064
2124
2124
2114
2134
2094
6031
2134
2074
2134
2194
2054
2054
2074
2024
2134
2074
2134
2174
2034
1993
2003
2204
2215
2054
2084
2074
2004
2194
2144
1964
1954
2094
2064
2024
2044
2044
2124
2044
2164
2124
1894
1963
2074
2274
2044
2004
2184
4308
2094
2084
2094
2144
2174
1924
1834
2083
2054
2134
2054
2024
2114
1583
2013
2014
2124
2124
2063
2044
4509
2185
2054
2195
1943
2024
2464
1984
1442
1843
1904
2004
2064
1913
2044
1122
1203
2144
1182
1723
1894
2074
1553
2103
1432
2044
2284
2184
1804
1994
1593
2335
1453
2305
2214
1973
1774
2044
1422
1984
2124
2094
1924
2034
1533
2164
2164
1312
1924
2104
2094
1993
2063
1462
2003
4769
2304
2144
2004
1493
2144
1463
2053
1864
2014
2154
2084
2084
2305
1032
1162
2033
2164
2204
2275
2074
2104
2164
2014
2194
2244
2054
1563
2164
1503
2114
2044
2084
2064
2104
2034
2124
2174
1463
2004
2224
2034
2224
2254
1433
2154
2154
2084
2154
2004
2134
1453
2124
1994
1864
2063
2264
2004
2154
2124
1132
2074
2134
1432
1714
2134
1924
1963
1483
2184
1974
1913
1964
1833
2074
1753
2004
2054
2064
2194
1463
2184
2164
2235
1984
2073
2024
2144
2014
1523
2054
2034
1553
2144
2194
2064
2174
2074
3897
2034
1462
2103
1733
2044
1462
2024
2274
2194
2003
1463
2084
2354
2064
1653
2235
1443
2194
2164
2044
2093
2204
1442
2274
2254
4208
2194
2184
2144
1423
2324
2164
2254
2184
2184
2074
2305
2054
2194
2084
1463
2084
2224
2014
1884
2093
2365
1453
2275
2194
2013
2014
2034
2134
1984
2165
2415
2064
2043
2184
2054
1774
2285
1583
2004
2144
2445
2084
2124
2104
2274
2194
2044
1974
2224
2254
1522
2224
2184
2104
1703
1994
1413
2124
2184
1974
2144
1973
1673
2194
1473
2154
1974
1984
1933
1433
1944
2234
2094
2043
1483
2004
1453
2144
2054
2064
1974
1623
2084
2074
1954
2053
1563
2054
1943
2013
1633
1954
1583
2013
2314
2024
2134
2014
1673
1593
4538
2054
2024
1793
1813
4719
1452
2144
2174
2034
2044
1954
2104
2255
1853
2194
2355
2014
1443
2144
2084
1533
2084
1473
2294
2334
2525
2023
1453
2134
2395
1943
2044
1423
2044
2034
2014
2154
2014
1483
2023
2164
2104
2004
2144
2003
1833
2114
2013
1994
2234
2184
2134
2144
2094
2224
2235
1994
2164
2264
1984
2084
2104
2014
2064
2184
2204
2184
2234
2094
2023
2014
3968
2014
2014
2054
2033
2044
2044
2174
2335
2074
2134
2314
2284
2084
2194
2074
2034
2084
2044
2044
2194
2014
2084
2104
2164
2074
2355
2033
1994
2024
1864
2053
2043
3106
2174
2795
1884
2134
2044
1994
1914
1953
2124
1994
1874
1803
2083
2144
2144
1864
1884
1903
2124
2024
2084
2154
2054
2084
2104
2034
2184
2074
2094
2164
2194
2014
1994
2285
1983
2033
2184
2134
2044
2154
2154
1793
1974
2174
4368
2074
2124
1994
2104
2174
1973
2144
2004
2184
2184
1873
2124
2164
2044
2114
2024
2094
2124
1934
1232
1994
1894
2244
2314
1934
2073
1984
1953
2114
2124
1663
2013
2154
1904
1683
2053
2214
1994
2034
3206
1944
2114
2024
1874
1623
1873
2004
1884
2034
2194
1112
2175
2124
1873
1863
2064
2023
2315
1973
1823
1823
1563
1754
1924
2084
1994
1874
1893
2024
2285
2194
2044
2094
2184
2294
2374
2154
2013
1603
2004
2053
2034
2144
2044
2074
2064
1894
1874
2765
2204
1983
1924
3116
1893
2044
2184
1994
1883
1824
1943
2184
2605
1994
2054
1944
2024
2094
2294
1934
1974
2054
1893
2023
1933
2124
2054
2004
2655
1973
2034
2194
1974
2134
2144
2034
2014
2044
2094
2004
1913
2124
2074
2244
2044
2234
2014
2184
2104
2134
2184
7925
2174
2094
2094
1864
2014
2034
1983
2164
1994
2194
2073
1933
2124
1993
2084
2134
2063
2004
2014
2134
2234
2034
1934
2114
2034
2093
2124
2134
2104
1994
2164
2165
1844
1874
2124
2124
1984
2014
2325
1954
2194
4037
2064
2074
2134
2034
2034
2304
2355
2334
2224
2334
1973
2204
2083
2104
2335
1953
1884
2064
2264
2004
2134
2134
1943
1903
2324
1944
2094
2224
1984
2144
2004
2144
2194
2154
2024
2415
2434
2144
1994
2083
2404
2294
2164
1984
2044
2034
2194
2024
2244
2114
1974
2004
2104
1934
2104
2214
2034
2164
2144
2395
2265
2696
2094
2033
2174
2044
2034
1944
1894
2044
1874
2184
2134
1914
1984
1974
2184
1904
1903
2094
2785
2124
2034
2014
1954
2144
2003
2144
2204
2104
2104
2044
2054
2044
2144
2204
2124
2334
2194
2154
2074
2174
1933
1993
2124
2024
2083
1983
2024
2194
2094
1954
2184
2234
1944
2184
2164
2124
2024
2194
1964
1513
2184
2094
1453
2044
2094
2134
1913
1984
2074
2144
1864
1052
2215
982
2063
2174
1954
2033
2054
2073
2274
2054
2235
2114
1012
1964
2064
2124
2094
4608
2084
2174
2154
2304
1884
1503
2184
1563
2134
2284
1864
1964
2104
1714
2003
2615
2084
2324
2004
2194
1994
2034
2104
2014
1874
1863
2014
2034
1934
1984
2054
2074
2294
2084
2053
2094
2034
1513
2214
2164
1432
2084
2334
2274
2054
2064
2114
2324
1984
2184
2034
1483
1974
1963
2365
2124
2074
1533
2164
1473
2084
2355
2093
2094
1613
2074
2294
2395
2174
1543
2194
2274
2064
2023
2164
1963
1553
2104
2044
2164
2024
2114
2044
2024
2184
2174
2053
2044
2194
2014
2154
2044
2083
2114
2114
2154
2184
2184
1984
2104
2104
2053
2084
1934
2084
2194
2044
2234
1933
2024
2154
2044
2194
2033
2003
2034
2023
1964
2164
2124
2014
1984
2054
2234
1893
1943
2003
2034
2124
2304
1814
2014
2134
2044
2084
1993
2064
2154
2064
2034
2174
1973
2094
2003
3837
1974
1984
1944
2114
2044
2224
2024
1833
2014
2134
2224
2264
1903
1914
1974
2054
3036
1974
1884
1874
2164
2024
2825
2144
2014
1893
2003
1964
2024
1763
1833
1874
2044
1963
2234
2083
1743
1974
1963
2003
2114
2104
1973
3226
1954
2064
1943
2024
4929
2054
1994
2114
2154
1924
2064
2214
2054
2175
2114
1894
1843
2375
2545
2014
2014
2074
2043
2294
2064
2294
2184
2134
2074
2324
2144
2284
2104
2906
2104
2064
2184
2063
2274
2294
2024
1984
2154
2044
1883
1953
2034
2064
1964
2044
2024
2264
2144
2815
1934
2304
2024
2164
2024
3577
2104
1994
2144
1973
4889
2976
1963
1994
2074
2194
1964
2044
2104
2124
1994
1974
2014
1984
2024
2034
2024
2034
2955
2023
3046
5260
2164
2134
3096
2064
2044
1974
2024
2013
2043
2054
2114
2174
2044
2023
2084
2043
2114
2154
2004
2084
1943
1994
2003
2134
2084
2134
2004
2094
1893
2044
2124
2064
2064
1984
2084
2174
1863
1944
1904
4328
1994
2155
2024
2084
1993
2074
2194
2384
2024
2294
2134
2304
2315
2274
2194
2054
2024
2054
2225
2114
5700
2194
2084
1453
2014
2545
2234
2204
2044
2014
2194
2094
2154
2274
1933
1983
2104
2174
1864
1443
1964
2114
2164
1773
2274
2054
2104
2023
2254
2004
972
1783
2014
2033
2304
1453
2194
1452
1963
1944
1422
2024
1513
2034
1914
1963
1994
2024
1443
2175
2094
2134
1774
2144
2034
2164
1934
2014
1964
1473
2004
1974
2014
1994
2094
2114
2084
2144
2084
2234
2103
1983
2174
2054
2053
1512
2103
1463
2124
2284
2194
2154
2004
2194
2164
1944
2074
1974
2204
2094
2204
2084
1994
2054
2214
1793
1843
2184
1953
2094
2054
2094
1963
1963
2014
1964
1924
2104
1863
1954
2174
1934
2074
2214
2063
2144
1984
2124
2094
2074
2144
2013
2154
2194
4469
2134
2013
2154
2144
2134
2054
2024
2275
2304
2254
2275
2254
1853
1843
2114
2004
2314
2494
2044
2354
2195
2034
2344
2375
1984
2204
2134
2034
2164
2204
2274
2144
4789
2114
2194
2064
2354
2325
2124
1503
1994
1493
2124
2084
1853
1944
2144
2064
2063
2384
2024
2134
2044
1943
2204
2194
2074
2014
2334
2254
2044
2154
2134
1543
2224
2144
2355
2064
1863
2164
2195
2124
1833
2245
2254
2053
2104
2104
1914
2014
2034
2074
2034
2124
2044
2104
2114
2004
2194
2164
1994
2103
2094
2284
2184
2214
1993
2214
2134
2073
1513
1963
2195
2064
1844
2886
2104
2725
2174
2023
1874
2194
2013
2053
2024
2044
2144
2014
2164
2184
2394
2004
2054
1984
2004
2635
1964
2024
2044
1924
2074
2034
2154
2896
1934
2144
1973
2084
2776
2004
2004
2234
2174
1984
2244
2184
2144
2114
2004
2154
2204
2064
2014
2124
2004
2104
1954
2155
2414
2004
2014
2365
1994
2084
1953
2144
1914
2134
2014
1874
2094
1964
1873
3827
2014
2014
2144
1994
2174
2103
2044
2144
2074
2044
2044
2305
2194
2214
2124
2064
2114
2074
2264
1843
1974
1903
1924
2094
2215
2074
2144
2104
2185
2013
2023
2214
1983
1814
1994
2063
2264
2024
2244
2074
2806
1974
2635
2394
3026
2074
2194
2374
2334
2284
2004
1964
1994
2275
2094
2034
1924
2014
3026
2314
2194
2164
1944
2034
2004
2074
1824
2074
1873
2996
4799
2104
2234
2073
2154
1933
2044
2194
1983
1794
1913
2074
2074
2154
2184
1152
2054
2164
2124
2004
2003
2024
2134
2074
2114
2114
1854
1954
2124
2074
1994
2023
1473
2104
1433
1974
2034
1843
2194
1934
1903
2134
1914
2064
2014
2004
2144
2034
1964
2014
1964
2184
1944
2315
1853
1804
2204
2034
2154
1993
1993
1172
1884
1032
1933
1163
1944
1132
1933
1152
1883
1142
1964
1072
1914
1133
1943
2114
1984
1984
1894
1904
1833
2074
1874
1954
1883
2004
1894
1913
1924
1994
2054
1944
1893
1874
2004
1994
1864
1934
1903
1884
1903
2023
1984
1924
1924
1943
1984
2004
2084
1913
1914
1934
1924
1924
1924
1914
2094
2003
1914
1884
1923
1964
1903
1944
1943
1903
2104
1974
1894
1914
3877
2054
1903
2024
1814
1843
1954
1933
1943
1973
1934
1964
2014
1904
1904
1853
1954
1934
1894
2174
1983
1943
2004
1944
1923
1944
2014
1904
1973
2014
2024
2064
2114
1924
1884
1933
1893
1893
1984
1923
1883
1943
1934
1934
1933
1904
1933
1934
1934
1914
1973
1903
2024
1984
1974
2064
2314
1873
1944
1933
2044
2094
1974
1974
2024
1894
1984
1934
1954
1172
1913
1162
1894
1153
3847
1173
1964
1182
1933
1202
1873
1172
1964
1143
1884
1122
1863
1183
1944
1092
1884
1132
2174
1122
1944
1133
1984
1152
1974
1143
1974
1132
2034
1182
1923
1102
2134
1173
1914
1172
1943
1182
1953
7855
1944
1934
2024
1903
1914
1974
1884
1873
1934
1893
1904
1924
1894
1954
1132
1924
2444
1913
1934
1894
1102
1883
2003
1923
1072
1963
1883
2184
1923
1934
2154
1913
1944
1964
1844
1863
2104
2034
1883
1904
1944
2144
1964
2044
1943
1994
1943
1964
2044
4318
1924
2004
1953
1913
1863
1883
1913
1923
1904
1944
1934
1923
1913
1943
2084
2084
1893
1924
1944
1924
1913
1903
1924
1914
1973
2024
2014
1924
4388
1933
1964
1974
1844
1934
1844
1894
1874
1904
1934
1964
1914
1914
2104
1903
1924
1913
4439
1934
1924
1934
1953
1964
1974
2054
2024
1933
1933
1964
1984
2074
2014
2034
1914
1973
1954
1884
1954
1883
1884
2154
1943
1884
2124
2054
1954
1954
1924
1914
2004
1954
1924
4508
1883
1894
1914
1913
2074
1874
1884
1914
2064
2094
1853
1984
1953
1944
1964
1974
1933
1913
1894
1944
2003
1954
2064
2084
1923
1974
1953
2044
2144
1894
1944
1903
1883
2084
2013
2064
1923
1944
1914
1903
2054
1873
1984
1933
1934
1873
1924
2044
1974
2083
1923
1883
1924
1903
1934
1954
1964
1873
1964
1894
1943
1904
1893
1964
1933
2044
2014
2054
1943
2094
1893
1964
1964
1864
1954
1943
1943
1974
2174
2154
1914
1953
2024
2064
1974
1974
1923
1993
1943
1884
1913
1953
1914
1903
2124
1873
2004
1884
1783
1913
1563
1994
1082
1924
1052
1934
1132
2004
1142
2034
1042
1933
1062
2014
1032
1964
1082
1854
1021
1984
1163
1994
1052
1943
1032
1974
1031
1994
1112
1993
1022
2094
1032
2114
1123
1984
1062
1933
1052
1944
1152
1903
1042
2254
1052
1984
3035
1883
1052
2034
1523
1953
982
1974
1052
2063
1032
1974
1032
2074
1032
1913
1002
1934
1022
1983
1062
1933
1022
2034
1112
2024
1042
1973
1012
1924
1042
1924
1042
1973
1042
2144
1032
2004
1022
1934
1032
2004
1022
2104
1022
1904
1113
2064
1062
1934
1052
1944
1082
1894
1162
2144
1132
2324
1132
1884
1152
1893
2044
1953
1964
1923
1863
1974
1954
1904
1944
1653
1914
1653
1933
1974
1914
1943
1983
1913
2014
1834
1863
1913
1914
1943
1954
1954
1943
2064
2014
1934
1874
2064
1994
1903
1893
1874
2094
2014
1964
1874
1954
2024
1984
1993
2024
1984
4619
1994
1964
1913
1934
1844
1944
1943
1904
1964
1953
1954
1914
1904
1954
2003
1953
1884
1924
2024
1954
1953
1914
1933
1913
1944
1923
1914
1944
1914
1913
1984
1903
1894
1834
1904
1974
1853
1964
1983
1924
1924
1883
1904
1914
2144
1973
2023
2084
2054
1934
1913
1964
1984
1863
1894
1994
1894
1864
1964
2044
1894
1883
1843
1884
1933
1884
1914
2004
1883
1934
1904
1934
1964
1983
1984
1903
1933
1934
1954
1994
1974
2084
2185
1924
1904
2134
2034
1934
1783
2044
2003
2094
2044
1863
2044
1954
1914
2124
2064
1973
2164
2013
1883
2124
1934
1954
2074
1994
1894
1953
1993
1974
1884
1913
2074
2305
1964
1934
2164
1904
2014
1903
2124
1943
2104
2064
1934
2014
2034
2124
2174
1943
1904
1973
2144
1813
1864
2114
2074
1924
1914
2044
1934
2124
1883
2024
2094
1924
1924
2134
1944
1923
2003
1964
2064
2014
1613
1994
2074
2024
1503
1993
1543
1963
1152
1964
1152
1833
1143
1943
1162
2074
1162
1994
1123
1963
1172
2154
1142
1903
1142
1924
1232
1894
1132
1914
1162
1914
1172
1934
1072
1953
1243
1874
1192
1964
1112
1984
1172
1974
1152
2264
1182
1933
1203
1933
1102
1994
1182
1924
1132
1984
1172
1923
1152
1904
1142
1974
1122
1924
1172
1974
1152
1944
1142
1913
1132
2044
1132
1924
1163
1853
1162
1904
1142
1904
1112
1933
1132
2234
1182
1883
1142
1974
1182
1853
1142
2004
1293
1944
1132
1933
1172
1954
1142
1824
1202
1923
1122
1923
1152
1884
1132
1974
1132
1984
1112
1944
1152
1914
1153
1903
1233
1963
1162
2875
1222
1974
1162
1824
1122
1914
1112
1944
1022
1934
1132
1913
1152
1923
1182
1874
1202
1944
1914
1122
2255
1142
2003
1202
1994
1162
1954
1162
1944
1182
1964
1523
2064
1573
1944
1252
1923
1152
2084
1192
1933
1132
1934
1042
1884
1162
1894
1252
1933
1152
1974
1122
1924
1142
1914
1142
1894
1172
1873
1122
2324
1152
1913
1172
1923
1323
1984
1202
2294
1202
1994
1112
1944
1142
2013
1143
1944
1092
1874
1143
2054
1152
1953
1142
1914
1152
2004
1172
2094
1182
1974
1202
1873
1132
1964
1112
1953
1143
1934
1102
1943
1162
1884
1232
1974
1172
2074
1142
1974
1042
2053
1152
1913
1232
1993
1142
1934
1203
1893
1192
1944
1152
1923
1162
1924
1192
2114
1142
1913
1223
2044
1173
1843
1282
1913
1122
1994
1163
2054
1162
1923
1513
1974
1132
1884
1183
1943
1122
1904
1182
1873
1152
1944
1132
2074
1473
1924
1173
1924
1112
1934
1172
2134
1162
1873
1182
1943
1132
1904
1143
1923
1112
1913
1142
1933
1142
1864
1182
4418
1042
2014
1042
1943
1914
1963
1884
2184
2053
1893
1983
1913
1874
1934
1864
1964
2014
1933
2004
1963
1933
1954
2003
1954
1894
1923
1974
2004
2144
2044
2054
2004
2023
1913
1934
1954
1934
1893
1974
1904
1923
2024
1984
1903
1944
1894
1954
1923
1904
2024
1983
1984
1963
1903
1903
1853
1884
1914
1974
1974
1943
2404
1994
2024
1914
1914
1933
1984
1833
1893
2225
2014
1904
1954
1953
1894
1884
1964
2044
2114
2264
1973
1854
2014
1953
1894
1923
1913
1933
1904
1914
1924
1884
1954
1913
1884
1894
2114
1914
1904
1943
1913
2024
1984
2094
1923
2104
1934
1924
1914
1954
1934
1963
1914
1843
1853
1914
1914
1914
1874
1903
3917
1974
2004
1894
1883
1994
1984
2024
1934
1854
2003
1924
2024
1934
1914
1964
1953
2124
1964
1913
2024
2044
2024
1953
1953
1904
1903
2154
1913
1933
1894
1884
1904
1894
1984
1934
1874
1874
1964
1913
1973
1914
1883
1863
2174
1893
1893
1162
2124
1202
2084
1914
1934
2074
2144
2124
2194
2084
1924
2134
1903
2094
1883
2254
2073
2204
1914
2034
2064
2084
1983
2024
1603
2054
2114
2034
1874
2044
2134
2134
2124
2083
2194
2195
2074
2033
2044
1442
2024
2334
2044
2134
1984
1462
2134
2164
2014
1463
2034
2195
1954
2074
2083
1443
2124
2134
2174
2254
2174
2034
2024
2114
1423
2104
4548
2064
2044
2014
1933
2104
2114
2004
1422
2023
1393
2044
1763
1453
2034
1904
2044
2154
2294
2345
2124
1443
2024
1533
2134
1863
1973
1463
2124
2194
2074
2044
2144
2043
2063
2255
2074
1402
2024
2094
2073
2144
2004
1452
2003
1513
1843
1923
1964
2184
2013
2114
1933
1082
1933
1964
2114
2034
2054
1543
2154
1452
2023
2204
1983
2124
1453
2134
2124
2004
2024
1472
2124
2063
2034
2014
2124
2033
2034
2184
2074
2053
1984
2023
2094
2033
1102
1913
7033
1954
2214
1994
2044
2204
2134
2224
2104
1092
1954
1984
1213
2064
2054
2003
1994
1473
2034
1884
2034
1994
2024
1443
1913
1983
1462
1974
1983
1483
1914
1392
2074
2023
2255
1893
3947
1903
2164
2495
2124
2034
2164
1433
1914
1673
1984
2224
2234
2124
2164
1974
2205
2234
2284
2164
2054
2054
2344
2013
2315
2114
1964
1914
2044
2134
1994
1933
2064
1934
1864
2024
2054
2044
2114
1943
2014
1944
1924
2004
1964
1924
2214
1974
1954
1823
2765
1943
1834
2034
1893
1974
2054
1994
1884
3367
1833
1954
2003
2104
2675
1964
2033
1934
1983
1944
1894
2094
2044
2094
1974
1963
2084
1974
1883
1903
1853
1904
2094
1964
1913
1913
2054
2094
1904
1973
2114
1894
2004
1994
4268
1963
1974
1954
2134
2003
2264
2024
1974
2314
2044
2024
2064
2114
1983
2374
2966
2073
1903
1974
1893
1914
2094
2073
2034
2144
1934
2044
2064
5891
2134
1954
2144
2845
2054
2024
3045
1984
2094
1944
1884
2014
1934
2024
1933
4528
2004
1442
2014
2014
3006
2104
1884
1182
1954
1062
1894
1843
1863
2004
2134
2144
2124
3106
1192
2024
1543
2134
2033
2114
2214
1793
2855
2234
2014
2044
2214
2014
2013
1953
2093
1844
2946
1503
1974
1473
2164
2054
2244
1824
2124
1502
2474
1443
2896
1884
2014
1994
3557
2976
2044
2235
2164
2014
2154
2164
1823
1953
1953
2054
2014
2184
1864
1913
2124
1944
1943
2104
1984
2544
1934
3096
2164
2155
2134
2294
2014
1983
2014
2004
2024
2194
1874
2214
2014
1483
3436
2044
2024
3196
2044
1482
2014
3336
1864
1944
2114
1983
2184
1864
2184
1984
2925
2044
2194
2174
2083
2134
2174
1984
2335
2194
2255
2064
2154
2124
2073
1984
2033
2074
1873
1944
1944
1874
1914
1934
1923
1834
1993
1954
1894
1894
1953
1924
1894
1973
2003
2074
1933
1934
1923
1924
1974
1863
1974
1953
1894
1964
1933
1994
1934
2074
2114
1893
2144
2034
4218
2845
2004
2234
2104
1974
1993
1984
2123
2214
1954
2154
2134
1984
2014
2024
2014
2034
2134
1923
1894
2094
1934
2244
2004
2004
2044
2014
2144
2034
1733
1984
2084
2024
2154
2043
2094
2094
1072
1914
2225
2114
2164
2175
1633
2124
1563
2044
2074
2204
2043
1443
2084
2084
1803
2094
1974
1573
2074
1473
2024
2274
2014
1983
1483
2033
2154
2054
