1874
17172
11893
10910
11532
11161
12643
11692
14066
11631
11231
11181
11942
10890
10710
11702
11732
11972
12002
12674
11812
13997
11902
11952
11822
12433
11852
12323
11952
12383
11762
14467
11863
11271
11211
10901
11983
12223
11742
17543
11853
12363
11782
17743
11873
10751
13666
14827
11712
12434
11883
15870
11742
17322
11862
10930
11662
12503
11992
12553
11962
10870
12013
17382
11862
11872
11751
12293
10710
14296
11953
11732
11241
12413
13405
14827
11562
13746
10921
18264
11853
10851
11702
14958
11852
11602
10710
12353
11732
12594
11953
20739
11010
12283
10670
12253
11652
10830
11802
12253
11522
10991
10629
11120
13525
11662
11792
11672
13686
11631
20999
11592
12473
11482
11702
10600
12192
11602
11933
11611
12203
11562
13606
11611
17542
10750
11922
11632
11843
16471
11562
11612
11782
16020
11631
10871
14467
10790
13255
11872
10690
11671
11993
11721
15279
11632
12824
10880
15399
11642
12183
10740
11953
11612
10720
11681
12473
11662
11732
11853
11742
11281
11601
11722
12212
10750
10881
12162
11923
11933
12102
12012
11591
12353
12394
11582
13135
11853
11652
12112
11742
14116
11612
11010
11532
14557
11711
14187
10820
11652
11641
11521
11511
11611
11802
11972
11983
10520
11862
15970
11592
18694
11742
13034
10630
12363
11852
10880
11712
17453
11492
14778
13255
13024
11822
12463
11742
10831
11962
11732
11762
11802
11582
10990
11602
11521
11842
11732
11672
11802
11932
11621
11602
13295
12163
8505
11602
6432
9528
11621
11782
10640
12022
11592
11551
11832
12113
11622
11532
11672
11612
11962
10730
11973
11933
11712
11562
11642
11662
10830
11822
11832
11852
11682
11652
11842
11752
11952
12133
11852
11452
11883
11712
13485
11582
11602
11622
11902
11682
11542
11832
11912
12454
11591
11842
12123
11632
33312
11401
12313
11602
11873
11421
11541
11562
11682
13715
11682
12764
13095
12022
11552
12293
13936
10790
11803
12082
11892
11622
11491
12012
11842
11862
11571
11762
11902
11652
11953
11702
11892
11492
11722
11692
11912
12133
11672
11581
11902
11522
11812
11882
11582
11822
11843
11712
11541
11712
11762
12093
12203
11631
11591
11572
11802
11762
13505
11511
11752
11681
11622
11922
11883
11792
11631
11662
11852
10790
11862
11662
11602
12794
11671
11531
11701
11943
11671
11792
11872
11752
11311
11612
11642
11752
11832
11702
11621
11632
11933
11562
11682
11772
11671
11742
11812
11662
11732
11892
11481
11772
11671
11692
11742
11452
11682
11681
11852
11752
11682
11742
11832
10850
11671
11762
10860
11742
11471
11812
12043
10590
10871
11922
11672
11491
11832
10720
11682
10750
12132
12694
10459
10710
10730
11652
12243
11662
11541
11051
10539
11682
11843
11472
11982
11802
11030
11832
11762
11842
10951
11692
11041
10710
11863
11782
12013
11752
11832
11902
11631
11612
11903
10610
11622
11722
12082
11652
11622
11802
11572
13505
11701
11792
11602
11882
11922
12093
8455
10890
11632
8817
11782
8405
11772
11572
11491
10459
8446
11452
11782
11622
11531
11772
12043
11631
11602
11551
11782
11802
11822
11812
11771
11672
11782
12954
8356
11512
11922
11632
8456
11671
11732
11431
11902
8496
11761
11512
11751
10830
12443
11562
11732
11581
11963
11722
8576
11492
11631
11872
11822
11742
11392
11581
11902
12112
11651
5991
11000
10730
13125
11852
11802
11581
11942
11832
11952
10740
12273
11963
8366
11802
8496
11752
11532
11732
18064
11762
11682
12333
11822
10660
12053
11592
16320
11792
12273
10469
15128
11482
11671
13215
12103
11832
11221
10590
11662
11681
10910
10620
10940
11622
11762
11842
11512
11050
10700
11792
10680
10850
11552
11581
10690
11672
11702
11642
11702
10510
11592
10630
11712
11682
10540
11652
11542
11622
10470
11631
11522
11732
11612
11803
11662
11662
11572
10831
10720
11853
10630
11972
11301
11922
11772
11732
11853
10640
11591
11672
11932
10620
11882
10619
11852
11802
10750
11652
10780
11642
11411
10760
10810
11822
11762
10850
11882
12534
10680
11572
11601
12052
11812
12013
11631
13385
11843
11722
11612
12483
11812
11692
12012
11572
11782
11772
11762
11621
12053
11631
11752
10890
11101
12293
11963
11722
11872
11642
11692
11852
12474
11772
13175
11592
13385
10870
11812
13585
13134
11953
11742
11742
11852
11953
11692
11983
11772
11882
11812
12042
11371
11822
11712
11913
11822
11632
11923
12163
11872
11742
12914
11672
11832
11652
11591
12674
13184
11912
11652
11652
11652
11792
11742
11631
11501
11681
11702
11732
11732
11792
11762
11562
11902
11682
11882
11622
11521
11521
11802
11722
11662
11862
11562
11712
12022
11491
10840
11762
11702
12233
11622
11882
11712
11762
13325
11682
10590
11802
11612
11822
13044
11602
11732
11642
11682
11872
11712
11822
11963
11672
11792
11802
11702
11581
11632
11752
11712
11762
11772
11823
11842
11802
11662
11882
11621
11822
11722
11792
11792
11702
12333
11872
11732
10821
11632
10630
10770
11772
11672
11612
11782
10640
10630
10730
11752
11120
11732
11872
10880
11952
11852
11712
10740
12804
10930
11632
13725
11582
11812
10961
11782
11331
11121
10479
11080
10710
12052
11782
11581
11731
11802
11602
12002
12493
11912
11622
11712
11772
11732
11672
10800
11471
12344
12043
10860
10690
11692
8485
11541
11712
10931
8716
10680
8456
12093
10620
11772
11872
11642
11692
11732
11602
10780
11772
10549
8546
11762
11963
11592
11732
11742
11642
11632
11832
11802
12393
11651
17533
11762
11982
12062
16241
11731
12253
11652
13906
11872
11832
11792
11952
10840
14257
11652
17312
11461
11982
11792
18133
11622
17633
11862
13466
12093
13225
11632
11802
12213
11843
11702
11581
12733
11682
11712
10830
11452
11892
12262
11541
12003
11992
11281
12323
11913
12303
11601
11822
11731
11652
11992
11662
11752
11732
11371
11621
11782
17552
11732
12022
11702
11502
13595
11641
11612
14146
11531
12363
10870
11642
13426
10810
11582
15118
11652
12283
12022
11732
18084
11662
12113
11652
12062
10820
11922
13755
12012
12133
11642
12343
10821
11651
13375
10730
11842
12163
11762
11682
11632
11641
11691
12213
12293
11842
11652
11712
10891
11532
11702
11341
11481
12363
10740
11532
11652
11802
11532
11391
11621
11792
11542
11621
11672
11892
11902
12212
11792
11572
11652
11511
11782
11842
11832
11712
11100
11551
11421
11782
11692
11331
11792
11882
11832
10670
11732
11902
11762
11762
13606
13475
11021
11611
11121
11211
8626
13666
11121
11812
11702
12995
11722
11241
10990
13525
11662
11792
11592
11561
11822
10700
11681
11662
11592
11863
11512
11852
11622
11942
11852
11882
11551
11702
11612
10730
11642
10800
12203
11581
11611
11682
11652
11732
11692
10760
11772
11882
11722
11652
11561
11712
11702
11922
11582
12143
11642
11532
11622
11562
11612
11622
11812
10680
11742
11642
11742
11601
11672
11462
11982
11481
11732
13635
11732
10529
11601
11562
10980
11491
11812
11672
11802
11932
11812
11482
11842
11872
11642
11722
10620
11622
12002
11752
11692
11481
11622
11612
36167
11622
11772
11782
11762
11712
11602
12894
11471
11562
11712
11782
11692
11682
11892
10710
11752
11551
11502
11472
11752
11652
11922
11852
11662
11782
11652
11671
11972
11661
12183
11943
11622
11802
11652
11682
11913
11722
11441
11582
11932
11562
11020
11833
13345
11521
13205
11612
11842
11361
13335
11812
11111
11842
14717
11201
13505
11822
11221
11682
13155
11100
11752
11271
11531
11181
13385
11672
11772
11591
11873
11833
13405
11772
10981
11752
13164
11381
11651
11561
11021
11952
11542
11381
11902
11421
11472
11862
10810
10861
11622
10991
10881
11612
11792
11631
10911
10650
11611
12764
11621
11592
11241
11611
11021
11712
10740
10981
11892
11701
11322
10760
11813
11992
11691
11762
11231
10740
12042
11401
14127
11151
18465
12203
12253
11541
11161
14006
10589
11982
11351
12303
10639
10900
13625
10439
12132
11412
14658
8415
12022
11071
11732
10970
12603
11621
16431
11571
12313
11672
11512
11621
14387
11471
12463
11271
13124
11491
17473
11331
14367
11561
11522
11772
16020
11512
11421
11151
13435
11842
11392
11331
14137
13365
11050
12293
11712
12283
11742
12363
11872
11101
12222
10921
10991
12173
11502
16070
11311
12503
11972
11481
12173
11611
10880
14196
11271
16070
11361
13716
11581
10800
12042
11371
11311
18374
11361
12123
11241
17222
11472
10830
13294
11200
12253
11151
10820
11822
11291
11352
11682
12804
11692
11932
10990
11391
11822
17173
11461
13325
11571
11441
11612
12494
11943
11211
11030
12633
11040
17523
11211
11842
11772
10980
11051
11041
11010
10780
11000
12032
11672
11171
11091
11151
11661
11762
11612
11061
11501
11060
11712
10980
11862
11631
12023
11481
17282
11913
11762
11572
11411
11001
12023
11361
12543
11792
12033
8526
12192
6492
11491
6532
12603
11121
11461
11061
11973
11191
11571
11041
7484
11341
10910
11512
11181
11652
10990
11642
11081
12062
11111
6743
11101
11531
10941
6462
10840
13445
11662
15640
11591
12082
11732
11281
12232
11732
11592
11863
12373
11311
11752
11882
11401
14206
11792
11030
11862
11682
11040
11521
11742
11522
11691
11862
11471
11642
11592
11312
11681
11511
11762
11762
11561
11702
11571
10890
11692
10940
11762
11602
11422
11722
13556
10981
11502
11501
11572
11742
11582
11452
11842
11842
11772
12153
11842
11522
11772
11511
11913
11943
11681
11611
12363
11531
5851
11982
11562
11842
11622
11442
11692
11311
11000
11502
11491
11181
11061
11221
11421
11742
11322
11021
5811
11632
11391
11913
11591
11672
11011
10830
11261
11121
5791
11652
11571
11732
11452
11391
11091
11060
11221
11191
10870
12223
11652
11832
10911
10880
11021
11051
11161
11071
11772
11611
11681
11071
11311
10981
12473
11081
6372
11702
5811
13576
11702
11832
11542
11231
11080
10900
11942
11160
11511
11031
11832
11302
11571
10941
13836
12042
11601
11411
11671
11331
11913
11762
11502
11502
11341
6332
11622
12393
11551
11492
11562
10960
11742
11241
11832
6241
9638
12043
11071
11862
11100
11491
11722
11582
11792
11641
11722
11722
11742
11802
11001
13024
11662
11742
10960
11853
11962
11431
12143
11692
10920
11701
11621
16972
11722
13044
11602
11822
11712
11993
11491
11691
11812
18013
11762
12213
11632
12113
11782
11722
11071
15459
11581
17392
11792
17072
11903
12874
12243
11772
11501
16811
11942
12313
12173
11782
11662
11271
11642
11772
12684
11752
15749
12022
17874
11021
11922
12464
11842
12052
14347
11611
11612
10971
11752
11742
17563
11651
12273
11842
11752
17112
12122
11742
11702
14397
11902
11622
10640
11732
11582
17774
11641
13445
11521
12113
11892
11672
11071
17262
11852
11602
12253
11632
11882
12243
12112
11511
12573
12013
12113
11642
11561
12122
11742
11561
12122
11702
11381
11702
12153
11932
11471
11692
12042
11802
11892
11702
11782
11712
11461
11662
11732
11461
11612
11622
11752
11982
10740
11701
11882
11822
11651
11802
11832
12033
11641
10831
11842
11532
11752
11612
11973
11051
11933
11892
10670
11802
11963
11492
11631
11752
11852
11742
11651
10811
10910
11652
11722
11932
11481
10690
11622
11852
10760
10750
11241
13505
10930
12093
11412
11682
11351
12604
11772
11762
11762
10450
11922
11682
11972
11922
11591
11512
12884
11110
11020
10680
11091
11231
11491
10720
10690
10810
11501
11892
10630
11823
11752
11652
11942
11632
10791
11692
11451
11592
12173
10570
11772
11692
12042
11251
11692
10600
11842
11531
11762
11521
11652
11692
11642
11502
12683
10630
11752
11452
11662
11431
13255
11722
12133
14688
10951
16260
10860
10700
12343
11631
11701
11732
12042
10841
11601
10480
11812
11802
17613
10640
16100
11732
10520
11361
11722
11802
12203
11551
12013
10921
12073
11422
10599
11992
10840
11962
12182
11532
32902
11552
17142
11702
11201
10730
12022
10680
11962
11211
17002
11832
11542
11762
17363
11752
11952
11732
11592
10640
11651
11752
11521
11281
16401
10780
12313
11612
11541
12122
17252
10660
12163
12323
11762
11953
10940
13185
10790
11812
10700
11542
11962
11030
11622
11071
13635
10720
13655
10950
15599
10710
12033
11180
11692
11120
11512
11561
12543
11872
11732
11001
11622
13946
11121
11622
28133
10900
11462
11111
11451
10680
11632
11021
11852
11251
17183
11912
11942
11050
10750
17613
11091
11491
22602
11361
11401
11502
14637
10370
15579
11571
15369
11792
11001
12003
11622
12744
10981
12022
11100
12062
11211
15208
11662
11832
10861
12824
10730
16230
11652
11461
11061
11823
11551
11672
11672
11982
10991
11642
15549
10921
12894
11010
11601
11191
11642
11692
11451
11200
11151
10510
11802
11522
11582
11542
11682
11612
11602
11832
11631
11642
11792
12213
11782
11632
11632
11982
11682
12042
11522
11632
10810
11622
11642
11752
10660
10900
11472
11762
13135
11762
12273
11852
12263
11671
11823
11792
12283
10770
12463
11752
11922
11632
12133
11762
12493
11762
11131
12584
11692
12123
11562
11642
11882
11652
11962
11952
10530
11522
11812
12022
11611
11692
11671
10900
11662
11592
11852
11402
10680
11522
11792
11501
11762
11612
11711
10800
11682
11652
11602
10720
10700
11792
11652
11671
10660
11501
11812
11812
11522
11652
10920
12073
11862
11422
11842
11672
11742
11712
11571
11782
11612
10479
11762
11742
11912
11732
11472
11782
11531
11522
8927
11632
11922
10800
11612
12293
10830
13385
11782
10800
11762
11331
11311
10470
10680
11602
11682
11672
11602
10640
11041
11772
11632
11822
11642
10861
11962
11932
11622
11742
12082
11962
11802
11321
11251
11902
11461
13205
11632
11721
11582
11732
10680
11552
11592
11692
12904
11903
11832
11501
11973
10570
11742
11642
11922
12122
11762
11902
10680
11512
11341
10650
11852
11722
11692
10620
10700
11892
11652
10550
11572
11632
12583
8587
11512
19066
11792
12012
11782
11611
10760
11662
11782
11582
11622
11542
11641
10830
11862
11612
10820
11772
12062
10589
11832
11562
11601
11932
11682
13255
11652
11632
11582
11862
11622
11902
11843
10760
11482
11682
11742
11712
11632
11562
12023
11873
10760
10780
13806
10550
11571
11732
11842
11662
11662
11571
11782
11752
11622
11752
11682
11521
11662
11822
11792
11902
11852
11822
10690
11672
11782
11552
11792
11722
11772
10690
11051
11511
11782
11962
11732
12744
11471
10970
11662
11842
11852
11281
11111
11251
11361
11151
10900
11031
11261
10870
10981
10981
11211
11061
12263
10980
11572
11862
11932
11661
11612
11051
10971
10740
11933
11782
15559
11832
11291
10881
11401
11552
12023
11902
12263
11642
11321
10891
11882
12113
11822
10790
11361
13034
12333
11582
13095
11011
12614
11150
12033
11602
12684
11060
11151
11181
10890
11421
11813
10620
10990
11561
10610
10981
10660
11612
11511
11602
11652
11722
11632
11461
11482
11752
11752
11822
10860
10821
11462
11251
11301
10630
11491
11741
10760
11812
11772
11562
11712
11903
11842
11672
11391
11381
11211
11512
11441
11642
11511
11913
11671
11742
11422
11963
11311
10680
11782
11552
10530
11080
11542
11632
12092
11692
11441
12052
11422
11892
11812
11571
11381
10970
11541
11532
10890
11521
11702
11521
11671
11652
11011
11482
11592
11692
11762
11652
10459
11752
11852
11862
13305
11933
11542
11672
11492
11852
11562
11431
10690
11792
11752
11922
10810
11411
11632
11641
11582
11712
11742
11642
11441
11822
10590
11792
12043
11652
13075
11651
11571
11741
11542
11802
11471
11401
11692
12203
11472
11421
11752
11571
11782
11993
11752
10820
11011
11702
10690
11531
11662
16320
11672
11672
11852
11502
11672
11972
11792
11461
11782
11572
11512
11532
11191
11381
10579
11442
11652
12163
11732
11722
12262
11421
11561
11923
11531
11472
10720
11442
11682
11652
11972
11682
11812
11542
11762
11531
11772
10710
11622
11421
11712
11852
11481
11742
11612
11752
10700
11541
11521
11602
11782
11651
12072
11551
10519
11481
11571
11592
11712
11842
11922
11681
11672
11431
11632
11702
8326
10760
11592
11792
11621
10630
10700
10800
11832
11883
11711
11872
11562
11882
11621
10650
11823
11451
11762
11571
11521
11642
10730
10610
14237
11752
11762
11582
10690
11963
11812
11542
11441
11501
11742
11632
10921
11131
11120
11883
11431
10910
11031
10930
10980
11081
11121
11081
10980
13735
10991
10951
11201
13064
11551
11191
12564
11120
11111
10951
10941
11471
10860
11261
10901
10840
11131
10911
11041
10900
11071
11101
11051
11571
11692
10900
11050
10960
11752
11562
11301
10750
11020
10770
11191
11111
11041
10921
11071
10710
11621
11552
11521
11883
10740
11000
12443
10950
10881
10980
11091
11261
11862
11391
11011
10760
11872
14497
10650
11622
11772
11592
10790
8686
11692
8385
11542
11712
11701
8456
12664
11802
11762
10670
11882
11492
12183
12183
12163
11661
10770
11692
10600
12023
11752
8436
11632
11682
11000
10710
10930
10800
11632
11302
11201
10901
8496
11662
10720
11832
11842
11552
10610
10830
11953
8756
11873
11461
10730
10680
10720
11692
8516
11842
8455
11672
11802
12493
11802
11662
11421
11752
10910
11782
11782
10730
11351
8536
11762
8446
11732
11702
11621
10760
8416
11892
11842
10510
11602
8345
11672
8426
13445
10821
10660
10500
12233
11591
11762
10650
10620
10740
12032
11652
11912
11452
11702
11582
11601
11802
11432
10660
11492
11862
11641
11661
11661
10349
10590
11592
11481
11972
10891
10770
10881
12153
11812
11451
11622
11802
11812
11412
11712
10760
11301
11742
11611
10730
10890
11652
10670
10940
11181
11611
10820
10790
11862
11302
11502
11611
11822
11541
11582
12233
11542
11522
11592
11722
11601
11592
11682
11061
11231
11541
11632
11501
11632
10670
10810
11751
11542
11482
10569
11491
11592
11873
11832
11872
11592
11662
11552
11552
11461
11652
11522
11592
11542
11702
11712
12063
11621
11641
11511
11632
11592
12043
11612
11712
11611
11382
11863
11802
11541
11692
11702
11722
11432
11612
11632
11471
11602
11752
25307
11531
11772
11381
11572
11662
11692
11651
11612
11521
11471
11641
11612
11582
11502
11571
15419
11671
11692
11802
11602
19987
12193
11933
11621
11702
11672
8416
11642
11431
10951
11081
11772
11711
10770
10990
11191
12974
10841
10801
10820
12573
13636
9348
10900
9448
11562
8386
11031
9398
11131
9568
11702
8345
10840
14417
10891
11491
12013
11181
11341
10961
13144
11061
11031
11020
10891
10971
10930
10990
11291
11061
11020
11151
11402
11131
10920
10850
11662
11562
10690
11932
11601
11472
11481
11451
11622
11652
11892
11672
11722
11802
11631
11802
11632
11792
13595
11872
11672
11452
11712
8266
11561
17272
11602
10750
8626
11672
12072
21120
10830
10830
9027
11681
10500
11251
11722
13546
10670
11071
11722
11491
11361
11421
11571
11542
11752
10810
11541
11862
8435
11873
11662
11201
11802
11542
11722
11802
12173
11692
11481
11422
11902
11752
15810
11652
11962
11582
11802
11622
11502
11832
12082
10589
11782
11812
11451
13355
11652
11802
11551
11642
11662
11401
12453
11662
11230
11382
11682
11762
11792
11832
11561
11672
11792
13104
11141
11030
11702
11792
10951
11111
11631
11070
10980
11021
11642
11511
11652
11602
11772
11532
11722
11101
11562
11692
11040
11141
11051
10910
11532
10740
11441
11492
12894
13886
11813
19687
11071
11722
11461
11983
10990
11802
14518
12103
11412
11832
11522
12654
11561
12132
11051
11061
11752
11802
11281
10941
11110
12113
11672
11332
11081
10830
11241
10740
11742
11812
11782
11582
11711
11682
11471
11732
11512
11652
11802
11061
11642
11752
11792
11632
11982
11932
11852
11862
11782
11641
11813
12303
11532
12252
11852
11862
11581
11552
11581
11461
11591
11512
11602
11803
11492
11792
11481
11672
11341
11561
11642
11682
11301
10841
11352
10450
11742
11522
11111
12513
11431
10830
11281
11381
10820
10660
11562
11421
11762
15399
10570
10520
10690
10610
11552
11622
11803
11662
11672
11422
10810
11662
11411
11642
11572
11792
11672
11461
11502
11432
11471
11792
11481
11611
11552
11572
11642
11532
10780
11561
11691
11552
11531
18063
11220
12062
12854
12133
10870
11482
11231
12303
11472
11682
10960
11241
10820
10830
11391
12092
11471
11912
10941
11672
11040
17914
11141
12032
11942
11772
10960
12744
11502
12082
10920
11822
11070
11311
10960
11622
10961
11852
11091
11892
11702
12103
11602
12023
11672
12594
11111
11512
11070
12093
11281
11611
10911
13666
11572
11682
11452
10830
11041
11542
11522
10920
12083
11652
11822
11581
11211
11802
10630
10530
11621
11501
11722
11471
12263
11622
12132
11702
11692
11582
11782
11010
11672
11141
11671
8546
11001
9588
11301
8837
11071
10930
10981
10930
10931
11141
10961
11031
11111
10901
11131
11752
11451
11531
11582
10910
10940
13145
10870
10880
11110
13525
12464
11071
11732
11732
11552
10911
11151
11080
11532
12384
11531
11612
11642
11001
10950
10971
10991
11110
10900
11020
10790
10990
11001
11161
10900
11001
12724
11351
11431
10900
10750
11602
11261
11601
11832
11581
8365
11471
11731
11682
12253
11751
11812
11662
10860
11832
11762
11451
12042
11572
11692
11701
10580
10560
11702
11542
11612
11782
11942
11401
11843
11572
11482
13856
11421
11511
11832
11943
11561
11562
11521
12023
11591
11591
11591
11541
11782
11522
11853
11742
11502
11501
11782
11601
11672
11021
12022
11712
11502
11561
11522
11732
11562
10609
10781
11571
11672
11592
11662
10881
11632
14948
10580
10580
10830
11572
11902
11731
10520
11562
11962
11943
11501
11562
11552
11451
10740
11582
11532
10740
11611
11552
11732
10831
11271
10610
11521
11682
11712
11812
11622
11432
11582
11471
11872
11422
11642
11692
11872
11842
12593
11632
11662
11682
12013
11352
12032
11351
11762
11732
11562
11962
11412
10490
11602
14226
11642
11552
11532
11461
11541
11682
10831
11782
11552
10560
11692
11531
13295
11511
11632
11983
10730
11552
11611
11641
10589
11461
10840
12213
11442
10620
11511
11631
11622
11772
11832
10801
11682
11652
11582
11671
10680
11651
11521
11892
11511
11652
11742
11702
11532
10800
11681
11552
11672
11892
10570
11561
11532
11782
11852
11562
14347
10700
10870
11532
11712
11652
11762
11431
11542
10500
10820
11110
11592
12063
11652
11672
11933
12002
11512
11522
11512
10440
11552
11642
10690
11742
11532
10589
11632
11722
10540
11622
11842
11471
11632
10530
10600
11701
11442
11592
11712
10590
11632
11611
11783
11542
12273
11682
12022
11622
11832
10770
11602
11993
12082
6462
11000
11572
10921
11932
11853
6472
10950
10660
15228
11572
11040
5870
11511
8456
11372
11522
10660
10770
10790
11712
11792
11571
11802
10750
10650
10790
9438
10850
10800
11762
8586
11541
8376
11421
11481
11902
15138
10630
6622
10500
11883
12073
11412
5751
10570
6242
10830
10470
10961
11752
6713
11381
11531
11632
11451
8306
11452
11562
11531
11711
11561
8356
11342
8386
11582
11722
11692
11311
8366
11862
12012
11572
10540
11692
11342
11832
11431
11461
10509
12002
11512
10851
11562
11382
11612
11462
11661
10560
11562
11742
11812
11432
11712
10951
11621
11461
10710
11922
11532
17402
11381
12122
10660
11351
10931
10660
11742
8346
11792
11742
11932
11031
11912
11471
11551
14588
11581
11461
11000
11111
11671
11512
11502
11912
11502
11702
11602
11482
11702
8285
11471
10941
11641
10610
10830
11421
10560
10670
11862
10990
10048
11572
8306
11672
11722
10971
11772
8446
11532
11732
11702
12563
12303
8355
11621
11551
11632
11752
11000
11401
11922
10680
10660
11491
11872
8476
8465
8316
11601
11551
11512
11542
11611
8336
11552
11692
8596
11571
8466
11712
9388
11522
9538
11130
12163
12142
8376
11492
8536
11541
8616
11652
11522
11742
11511
6332
10870
11552
11321
11812
6372
10971
11472
11531
11792
11612
11612
11662
11711
11431
11542
11732
11993
14898
11862
8456
11601
11642
11802
11642
11612
11702
11762
11071
10990
11592
8576
11692
11681
11592
11642
8296
11631
11602
11011
9478
11431
8376
11572
11722
11591
11832
11512
8316
11591
11502
11712
8616
11421
8466
11451
11461
11001
11803
11030
8606
11512
8456
11451
11732
10560
11631
8536
11823
11752
11621
11632
11601
8506
11982
8445
11592
8466
11451
11701
11492
11892
8415
10850
8436
11692
10760
10720
10871
11932
8316
11582
10941
11572
11972
11421
8506
11472
11632
11741
10700
8225
11902
11742
11441
12273
11041
10930
11030
12123
11652
11742
11131
10971
11602
11832
11612
11461
10890
11140
10970
11080
11221
10850
11011
12132
12474
10780
10840
10940
16050
10780
12052
11722
10810
12073
11431
11651
10861
11010
11381
11782
11682
10630
10981
13465
10420
11942
11471
11532
11442
10500
11822
11712
11682
11742
11652
11601
11401
11452
10450
11511
11491
10950
11842
11472
10690
10610
11662
11621
10530
11872
11691
11622
11681
11441
12514
12273
11101
10770
10720
11562
11612
10630
11802
11582
11782
11592
11582
11672
11281
11782
11552
11932
11281
10560
11521
11672
11662
11551
11582
11642
11501
10810
11762
11452
11702
10449
11712
11011
10530
14357
11611
12213
11532
11582
11522
11321
11541
10750
11762
11612
11772
11741
11571
10830
11511
11562
12053
11402
10951
11521
11572
11782
12003
11451
10941
11111
10520
11531
12092
10750
11442
11401
11802
10499
10640
11622
11561
11792
11882
11652
11561
10710
10620
10479
11661
11611
10470
11542
11612
11592
11922
11481
10620
11552
11541
10569
11701
11511
11551
11742
11872
11461
11171
11050
11562
11672
11451
11090
11822
11081
10850
11782
11832
11461
11772
11933
10599
11652
11582
11692
11752
11762
11461
11772
11622
11943
11702
11471
11601
11812
11732
11572
11522
11622
10610
10650
11531
11792
14457
11492
10510
11682
11582
11702
11652
11692
11411
10740
11372
11462
10580
11150
11301
11692
11561
11541
11441
11541
11571
11612
11632
11522
11421
11641
11612
10539
11822
11622
11452
11281
11722
11642
11561
11632
10679
11992
12262
11651
11711
10630
11582
11691
14537
11802
11492
10700
11581
11561
11611
11602
11482
11651
10559
11582
11512
11932
11471
11522
11431
11612
11902
11662
11782
11732
11532
11631
11592
11632
11572
11411
11712
11422
11391
11953
11642
11511
10911
11441
11592
11502
11592
11551
11501
11481
11792
11471
11451
11571
11471
11651
11431
11442
11802
11582
11482
11782
11452
11862
8276
11672
11602
14066
10599
11512
8435
12173
11792
11892
11482
8906
11822
11461
11040
11051
11411
8435
11512
11873
11672
10500
11481
16791
11581
11722
11541
11511
11671
12423
11632
11842
11682
11572
11541
11421
13456
11472
11682
12313
11802
10880
11532
11561
10750
11672
11712
11642
11701
11462
11562
11482
11582
17343
11461
11401
10690
11371
11672
11051
11502
11652
11672
11682
11601
10890
11451
11581
10500
11582
11481
12022
10630
11482
10710
11532
11391
11471
11532
11852
11572
11692
11772
11993
11712
11371
10540
11521
11432
11682
11081
11391
11451
10640
11531
11602
13285
11962
12604
11482
11611
11681
11281
10610
10549
11632
11541
11472
11571
10800
11561
11622
11372
11671
11642
11621
10479
11662
11552
11592
11852
11481
10950
11692
11843
11511
11641
11431
11692
10580
11712
11802
11531
11451
11732
12023
10690
11401
11591
11622
11531
11482
11431
11501
12113
11431
11471
11611
11572
12253
10770
11511
11401
10670
11442
12454
11391
11752
8355
11551
11772
11471
11050
11121
11521
11822
11812
10920
10931
12433
11111
11391
10880
11040
10971
11000
11111
10971
10991
11211
12433
11020
11462
11621
10860
11131
10921
11672
11491
11040
11001
11001
11051
11090
11091
11832
11722
11732
11361
10890
10871
11011
10830
13535
10851
11151
10931
10891
11231
11040
10951
11131
11071
22873
11862
11671
11641
11140
10910
10891
10810
10820
10891
11051
12694
13194
11090
12143
11812
11432
11812
11131
11051
21751
10820
10930
10880
10851
10870
11001
11311
12283
11101
11572
11301
12253
10960
11020
10981
11151
11031
11130
10720
11010
11070
10560
11581
12373
10359
11381
10971
10891
11602
11481
11962
11712
11682
12123
12153
11853
11932
11662
11342
11962
11612
11702
12744
11962
12042
10821
11512
11461
13946
11712
13976
11531
12133
11521
17332
11842
11542
11742
15650
11531
11873
11581
12082
10790
10740
11712
11482
10970
10961
11832
10800
10640
16931
11612
14948
12033
11672
11571
11983
11572
17333
11492
11651
11952
14006
11712
13325
11872
10940
11642
11952
11551
11622
11882
11662
11562
11822
11672
8305
11542
11682
11352
11962
11281
11892
11531
11712
11331
11672
11412
11502
11532
11942
11592
10630
10490
10890
11492
10930
11402
11452
11531
11221
10930
11642
11251
11591
11532
11512
11922
11572
10590
8265
11972
11591
6232
11672
5631
11662
11401
11602
11572
11432
11963
11521
11462
12894
8566
10811
8346
12384
11331
11592
11411
8166
11501
11521
10670
10760
8857
11642
11351
11612
8155
11552
11642
11632
11692
10840
11070
6402
11321
8315
12083
10640
11120
12784
11402
8405
12043
10529
11422
11372
10850
7133
11682
6312
10980
11772
8897
10810
11521
10961
11612
11000
11522
10991
11161
12083
11551
10880
11922
12273
11822
6321
10630
10941
11682
11461
19957
12052
16050
11531
11542
15980
11531
11832
11521
8526
11572
8296
10781
11972
11652
11381
11722
11862
11972
8436
11531
11852
11010
10500
10570
8526
11612
8376
11551
12192
11652
8475
11522
8396
11512
10460
10800
11001
10640
8345
11502
11541
11912
16190
10490
12162
11582
14367
12033
11973
11893
11812
11902
8276
11612
16271
12393
14377
11351
9578
11632
8456
11582
10880
11692
11822
11542
6202
10990
10549
11551
12083
11611
11792
11642
10580
11552
11492
11822
10660
11081
11662
11642
11452
11491
11441
11862
8616
11512
11602
5631
10820
10610
11311
10940
10629
10810
13615
11471
8657
12393
8375
11572
14427
11462
11702
8426
11752
13585
11292
11201
11461
8326
12173
14126
11352
11511
14808
8225
11561
10920
11442
15639
8325
11551
14567
10950
12684
11211
11702
11952
11412
11782
12854
11631
11682
14548
11481
11591
11462
8797
11462
8296
11712
14658
11671
17042
8355
11582
12203
11522
11772
12273
8526
11672
12383
11692
17152
11451
12093
8445
11571
8306
12464
11080
36719
11872
11632
12483
10720
10720
11942
8406
11582
10740
10480
10891
11621
11682
8496
11942
12062
11772
8366
11472
11011
11041
10990
12133
11652
11481
11531
10450
10560
11552
11241
11442
10569
8376
11792
11612
11522
10680
10589
8486
11782
8526
11602
8336
10410
11712
8435
10660
8295
11621
11842
11752
11652
5891
11221
10730
10560
10951
8496
11602
11552
11973
11681
11562
8917
11722
8656
11431
11601
11211
9458
12042
9709
11452
11772
11251
12373
10619
8235
11872
11341
11812
11692
10589
8556
11441
11622
11601
12393
11932
8435
10570
8346
11792
10750
11621
8375
10529
8766
11642
11782
11892
11452
12543
8646
11532
8416
11581
11542
10559
10810
11451
8776
10690
5671
11031
10700
10710
11632
8305
11251
11511
11762
11521
11392
10800
11412
11572
11542
10840
11131
11412
10770
10710
10810
11782
11572
11902
11772
11992
11552
11632
11421
11581
11201
11361
10700
11502
10940
21570
10990
10699
11491
11632
11581
11391
11862
10320
11411
11511
11782
12003
11772
11752
10239
11702
11341
11572
11602
11131
11461
11712
11902
11451
11632
11662
11351
11141
10810
11812
11482
11772
11461
11492
10670
11742
11782
10830
11471
11412
10750
10540
11321
13185
10599
11862
11762
11912
11071
10790
11572
11602
11332
11462
10780
13095
11682
11642
10820
11592
11611
11552
11702
11942
11952
11852
11311
11501
11521
11732
10510
11752
11451
11491
11742
11522
11562
10820
11952
11842
10680
11442
11521
11461
11451
11572
11351
11562
11522
11491
11542
11652
11632
11772
10850
10980
11592
11662
11521
11481
10540
11442
11441
11502
10640
13786
11722
11681
11752
10349
11561
11712
10599
12052
11652
11592
11381
12043
11933
11682
11211
10489
11451
11602
11531
11701
11602
11872
12042
11491
11431
11692
11321
11531
11321
17473
10440
11672
11371
11602
11501
11361
11712
11732
11531
11552
11782
11352
11852
11672
11532
11742
10539
10790
10850
12012
11562
10559
11722
11451
11331
11892
12033
10470
11792
11371
10590
11782
13004
11922
13075
11562
11471
11632
11491
11481
10820
11832
10840
11742
11131
10930
10861
12042
10881
10740
13335
11561
11451
11772
11050
13826
10920
13826
12202
12984
11110
11712
10920
11762
11181
11702
12183
10470
11572
11391
11582
11691
11782
10880
11632
11702
11832
11973
11372
11561
12003
10860
11401
12283
11451
11591
11421
11381
11151
11342
11782
10530
11993
11461
11782
11972
11281
11741
11562
11291
11392
11491
11391
10650
11822
11471
10790
12112
11561
11552
11662
11512
11412
10690
11853
11401
10890
12233
12763
10750
11412
11552
12063
11512
11401
11862
11772
11601
11421
11692
11731
11462
11051
10639
10740
11351
11561
11742
11321
11502
10750
10860
10599
11722
12033
10610
11692
11692
11601
11422
11471
10880
11622
11622
11461
11511
11682
10891
11662
11281
11591
11311
11602
11612
12002
11942
11571
12042
11491
11332
11762
11702
11592
11542
11522
11562
10940
11021
11632
13255
11552
11401
11541
11421
11352
11491
11732
11562
11541
11582
11652
11531
11612
11732
11843
11972
11642
11552
11582
11552
11452
11521
11652
11983
11832
11401
11562
11481
11511
11542
11601
11792
11431
11522
11672
11451
11431
11602
11612
11932
11622
11581
11531
11621
11762
11833
11301
11532
11612
11702
11471
11502
11632
11842
11511
11431
11702
11542
15288
11622
11492
11631
11612
11922
11993
11722
11812
11621
11822
11371
11962
11972
11462
11451
11882
11451
11602
22452
11561
11441
11672
11572
11521
11672
11422
11762
11642
11492
11602
11511
11471
10970
10950
11722
11962
11572
12203
15308
11842
11662
11712
11692
11642
11491
11612
11522
11401
11511
11682
11542
11702
12022
11401
11201
11331
11581
11571
11522
11662
11752
11912
11461
11521
10750
10439
11581
11621
11561
11532
11541
12102
11592
11512
11381
11541
11471
11542
11552
11582
11702
11472
11672
11612
11622
11482
11682
11752
11471
11462
11471
11462
11521
11622
11592
11301
11762
11652
10791
11953
11572
11561
11632
11411
11362
11261
11612
11601
11512
11040
13726
11622
11542
11501
11701
12133
11641
11402
11742
11522
15198
11512
11892
11352
11601
11341
11722
10921
10960
11632
11351
11531
11491
11702
11421
11561
11451
11642
11721
12042
11672
11571
11692
11612
11892
11852
11672
11422
11601
11441
11592
11502
11451
11862
11391
11822
10950
11461
12103
11501
11702
11772
11542
11451
11541
11381
11692
11672
11622
10529
10931
11391
13495
13385
11943
11692
11912
11772
11542
11782
11552
11502
11652
11572
11652
11371
11412
11251
11361
11562
11452
11412
22322
21961
12243
11522
11561
11702
11982
11712
11322
11682
11682
11291
11682
11291
11612
11362
11622
11682
11572
11442
11592
11471
11762
11321
11562
11702
11481
11972
10970
11672
11672
11552
12013
11822
11672
11531
11972
11551
11702
11441
11652
11552
11401
11151
10910
11651
11902
11672
11562
11462
10840
11472
11501
12042
11772
10881
10841
10871
13535
11572
11321
11662
11772
11752
11090
10921
17262
11912
11411
11431
11722
11512
11842
11492
11432
11832
11752
11522
11601
11832
11482
11722
11712
11882
11501
13946
6272
11731
11271
10970
11551
11642
11702
11441
11462
11662
13465
11642
13345
10940
11562
11752
11622
11391
12293
11852
11822
13295
10840
11942
11862
11442
11652
11461
11742
11321
11722
11331
11452
11652
11382
11842
11422
11601
11462
10890
11662
11681
11401
11651
11652
11842
11451
11492
12534
11571
11601
11722
11441
11621
11662
11632
11381
11481
11591
11682
11722
11602
11812
12073
11572
11572
11692
11812
11741
11862
11962
11541
11461
11392
11722
11151
11552
11431
11832
12062
11491
11582
11552
11622
20508
11662
11211
10790
11702
11782
11632
12063
11151
11070
11411
11822
11652
11601
11421
11632
11612
11322
11512
11622
11972
11552
11581
11432
11572
11382
11652
11943
11732
11761
11461
11562
11752
14176
11581
11652
11552
11682
11661
11601
14628
11712
10840
10680
11722
11582
12153
11632
10610
10710
12052
11752
11702
11852
11983
11651
11601
10500
11531
11732
11542
11492
11572
11391
11852
10610
11401
11462
11371
11581
11682
8316
11652
11522
10610
12032
12082
11501
11482
11993
10519
11822
10460
11512
11592
11512
11992
11582
10770
11110
11381
10730
10489
11411
12413
11391
11371
11511
10680
11641
11651
10409
11752
11552
10660
11542
11672
10791
11582
11482
11892
11651
11662
11842
11431
11982
11742
12022
11682
10821
11552
11682
12233
11852
11702
11512
11442
11702
11481
11571
11542
11041
11341
13195
11061
11351
11661
11351
11611
11832
11201
11531
10539
13725
11562
11672
11050
11601
11031
12002
11521
11601
11141
11542
11561
11491
11923
11591
11081
11561
11552
11592
10881
11452
11271
11712
11682
11412
13305
10911
11562
11722
10740
11692
11041
16110
11652
11662
11041
11422
11301
11912
11231
11471
11471
11201
11372
11652
11261
11792
11772
11091
11862
12433
11431
16711
11421
12053
11562
12604
10911
11461
10530
13294
10910
11622
10840
11462
11041
10940
11091
11662
11792
11542
11161
17263
11591
11692
10981
10881
10820
11482
12804
11141
11612
11482
11902
11331
11582
11542
10951
15860
11441
11701
11422
11111
11602
11492
11050
11902
11692
11552
11161
11291
10911
10990
11782
11522
11672
11061
11061
11581
10970
11822
11993
10951
11722
11772
11020
11641
11873
11712
10870
10881
11151
10861
11491
11662
11251
11702
11431
11341
11652
10890
10590
11742
10590
11682
11231
11762
11902
11532
11762
11522
10670
11021
11501
11982
10790
11432
10940
10590
11772
10569
10640
11121
11782
12113
19737
11652
11622
11792
11631
10570
11461
11893
10519
11441
12243
11973
11000
11601
11141
11471
11612
11441
11772
10439
11852
11582
11331
11211
10931
12182
11392
10640
10560
11641
11872
11502
11412
10680
10610
10579
11572
11411
10820
11501
11582
11541
11882
11682
11592
11792
11611
11652
11491
8736
11942
11471
11662
11803
11892
11552
8466
11562
11501
10430
10490
11731
8346
13855
8236
11873
11712
11692
10590
8375
11902
12002
12714
11702
11812
8356
11712
11461
11712
11812
10921
6282
11020
12964
6602
10930
12142
10810
10409
6222
10900
11602
11201
11592
13506
8316
11522
10840
11602
11882
11632
8405
11812
8526
11883
11662
10609
11732
11511
11601
11581
11411
8395
11642
8546
11531
10720
11742
11451
11431
11131
10931
11732
11682
14507
10650
11071
11061
11652
10751
11061
11452
10860
11832
11611
11662
11742
11020
10920
11461
11071
11551
10941
11061
11051
11671
10990
10890
11121
12494
11602
11652
11932
11802
11121
11041
11151
11792
10891
11521
12654
11050
10911
11261
11241
17172
13835
12022
11492
11762
11101
12363
11581
13645
11041
11621
11602
11191
10860
10850
11642
11552
11662
11662
11251
12262
11742
11631
11702
11522
11311
10770
11672
11662
12093
11552
12233
10369
11311
11812
10610
11682
11572
11953
11542
11412
11401
10801
11642
11942
11632
10670
10530
10850
11472
11822
11562
12032
12193
11802
11562
11601
11482
11532
10540
11562
11642
11933
11491
12022
11501
10770
11642
11591
11491
11371
11662
10931
11411
11341
10490
11351
11621
10580
11772
11502
11412
11682
10680
10460
10810
11902
11401
11351
10589
11651
11531
12072
11341
11462
10980
11842
11682
11872
15499
11622
11722
11732
11562
11382
11441
10570
11501
11872
12003
11551
11832
11501
10831
12123
11602
10630
11701
11712
11312
11822
8435
10590
8255
11591
11562
11251
8546
11903
8546
11502
11501
11210
10510
11401
10650
11682
11351
11772
10730
8355
11872
11602
11421
11972
10981
11211
10689
10761
11131
10499
11482
8396
10741
8285
11381
11822
10971
11671
8446
11622
11331
10940
10670
9217
11382
11562
12514
11852
11301
11501
11562
10820
11391
11642
11581
11482
11492
11712
11722
11391
11692
15569
11512
11491
11702
11692
11782
8726
11903
9448
11021
10569
11131
9328
11622
11141
10780
11071
10990
10830
10751
10920
10831
11601
10841
10980
10930
11622
11381
11532
11582
10730
11661
11551
11491
11432
11451
11090
11421
11432
11822
11672
11632
11662
11131
10970
10670
11471
11551
11591
10479
11962
11501
11551
11922
11332
11151
10860
12133
10891
11432
10981
11271
10900
11151
11682
11983
11582
11361
10941
12363
11602
11171
10910
11281
10941
11682
10900
11291
10931
11391
11161
11511
10930
11862
10740
15730
14327
12503
11451
11322
11081
12063
11712
11993
10710
11441
15600
11451
11031
12984
10660
11442
10870
11442
10770
11411
11431
12092
11021
11903
11391
12143
10870
11431
10860
11291
10960
11792
13255
11371
10940
12915
11061
12714
11592
11992
11542
11561
10740
12273
11481
11492
11011
11582
10800
11521
11161
13055
11141
11501
10920
11812
11451
13005
11472
11842
10960
11442
10951
16150
11001
11211
11020
11401
11552
11993
11591
11562
11100
11892
11651
11362
11893
11802
11983
12062
11592
11471
11070
11993
13064
12072
10820
11421
11392
11972
11652
12904
10560
11531
12433
11823
10680
11391
10680
12042
12133
12283
11111
10880
10890
11502
11772
10841
10961
11041
11080
10890
10790
11281
10900
11231
11000
11602
10980
12213
11522
11742
11081
10991
11321
10981
11161
11291
11562
11461
12423
11241
11201
12122
11832
14236
11121
11571
11311
13285
11462
11902
11782
12122
11652
12213
10980
11301
10800
11422
11221
13936
10730
11632
10911
11542
11672
11431
10740
11531
11040
12273
11582
12002
11912
11842
10981
12113
10850
11110
10881
11101
11241
11211
11060
11832
11061
14357
10961
11381
10890
11892
11101
11441
10850
10790
11752
12403
11071
17563
11472
11181
11692
11963
13115
10430
12022
12894
10600
11241
10990
12072
11581
17162
11551
17173
11402
11732
11231
14728
11061
11792
11001
16100
14117
13746
11572
10670
12173
11963
11611
11973
11952
11652
14998
11561
10690
11632
12303
11762
17222
11873
11482
11691
12003
11651
11842
13104
14487
18275
11582
13796
11572
12945
10700
14077
11472
11591
12243
11963
11462
11772
11472
11591
11482
11722
11641
11562
11602
11532
11632
11993
10730
10670
11491
11592
11562
11692
11471
11782
11491
11963
11541
11622
11772
11692
11752
11902
8466
11461
11742
11511
11532
10841
10970
11452
11561
11491
10840
11001
10950
10890
10931
11151
11522
11742
10990
10880
10890
11541
11622
10971
10690
11061
11201
10930
12713
12453
11852
11882
11542
11001
10760
11492
11632
11562
10960
11121
11511
11732
11492
12774
10850
11592
10910
11061
11000
12514
13094
11441
10841
11171
11331
10841
11141
11732
11671
11371
11241
11191
11833
11711
11342
10950
11101
10910
11862
11962
10930
11051
16842
13425
12112
11942
11641
10950
11631
11481
12503
11541
11040
10990
10790
11411
12393
11231
11531
10880
11992
11552
11301
10860
10490
10911
11511
10560
11722
11512
10690
11542
13576
11582
11962
10570
11541
11812
11702
14657
11983
11722
12263
11591
16811
11562
11752
10860
11722
11732
11522
10700
11482
18785
11642
11792
11541
12082
11441
14247
11562
11521
11562
11441
11452
10480
11863
11542
11361
10940
11561
11542
11772
11903
13495
11401
11632
11361
8325
11873
11461
11492
10971
8346
8385
11672
8276
11732
10049
8235
11591
13436
11632
8275
12132
8175
11311
11101
12073
11762
11592
5961
11161
10820
12012
14787
10580
5641
11522
11843
11592
11862
10810
11752
11732
10619
8526
11662
8456
11682
8405
11541
8365
11812
8516
11552
8375
8446
11572
8325
11542
8245
11722
8276
11862
8947
11501
12052
11752
11923
11572
8335
14346
11612
14427
9527
10830
11672
8196
10670
11522
11591
11642
11491
11462
11862
11692
11532
11461
11501
12013
11923
11903
12083
8446
11862
11421
14247
13515
11642
12132
11572
15599
11662
13525
11412
13786
12063
15068
11531
12373
11672
25978
11812
12102
11671
12063
11462
15008
12123
12083
11762
11762
13475
10920
10931
10510
11923
11551
11732
11511
11452
11251
10770
11181
11361
11862
11561
11001
11471
11281
10820
11682
11071
11441
10639
11030
10820
11872
11351
10940
11462
11462
11602
11271
11071
11361
11261
11361
11983
10900
11111
11572
13365
10910
10870
11492
10680
6321
11071
10580
11141
7444
13565
8375
11111
8256
11411
11732
11592
11843
11502
11822
11542
10700
11481
11652
11642
8666
11922
11581
11592
11972
11692
14216
12033
11902
11863
12153
8506
16561
10569
5791
12724
10590
11622
12063
11402
14326
11792
11452
5871
11361
10710
17834
11702
11101
6582
10860
7364
10801
6322
11401
5741
10900
6392
11040
5811
6492
11070
5691
11221
11361
6362
12513
11562
12193
10730
6322
11381
10841
6812
10931
13666
5751
11231
11061
11592
6352
10910
11602
6652
11381
6392
11111
5831
11762
6653
11281
6342
11311
6452
11832
6382
11271
6602
11461
6442
12003
6312
11381
6522
11351
11031
6362
12112
6372
11391
6432
11331
10950
5691
11532
11491
5680
11312
13836
11402
5751
11321
5921
12113
10900
6693
11030
6442
11000
6432
11091
6292
11261
6261
10870
11662
8455
12123
6231
11742
11081
6402
10930
11311
6592
11161
6352
11151
6362
11351
11141
6442
11071
10950
6222
11191
10510
11561
12333
11622
6292
11111
10620
15770
11611
12884
11732
11822
12043
12684
10670
12262
11983
14316
10670
17223
11542
12203
11391
6432
11181
6402
11131
6332
11431
6291
11251
6412
11562
6312
11541
6392
11451
6402
11301
6712
11251
6582
11492
6312
11591
6402
11692
11011
6422
11010
6391
16241
6252
10820
6512
11211
6622
11331
6492
11060
6362
10840
6673
11181
11482
6592
11361
6563
11612
6402
11942
11181
6412
11080
6442
10960
6322
11101
11281
6552
11582
6322
11411
6422
11432
6622
11551
6382
11382
6573
10961
10610
6251
10820
11391
11632
11612
10610
11642
11372
10720
11542
11552
11682
10910
10971
10529
11291
11732
10580
11552
11902
11421
11662
10930
10610
10570
10880
10650
10510
15419
8426
11421
11832
11692
11752
11511
8235
11572
10550
12112
11772
11702
8366
11812
8286
11532
6432
11201
7173
11301
6412
11101
7324
11181
7635
12514
6462
10920
6362
11070
5801
10970
5701
11792
7214
12464
5971
11491
8576
11071
6001
11311
6562
11091
6412
11100
7203
10850
6813
11452
5740
10940
5981
13465
6522
11321
5941
11572
6753
10870
6683
11361
5841
10470
5750
10771
11742
10780
10509
11131
11762
11542
10840
11342
11531
11512
11622
11742
11852
10519
11532
11372
10560
13575
11612
11542
20829
11732
11772
11602
11421
11491
11662
10861
11402
11622
11472
11441
11632
11491
10670
10700
11622
11652
11812
10559
11271
11943
11712
11602
10750
11672
11572
11261
13275
11731
10760
11372
11662
10449
11571
11622
11582
11672
11612
11562
11592
12193
11551
11601
11471
10951
10449
10710
11551
11592
11661
11431
11521
11581
11652
11551
10480
11421
11392
11681
11632
11873
11642
8305
11542
11492
8276
11601
11731
10710
11541
11491
11441
11732
8305
11862
8295
11552
10549
11562
10871
11091
11992
11381
11852
11492
11812
11902
11712
11922
11672
11702
11472
10750
11491
12003
12513
11582
11431
11441
11502
11872
10670
11802
11532
10530
11932
11541
11772
11702
12082
11562
10590
11551
11621
11502
11342
10880
11732
10650
10630
11552
11602
11662
10820
11822
11621
11532
11711
11452
10359
12123
11661
10760
11442
11612
11551
11672
11461
11511
10610
11161
11862
10620
11431
11572
12123
11782
11361
11221
11571
10710
11592
11832
11943
11992
11983
11742
10550
11402
11652
10469
10620
11592
11432
11491
11562
11591
11491
11371
10610
11522
11772
11432
11641
11642
11521
11852
11531
11501
11541
11692
11942
11441
12102
11061
11362
11621
11110
10740
11542
11262
11391
10630
10620
12143
11501
11511
11531
10370
11512
11541
11712
11632
11932
11531
11732
11491
11722
11823
13766
11511
11441
10730
12013
11401
12143
10770
11501
11892
11401
12013
11451
11491
11572
11541
11552
11832
11512
12163
11532
11592
11652
11602
11641
12784
11371
11402
10590
11872
11492
11522
11622
11462
11532
10790
10821
11672
11641
11492
10660
11782
11953
11752
11652
11692
10771
11622
11823
11622
11351
12152
10490
11751
11441
11672
11512
11612
11341
11522
11431
10649
11521
11642
12002
11572
11642
11070
11832
11712
11572
10540
11732
11411
11611
11972
11491
10690
11641
11562
11632
11852
11471
11942
13665
11452
11000
11622
11522
11482
10800
10590
11631
11902
12083
11441
11892
11672
11442
11521
11972
10670
11602
11842
11612
11802
11983
11822
11912
11481
11782
11842
11632
13606
11441
13095
10790
12644
11502
11751
11552
11862
11741
11742
11452
10470
11461
11542
11692
11692
10590
11712
11452
14127
11592
11451
11391
10950
11200
10720
11622
11612
10760
11511
11592
11722
11491
12083
11652
10560
11581
11672
11682
11522
11471
11391
11482
11852
10881
11732
11862
11552
11301
11632
11702
11531
8355
12002
10509
11622
11532
12053
8506
11692
8275
10630
11612
8325
11671
8416
11762
8235
9638
11682
8455
10640
8556
11612
8316
11802
8386
11682
8426
11451
8466
11572
8235
11572
8295
8396
11682
8486
12193
11442
11412
10740
11642
11612
8225
11472
8516
11691
8285
11391
8436
8385
11582
8726
8576
11651
8295
8366
11732
8376
11632
9147
11051
9768
11011
9608
10930
10960
10650
10961
10860
10660
11622
11782
11772
11541
12002
11672
11671
11582
11462
11522
11681
11742
11742
11872
10840
11792
8556
11362
8566
11622
11602
8516
8666
10760
8726
11762
11612
8266
8536
10710
8586
8315
11482
9678
11211
11321
8255
8245
10780
11361
10570
12524
8466
11591
8305
12102
11612
8747
11591
8436
11863
12122
11401
11692
11382
11872
11722
11451
8316
11382
8195
11772
10550
8325
8315
10550
8265
12133
11652
8506
10830
11622
11651
12183
8266
11642
8325
11572
11602
11632
8446
11571
8306
11692
8416
6623
9307
6362
9288
6002
11291
6051
14147
6603
11561
7644
11431
6823
11151
6833
10871
6362
12954
6442
11171
6282
10850
5871
10831
6382
10841
6282
10881
6011
11672
6392
10761
7424
11431
6673
11201
6362
10940
6753
10840
6452
10940
6452
11702
6502
10800
7114
11080
6732
13144
7083
10800
6672
10970
6512
13456
6271
10941
8015
13315
6552
10950
6723
10901
6362
14277
6813
11211
6322
10750
9368
6372
9588
6372
9287
6362
9478
6562
10920
6282
30798
6412
11752
6422
11612
6522
10950
6362
10730
6432
11111
6593
11341
6632
10831
5881
6382
9357
6492
9467
6592
9839
6372
8696
5921
9478
6602
10891
5981
9588
7003
11692
6262
11191
7955
10870
6702
10851
5931
11081
5911
10890
6051
11041
6352
10670
6382
12083
6512
10931
7203
10861
9487
6342
9066
6172
9788
6582
9288
6422
9317
6041
9508
6332
13104
6783
11080
6352
14097
6873
11331
6452
12674
6262
11241
6241
10931
6001
10881
6291
11020
5991
10840
6492
10871
7414
10831
5952
11542
6402
10950
7033
13746
6412
10770
7564
13165
7955
10720
7674
9167
6502
9318
6011
10790
6442
11181
5961
10921
9337
6352
9338
6462
9358
5921
12153
6432
9548
6262
9257
6402
9748
6542
9337
5981
9388
6091
9247
6392
9658
6482
10028
6352
9287
6301
9217
6602
10730
10660
5961
12233
10580
11551
8266
10790
8436
11592
8265
11632
8085
11601
11371
11381
11281
10801
11000
8146
10920
10780
8296
10951
10920
11000
8346
11281
10760
8316
11842
11652
11481
11491
8306
12644
11030
8205
11702
11601
8395
12083
11592
11962
11561
8306
11021
10760
8626
11211
8175
10700
11321
8495
12033
11421
8386
10529
10509
11922
8727
11672
11772
12303
11462
8516
11662
11442
8906
12103
11412
8756
11532
11682
11793
10920
11782
11131
11502
11822
11732
11792
11401
11691
11601
10519
11862
11902
11542
11572
11391
11421
11742
11442
11532
11471
11682
11571
11462
11592
10569
14698
11852
10840
11722
11732
11551
12333
11752
10720
11632
11551
13496
11732
10720
11442
10670
11431
11571
11782
10760
13245
11311
13205
11481
11582
11732
11762
11622
12032
10650
10570
11362
11512
11662
10580
11702
13646
11411
12172
12343
11822
10530
12403
11452
10600
10690
10520
11621
8296
10510
11652
11421
11461
10440
11632
11662
11793
11001
10900
11100
11581
11592
11481
11532
11471
10700
11762
11822
10389
11652
11531
11431
11541
11462
10610
11552
11451
11892
11491
11491
10560
11682
11652
11391
11462
11952
10931
11632
11532
11030
11481
12303
10660
11702
11712
11471
13074
12103
11671
10620
11502
11892
11902
10690
10680
10700
11481
11701
11381
11551
11592
11522
11371
11551
10980
11191
10760
12083
11492
11000
10880
11131
12013
14076
11902
11050
11572
11592
11982
11642
10690
8366
10560
8466
10840
11661
10560
12363
10690
11542
8366
11742
11572
11561
11632
8295
11802
11642
11621
11772
11782
8346
11391
8436
11521
10800
8326
11692
10570
8326
11562
8356
11612
11482
11732
11542
8636
11491
11812
11882
11972
17243
11442
11411
15690
11401
11732
11672
11561
11652
8917
10480
11892
11651
11721
11422
12082
11612
10499
11561
10700
11561
11752
10569
8506
11421
11541
11602
10480
10550
8756
11421
8335
11471
8526
11501
8185
11892
15990
11702
12033
11431
10961
10660
10990
11532
8496
11572
8366
11731
11511
11873
11422
10399
11522
11622
11592
10520
8466
11512
8676
11642
11472
9318
12023
9638
10961
11432
11291
11632
8265
11752
11762
10649
10680
10760
8295
11301
11441
11261
15479
11832
10600
11572
11671
11491
11541
10570
11591
11582
11391
11541
8806
10579
8336
11682
11481
11442
11762
11632
12885
11622
12073
11942
11652
8176
11752
11622
12023
11913
11522
8516
11602
8255
11582
10509
11641
10690
8346
11462
11782
11792
11912
11532
5500
11101
10910
11441
11672
11852
8405
11432
11691
11481
11612
10750
11532
11532
11241
11442
8556
11692
8235
11582
11973
12082
11672
8276
11512
11542
11051
11561
9287
11872
11731
11571
11672
11462
11391
11692
11481
11882
11632
8195
11862
8626
11592
11762
10870
11932
11752
13135
11592
11442
11732
11552
8596
11431
8846
11441
12865
11381
8315
11672
8315
11652
10500
11442
11582
8286
11581
10489
11582
10469
10399
11862
10570
8436
10900
8476
11462
11621
11612
11541
11701
11792
11621
11521
10399
10489
10730
11421
11732
10810
8345
11431
11411
11421
8866
10440
8415
11531
8466
10740
11571
11982
10730
11652
11872
11701
11060
10339
11462
11411
11672
11602
11682
11522
10930
11572
8235
11471
11542
11131
8496
10690
8265
11552
11522
10450
8266
10961
10670
11512
10629
12083
12022
11661
8205
10620
8215
11843
11612
11732
11792
11742
11261
10881
10840
6733
11151
11712
10660
11903
10550
11932
11662
10840
12704
13555
10970
11611
11732
12303
12083
12243
11301
10539
13255
10921
11482
11622
11611
8316
11702
8356
10480
6392
10540
10620
10941
10930
11421
6412
11071
12113
13706
10770
13536
8677
11972
8385
11512
12033
11762
11652
11602
11832
8395
11532
11581
11672
11762
11642
10499
11452
10459
10579
8275
11472
11512
11441
11421
11722
8446
11421
8396
12924
11451
8456
12103
11952
11611
10479
8346
11732
11631
11511
8425
11482
8386
11642
10460
11612
11602
11571
10499
11782
10800
10630
10760
8286
11672
11521
11822
11482
8495
11832
11442
6191
10730
10569
10821
11592
11421
11993
10510
11512
11792
11822
11701
12022
11491
8375
12223
11461
8366
14457
11601
13395
11111
13164
10640
11331
10860
10721
11471
11382
11652
10510
10530
11862
11702
11632
10730
11562
10489
10960
10920
6913
11542
12012
11632
10610
10519
10911
11010
17102
8666
13234
11442
8826
15028
11100
15590
11601
10549
8175
11892
10801
16010
8546
11812
8235
12023
8445
11812
14557
10540
11872
8416
11631
8596
16972
11632
11060
10429
11752
12172
11511
12514
13765
11461
8466
11922
8515
10760
11922
12153
12303
8426
11792
11101
5770
11572
11562
12012
10910
5851
11792
11622
12754
11652
11482
11712
12143
12293
11532
12263
8737
11892
5590
13936
6563
11261
6041
11261
7715
11762
6322
11462
6392
11011
6342
10750
6362
11452
6602
10810
6432
10770
6322
10871
6362
12163
6252
11331
5881
17293
13656
11632
7835
15479
6372
11702
6392
11372
6282
11231
5820
11832
6582
11471
5811
11571
6332
11291
6553
11351
6422
11492
6512
11472
6322
11722
6372
12293
6572
11371
6302
11582
6853
11732
6452
11391
6372
13946
5681
11501
6512
11281
10480
10921
12073
10459
11581
11581
11522
11411
11782
11532
11621
11441
11432
11612
11531
10550
10710
11441
11652
11612
11642
11491
11371
11421
11652
11682
11592
11691
11542
11361
11742
11772
10610
10539
11651
11572
11662
11452
10530
10630
11481
11121
11792
11511
14087
11932
11411
10830
11491
11712
11662
11612
10830
11441
11792
10981
11572
11682
11030
12063
11542
11041
11662
11621
11691
11932
10961
11622
11231
11512
8376
11662
8316
11441
11161
11521
11381
12042
10930
11392
11171
11782
11391
11582
11662
8376
11191
11521
11712
10940
8456
11251
8516
11882
11402
9278
10970
11451
11662
10881
8496
11451
10991
10910
9438
10951
8596
10941
6492
11031
10940
10670
10720
8616
11432
8465
11642
11612
11672
11672
8286
11632
11422
11932
11782
11822
8806
12553
11582
11682
11622
8647
11542
11822
11662
8365
11581
11111
11862
11191
11692
10550
11942
10991
10790
11962
11492
12013
10790
11772
11200
11712
10640
11041
11682
11862
11521
10530
11051
11642
11552
10940
12052
11642
11161
10800
10640
14076
11722
11281
11792
11812
11511
11933
11983
13676
11892
15038
11652
11893
13585
11572
11922
11722
11662
11672
11651
12173
11572
10639
11672
11752
11632
11612
14627
11602
11962
11632
12003
11651
11952
11451
11131
11592
11632
11762
11281
11581
11371
10870
8526
11842
11762
8577
10510
11631
8445
11692
11902
8586
11602
11612
8265
12243
11792
8316
11482
11682
8235
12052
12002
11772
11742
11402
8646
11532
11912
8396
12213
12233
8607
11632
11642
11652
8526
10941
11031
8546
11762
11612
8716
11591
11953
8235
11932
11832
8546
11712
11702
8496
11622
11862
8175
11762
11762
11632
8466
11672
11681
8636
11752
11532
8385
11692
11712
8325
11942
12012
8666
12002
10499
8596
13164
11461
8546
11041
10740
11081
8256
11982
9298
10600
9338
12162
8195
11512
11702
12203
11792
12153
11482
11892
11722
11491
11552
11873
10680
11902
10970
10630
12723
10529
11701
11491
11552
10670
11862
10770
11352
10680
11562
11571
11892
11521
11071
11762
11342
10790
10881
11451
11452
11561
11582
13796
11712
10520
10640
11501
11582
11652
10530
10730
11702
11641
11512
11692
11020
11651
12614
11601
11652
11742
11742
12343
11401
11992
11892
11692
11572
11502
11762
12123
11852
11661
12073
11501
12133
11762
12273
11572
13505
11642
11592
11632
11933
12002
11622
11832
11842
12213
11993
11431
11411
11772
11592
11552
11601
11652
11572
11852
11471
10459
10820
11532
11281
11071
11572
11652
11722
11482
10700
10580
10590
12132
11942
11411
11651
11452
11532
11562
11561
18294
11621
11732
11622
11392
11762
11562
11412
11722
12163
12012
11922
10870
10420
14126
11231
10951
13576
11752
11742
11721
11622
11772
11772
11562
11882
11652
10720
11382
11822
11882
11431
11963
11692
11642
11371
10419
10500
12072
11681
11482
11121
11671
11552
10960
11561
11371
12183
11612
12173
11923
17443
11472
13966
11692
11642
11461
12955
11902
15098
11511
13576
11681
11692
12213
11431
13996
11762
12003
22632
13485
11551
12092
11662
12063
12373
11512
11562
11702
13496
12383
11572
13556
11682
12103
11782
12474
11672
11862
10941
11621
11731
11191
12043
11090
10640
11682
11993
11181
10590
11772
12142
11572
11892
10870
11952
11772
11812
11651
11642
9397
11521
12003
8396
11522
11251
11982
11531
11411
11642
11352
11050
11652
11912
11281
10860
10720
11492
11962
11642
11672
10629
11582
10870
11632
11712
10540
10679
10379
11842
10520
11512
11612
15329
11923
11712
10940
11551
11762
10700
10660
11631
10590
11591
11621
10630
10560
11622
10620
11762
10500
11732
10580
10680
10390
11752
14216
11672
10520
11201
11291
11040
11772
10640
10670
10690
10399
12222
11401
11732
11902
11692
10630
12133
11692
10860
11472
11853
11521
11542
11561
11591
10500
11572
11572
10529
11702
14347
11352
12032
35817
11732
11652
13876
10961
10740
11532
11622
10670
11842
11992
10549
11923
11451
11671
11582
11591
11672
11682
11872
12103
23423
11792
11571
11452
11602
17893
11702
12113
13205
11972
10901
12283
10930
17813
10961
16310
12474
12183
11752
11631
11271
11261
11090
11682
11692
11993
11321
12784
10770
11561
11001
11581
11392
12333
11482
11571
11571
11462
11742
11582
11632
11341
12003
11792
11591
10520
11471
11481
11602
11562
11421
12133
11642
11642
12043
11451
10780
11902
11471
11912
11922
10991
11882
11121
11652
11572
10580
11080
10871
11512
11571
11872
10800
12062
11692
11742
11822
11311
11562
13355
11582
10600
11642
11872
11461
11521
11652
11662
11592
10640
11592
13275
11571
11671
11542
11431
11711
11582
11421
11411
11902
11792
11612
11491
11722
11361
10780
11361
10990
11281
10850
11462
11331
11642
10840
11622
11101
11521
10931
11542
11361
18415
11121
11341
11191
10960
10811
12102
10981
11932
11131
19977
11311
11572
11231
11691
13205
10820
11151
11061
10971
10890
10520
10971
11071
11271
11031
11201
11001
13174
11451
12022
11792
11422
11802
10931
11782
11051
12203
10821
14797
10800
15710
12904
12313
11131
17253
12613
11672
10980
17312
11050
11662
12784
11772
10971
12143
10880
11521
10951
12203
10690
11151
11421
12724
10910
12122
11401
11762
10880
12253
11581
11982
11823
12353
10951
11722
11442
11982
10880
11822
10851
11962
14177
10630
10810
10930
15629
10579
11732
10740
10851
11802
11822
11531
12133
11702
11582
11521
11862
11481
11582
11542
11562
11642
11261
11682
11762
11341
11501
11522
11071
11532
11992
11031
11572
11953
10440
10791
11562
11692
10880
11832
10570
10780
11922
11321
12223
11491
11251
11111
11722
11551
10901
13204
10840
10510
11601
10911
10900
11822
11291
11642
10700
11973
11782
12183
11832
11582
11642
11752
11582
10580
11822
11712
11912
11742
11652
12043
13756
11772
11411
11552
10941
11382
11000
11331
11491
11251
11231
11121
10890
11251
10470
10910
11010
11852
12032
11822
10539
11551
11892
10550
11582
11501
11422
12033
10680
11661
11933
11421
10720
11952
11602
11622
10820
10409
10900
11742
11461
10710
11612
11090
11492
10761
11241
11712
10750
10940
11001
10920
10389
11932
11491
10710
10660
11432
11492
10620
10310
11933
11582
11742
10801
11001
11591
10680
11642
11962
10660
10570
10549
11411
11832
10540
10800
10379
10319
11491
11141
10830
9958
10760
9718
10960
10740
10079
9708
10340
9518
10389
9347
9417
9308
9849
9808
9749
9769
8877
9528
9488
9458
8906
8376
9057
8486
9197
8416
8956
8185
7924
8045
7925
7965
8596
7574
7644
7454
7324
7944
7974
7804
7544
8015
7785
7644
7714
7504
7714
7023
7284
6492
7324
7044
7374
6893
6752
6672
6082
6452
6523
5981
6342
6262
6252
5982
5830
5460
5891
5952
5671
5641
5560
5590
5640
5500
5230
5129
5149
5099
4558
4959
4939
4909
4789
4739
4478
4258
4398
4097
4067
4037
3807
3897
3797
4058
3707
3516
3377
6522
3427
3486
2906
2865
3166
2996
3015
3016
2625
2725
2645
2474
2705
2505
2464
2455
2294
2465
1944
2194
1923
