1813
14196
11341
10260
10189
10589
11812
11271
12784
11050
10589
10149
10921
10229
9969
12753
11101
11061
11231
11311
11131
13335
10971
10910
11170
11241
11050
11231
11171
11111
11041
11281
11361
12163
10379
10108
11101
11241
10910
11191
11051
11081
11010
11331
11121
10089
11101
11091
11251
11401
11422
11221
11321
11131
11552
10309
11091
15239
11251
11161
11291
10048
11371
11121
11031
11050
11281
11281
10059
11161
11391
11191
10770
10450
11081
11281
11160
11201
10179
11301
11171
10109
11221
11041
11271
10149
10039
14998
11241
11060
11351
12884
10350
15289
10069
11180
11071
10179
11241
11211
11040
10350
10189
10128
11291
11221
11241
11000
11281
11041
11341
11010
11201
10870
11741
10069
11181
11031
11111
11101
11211
11362
11111
11121
11141
10249
11321
11051
11181
11190
10961
11071
10941
11211
11181
10349
11051
10129
11211
11091
10189
11090
11100
11051
11181
11201
11130
10079
11011
11041
11151
10169
11251
11071
10399
11321
11021
11191
11091
10920
11091
10179
11381
11100
11652
10109
10099
13485
11401
11091
11321
11191
11101
11581
11151
32531
10299
11201
11241
11672
11080
17002
11011
10309
11051
11271
12814
11161
10079
11341
13004
11051
10970
11101
11091
11282
11021
10068
11381
11161
11412
11321
11221
11221
10119
11852
11261
10038
10981
11091
11051
11281
11221
11441
11071
11201
11181
10069
11051
11221
11091
11181
11041
10289
10950
11051
11191
11070
11462
11101
11181
10951
11151
11271
11030
8115
11431
6001
5781
11050
11101
9979
11200
11171
11071
11311
11291
10981
11011
11201
11040
11181
10049
11241
11241
11001
11221
11021
11121
10109
11161
11121
10951
11131
11031
11061
11121
11171
11251
11151
11071
11181
11161
11191
11181
11070
11021
11272
11120
11141
11161
11100
11091
11011
11351
11181
11121
11301
11050
11201
11101
11061
11271
11111
11241
11281
11160
10970
11051
12533
11021
10870
11160
13545
10088
11321
11352
11251
11061
10941
10960
11051
11381
11151
11081
11011
11110
11131
11541
11281
11111
11201
11031
11311
11482
11131
11041
11231
10990
11161
10991
11111
11241
11331
11161
11121
11091
11141
11611
11011
11161
11080
11130
11301
11200
11041
11151
11572
10981
10940
11081
11191
11542
11251
11051
11322
10290
11121
10941
11041
11141
11311
10930
11191
11531
11031
13144
11341
11201
11021
11121
11060
11101
11291
18424
11201
11141
11241
11041
11011
11171
11301
11050
11081
11282
11211
11141
11060
11080
11121
11141
11071
11160
11201
11131
11231
11150
11111
11061
11231
10310
11131
11131
10059
11201
11211
11191
11081
10079
10199
11231
11101
11051
11191
10169
11371
10089
11371
11381
11482
10169
11632
11101
11332
11021
10940
10379
10249
11000
11321
10980
11251
11161
10099
11121
11231
11221
10089
10820
10449
9879
11101
11161
11140
11331
11141
11231
11081
11201
11321
10269
11101
11101
11181
11181
11011
11161
11151
11261
11021
11180
11111
11231
11311
11291
7985
10049
11081
7975
11241
7904
11161
11001
11161
10169
7895
11221
11311
11251
10991
11221
11311
11140
11011
11532
11231
11362
11070
11341
11191
11010
11161
11070
7945
11060
11221
11191
8005
11000
11532
10911
11361
7955
11241
11101
11221
9968
11401
11111
11091
11010
11211
11141
8245
10950
11151
11381
11161
11351
11101
11081
11151
11442
11061
5460
10480
10309
11181
11301
11341
11321
11331
11141
11221
10119
11311
11251
7955
11231
7975
11271
11041
11100
10429
11130
11291
16912
11391
10119
10940
10880
11141
11281
11262
10149
11191
11040
11081
12854
11091
11271
10250
9909
11071
11151
10239
10119
10259
10990
13235
11321
11051
10109
10239
11141
10159
10068
11021
10961
10480
10971
11001
11150
11120
9909
11101
9958
11020
11261
10089
11090
11161
11151
10109
11091
10921
11241
11150
11180
11071
11111
10901
10259
10039
11181
9939
11201
10980
11051
11201
11181
11381
10049
11261
11101
11171
10139
11031
10239
11040
11020
10179
11011
10229
11271
11010
10209
10279
12493
11221
10129
11581
10239
9989
11041
11141
11431
11281
11341
11161
12734
11422
11021
10921
11060
11311
11141
11121
11231
11001
11662
11141
10961
11291
11021
11291
10430
10229
11221
11091
11281
11221
11281
11251
11261
11101
11031
21610
11101
12553
10259
11231
12714
12473
11311
11100
11060
11252
11341
11231
11341
11211
11702
11291
11161
10510
11301
11361
11040
11020
11312
11301
11501
11322
11121
11090
11131
11372
11131
11071
11151
12684
11312
11111
11030
11241
11281
12974
11080
11141
11291
11201
11171
11231
11371
11261
11031
11261
11121
11151
11010
11201
11251
11221
11141
11061
11040
11020
11101
11441
11050
10129
11291
11151
10990
11191
11251
11301
11101
12573
11231
10059
11101
11181
11181
11201
11080
11110
11081
11111
11221
11171
11081
11291
11101
11141
11171
11221
11201
11150
11030
11151
11171
11161
11040
11231
11221
11221
11191
11070
11090
11091
11121
11110
11151
11171
11411
11150
10149
11121
10330
10209
11151
11301
11131
11261
10229
10159
10169
11231
10219
11481
11041
10159
11251
11071
11211
10379
10109
10109
11231
11201
11201
11090
10250
11171
10510
10480
10119
10560
10079
11210
11141
11091
11020
11001
11271
11000
11061
11371
11171
11031
11211
11251
11051
10299
11111
11161
11291
10149
10179
11201
8135
10980
11351
10279
8206
10148
7845
11091
10159
11241
11131
11101
12513
11141
11201
10209
11140
10109
7985
11281
11091
11241
11141
11001
11341
11181
11171
11221
10941
11070
11251
11241
11191
11371
11231
11161
11121
11101
11221
11302
11321
11141
11091
10279
11191
11201
11471
11091
11442
11462
11241
11181
11522
11311
11131
11411
11432
11282
11210
11291
11441
11101
11261
11411
11281
10219
10159
10910
11221
11412
11041
11141
10971
10901
12964
11251
17683
11000
11121
11481
11081
11231
11201
11241
11111
11110
11051
10941
11311
11030
11211
11040
11161
11101
11081
11111
11341
11071
11091
10149
11151
11181
10159
11111
11221
11181
11141
11181
11221
11251
11311
11161
11030
14036
10269
11512
11041
11271
14176
11101
11281
10089
11101
11351
10129
10991
11201
11251
11191
11181
11181
35306
11041
11101
11101
10960
11131
10339
10990
11091
10951
13235
11301
10349
11061
11001
10970
10990
11110
11171
11161
11111
11351
11190
11011
11211
10149
11351
11111
11271
11010
11211
11321
11121
11201
10339
11171
11141
11171
11131
11001
11201
11412
11311
10039
11121
11632
11191
11341
11312
10720
10640
11071
10550
10530
8025
12724
10419
11151
11201
10139
11131
10630
10159
11381
11281
11261
11051
11030
11301
10360
10961
11151
11051
11301
11241
11091
11101
12533
11130
11191
11020
11341
11000
10139
11091
10069
11291
11020
11201
11191
11181
11231
11331
10109
11281
11401
11261
11000
11090
11201
11231
11301
11412
11031
11221
11091
11191
11041
11191
11011
11331
10029
11171
10970
11271
11061
11211
11071
11191
10599
11181
11271
11061
10139
11050
11011
10169
11190
11421
11091
11281
11291
11021
11010
11231
11271
10930
11071
10259
11051
11061
11301
11251
11020
13215
11020
11121
11140
11191
11050
11341
11271
11311
11011
11071
11011
11201
11051
11191
11061
11392
10189
11121
10980
11141
11100
11090
10881
11482
11341
11131
11091
10971
11101
11391
11231
11322
11241
11131
11512
11241
11160
11282
11131
10901
11080
11412
11010
10480
11251
12724
10720
12744
11171
11201
10630
13204
11201
10860
11291
12774
10891
12974
11271
11010
11090
12583
10700
11572
10690
10971
10790
12704
11120
10580
11211
11231
10589
13094
11311
10730
11181
12744
10750
11060
11231
10580
11452
10960
11031
11311
11331
10800
11141
10249
10439
11241
10159
10479
11121
11251
11091
10490
9988
11111
10750
11161
11211
10911
11161
10179
11171
9989
10419
11111
11321
10489
10239
11061
11060
11141
11200
10740
11432
11110
10881
13134
10850
11120
11391
15499
11021
10670
11061
10019
12634
10810
11411
10119
10449
11492
10088
15529
10870
11231
8105
13786
10710
11171
10810
11321
10801
11612
11051
11140
10841
11241
11171
11411
11001
11391
10800
11281
11081
11241
12444
11171
10951
11081
11261
11201
10931
10940
10460
13145
11442
12503
10660
13705
12884
10630
12884
11432
10189
11321
11401
11241
10480
11782
10479
10530
11051
10991
10660
10961
10310
14647
10740
11211
10930
10540
13626
10710
10269
10720
13305
11321
10499
15118
10649
10589
10139
10890
17373
10811
11231
10900
10349
11090
10770
16571
10610
10490
10960
10841
10820
11231
11441
10981
10740
10720
10871
11221
10980
10880
11201
11051
11111
11121
11632
11221
10520
10519
10550
10570
10640
11181
11391
11301
10370
10499
10519
10519
10440
10640
11201
11011
10559
10479
10710
11010
12693
10689
10510
12263
11201
11281
10410
11231
10900
11231
10980
11191
10890
10991
10940
10891
10540
11021
10851
11111
11271
11882
8035
11412
6141
11492
6161
10861
11030
11001
10590
13545
10680
10991
10519
6271
10880
10610
12032
10550
12192
10500
23774
10559
12283
10620
6041
10560
12132
10440
6081
10439
10650
11201
13184
11040
11552
11171
10971
11090
11131
10870
11211
11331
10820
11231
11381
10680
11171
11221
10741
11080
11381
10500
11211
11130
12553
11251
11261
10850
11121
11001
10860
11211
11141
11080
11100
11061
11090
11281
10560
11251
10619
11211
11161
10900
11271
11160
10460
11051
11131
10951
11191
11111
10910
11251
11221
10950
11020
11171
10991
11361
11051
11231
11231
11111
10921
11151
11070
5590
11452
12794
11351
11040
11050
11301
10449
10449
11000
11141
10600
10470
10570
11010
11131
10930
10489
5510
11151
10951
11201
11291
11121
10540
10600
12303
10910
5400
11011
11070
11311
11121
11001
10730
10610
10569
10700
10480
11071
11180
11151
10509
10470
10670
10420
10549
10570
11161
11071
11261
10710
10630
10400
10599
10470
6031
11121
5460
11181
11041
11331
11081
10640
10450
10550
10490
10610
10930
10640
11151
11221
10900
10479
10951
11321
11091
11060
11081
10710
11301
11191
10810
11191
10640
5941
10941
10610
11080
12143
11211
10610
11101
10590
11241
5911
9117
11272
10580
11140
10670
11051
11191
11111
11080
11281
11291
11040
11061
11191
10430
10680
11391
10801
10490
11352
10750
16972
11311
11091
10380
11071
11211
11271
11161
10930
11291
11050
11040
11151
11040
11191
11241
11061
11140
11381
11010
11241
11160
11161
10369
11040
11101
11101
11011
11031
11311
11071
12163
11231
11121
11181
11081
11231
11542
11251
11151
11020
11422
11061
11040
11261
10089
11231
11081
10660
11111
11201
11351
11231
11241
11151
10760
10500
11171
11221
11090
11201
15549
11110
11391
11170
11221
11030
11131
11141
11171
10539
10079
11110
11151
11081
11191
11171
11040
11171
11401
11101
10570
11161
11140
11120
11181
11101
11171
11051
11491
11131
14207
11321
12413
11041
11091
11091
11201
11170
11040
11231
9938
11161
12032
11181
11512
11071
11131
33914
11171
11170
11952
11010
11100
11291
11181
10971
11081
11141
11201
11441
10129
11291
11261
11251
13555
11090
10960
11241
11111
9928
11131
11110
11000
11161
10951
10159
11401
11291
10239
11351
11281
11131
11171
11071
11241
11150
11171
10279
10149
11191
11221
11171
11542
10068
10980
11231
10279
10049
10750
12734
10139
11351
11020
11051
10920
10560
11031
11131
11041
10009
11441
11201
11251
11171
11140
11231
11131
10660
10580
10099
10830
10529
11050
10119
10289
10260
11141
11151
10039
11251
11231
11181
11261
11241
10419
11141
11080
11281
11341
10108
11121
11041
11421
11141
10980
12102
11021
11051
11161
11161
11331
11091
11090
11161
11271
10129
11251
11010
11101
11131
10971
11442
11211
11011
10249
10219
10088
10109
11441
11101
11281
11241
13756
10069
10579
10089
11361
11191
11101
10008
11281
11301
10169
11181
11251
11130
11241
11111
11170
10129
11231
11351
10079
10970
10680
11521
11962
11050
11001
11081
11251
11021
10600
10149
11071
10159
11311
10209
11081
11412
10981
11171
11291
11211
11301
11151
11071
10239
11231
11261
11011
10599
10600
10199
11261
11191
11051
11391
11131
10209
11200
11041
11191
10850
10420
10549
10249
10639
10380
10941
11191
10410
11191
10620
10420
10179
10690
10640
10600
10389
13946
10509
11271
10690
10570
11221
11210
11221
11281
10590
11140
10619
10620
11331
10710
10480
11091
10640
10751
10019
11141
10570
11261
10670
10410
11361
11201
10550
10209
10680
10770
10520
11231
10740
10620
11040
10580
10069
10730
12713
12072
11171
10449
10600
11070
10690
10249
10660
10650
11311
10710
10399
11301
10830
10410
10890
10159
10520
11151
10700
10450
11201
10880
10560
11080
12063
10560
11170
10760
10189
10881
10549
11151
10710
12073
12874
11522
10590
10599
10099
11131
11171
11140
11011
11160
11121
11110
11111
11160
11381
11512
11150
11151
11011
11001
11441
11251
10139
11050
11221
10029
11040
11281
11131
10179
10440
16000
11131
10489
10991
13926
11110
14166
13035
10419
11201
12614
10099
11091
11401
13735
10970
15960
11241
14907
11251
10750
10430
11040
11150
11151
11211
11151
11181
11371
11181
10029
11131
11080
10980
11161
11190
13045
10430
11191
10951
11141
11131
10109
11071
11231
10980
11401
11231
11071
10059
11241
11030
11021
10059
10149
11141
11081
11231
10239
11041
11211
11100
10971
10990
10279
11211
11191
10991
11241
11131
11331
11110
10931
11111
11190
10088
11141
13465
11241
11011
11120
11211
11301
11101
7995
11291
11452
10239
11161
11642
10159
11071
11081
10219
11130
11021
10760
10039
10199
11181
11231
11372
11391
10119
10279
11401
11171
11321
11281
10299
11321
11361
11021
11271
11241
11061
11211
10890
10730
11211
10870
11141
11271
10970
11001
11061
10310
11091
11120
11050
10940
11441
11211
11131
11090
10029
11131
11231
11051
11201
11181
11411
10219
11060
10039
10039
11171
11151
11161
10239
10149
11281
11201
9998
11041
11010
11461
7925
11071
11511
11061
11271
11291
11502
10148
11121
11181
11171
11171
11181
11241
10209
11091
11081
10089
11251
11151
10039
11141
11081
11021
11261
11140
10259
11230
11311
11161
11261
11161
11121
11131
10109
10911
11070
11020
11111
11181
11251
11101
11221
10360
10289
11521
9989
11331
11201
11131
11161
11291
11141
11291
11231
11532
11241
11261
10991
11181
11281
11171
10941
11121
11161
10079
11161
11151
11061
11161
11241
11000
35676
10189
11111
13105
11281
11051
11241
11622
10630
11161
11291
11752
10640
10409
10370
11942
10590
10470
10440
10580
10399
10530
10610
10469
10600
10720
10529
11190
11131
11101
11101
11591
10580
10450
10419
11241
11131
11372
11341
11842
10610
10770
11020
11221
12784
11371
11061
12093
10509
10650
10640
10619
10499
12924
11301
11231
11071
11762
10590
10620
10470
11451
11040
10670
10479
10781
10470
10269
10890
10229
10319
10670
12293
10098
10009
12363
11311
11261
11101
11061
11211
11191
11041
11011
11010
11241
10970
10489
10299
10811
10771
10851
10239
11091
11151
10149
11191
11211
11021
11121
11341
11201
11070
10830
10841
10108
11050
10980
11171
11000
11261
11061
11061
11060
11081
11001
10139
11001
10760
10019
10509
10920
19787
11452
11131
11682
11010
10870
11231
11051
11101
11080
10039
11091
11071
10079
11090
11241
11031
11151
11151
10049
11041
11141
11071
10920
10951
10049
11281
11421
11040
12644
11140
10981
11081
10950
11111
11050
11121
10129
11191
10910
11181
10059
10901
11061
11381
11050
11081
11041
11031
11040
11080
10059
11241
11371
11021
12493
11201
14387
11461
11131
11151
11041
11461
11181
11321
11031
11020
11291
11031
11262
10941
11071
10159
10560
11191
10049
11021
11011
11080
11170
10961
10970
10981
11110
11091
11131
11031
11281
10991
11061
11051
10770
12122
9929
11091
11221
11301
11021
11041
11301
10990
11050
14918
11051
10980
10079
10921
11141
10951
11241
11101
11060
10961
11140
11170
11130
10079
10910
10951
10941
11321
11121
11141
11191
11000
10169
11201
11362
10940
11221
11111
11261
10960
10008
11101
11070
11241
10971
11051
11061
10981
11061
10990
11161
11080
7895
10049
11020
11121
11121
10098
10440
10039
11180
11031
11101
11231
11081
11231
10930
10039
10981
11161
11201
11111
11111
11231
10289
10109
11021
11030
11040
11081
10139
11271
11121
11321
11011
11221
11151
11061
10570
10329
10630
11281
11001
10420
10470
10680
10500
10519
10469
10560
10529
10450
10380
10479
10490
12563
11121
10609
10389
10550
10429
10410
10379
12123
10259
10550
10449
10479
10430
10450
10530
10229
10650
10420
10479
11081
10871
10600
10530
10530
11010
10991
10831
10460
10610
10379
10640
10560
10399
10470
10429
10429
11041
10960
10961
11091
10440
10410
10460
10430
10290
10460
10560
10549
10680
10480
10450
10119
11121
11221
9969
13535
11301
11080
10219
8115
11040
7875
10940
11071
10950
7934
11231
11061
11131
10099
11141
10990
11010
11241
11472
11291
10009
11241
10179
11071
11070
7945
10991
11241
10499
9948
10349
10219
11001
10630
10630
10179
8045
10920
10129
11171
11241
10970
10029
10239
11211
8025
11181
10920
10089
10049
10189
11231
8095
11261
8005
34324
11071
11311
11171
11131
11151
11170
10289
11221
11722
10229
14357
7964
11151
7935
11021
11020
11100
10059
7975
11321
10891
9968
10960
7945
11071
7865
12834
10309
10089
10039
13745
11331
11051
10149
10058
10039
11321
11080
11010
11130
11121
11070
11130
11030
11161
10199
10881
11241
11121
11140
11101
9929
9989
11362
10981
11311
9939
10029
10079
11101
11161
10890
11141
11211
11050
10930
11091
10410
10389
11141
11031
10169
10319
11191
10059
10459
10559
11121
10359
10149
11071
10529
10961
11181
11010
11001
11050
11081
10971
11061
11151
10990
10910
10970
11381
10630
10609
11051
11021
11060
10991
10119
10028
11191
11060
10900
10139
11011
11061
11191
11060
11191
11341
11161
10991
11051
10940
11231
10911
11070
10941
11030
11020
11061
11070
11081
10931
11091
11091
11211
10971
11020
10971
11241
11080
11121
16892
11181
11171
11341
10970
11151
11031
11010
11061
11251
11091
10911
10951
11010
11011
11070
10940
11161
10961
11111
10851
11211
11130
10951
11061
11101
11160
11021
11111
11131
11141
11071
11091
11381
10951
10980
11170
7855
11271
10509
10540
10579
11211
11131
10359
10510
10530
10380
10510
11521
10430
10490
10349
8966
10500
8987
10459
8937
10479
8997
10459
8937
11081
7985
10379
10540
10449
11011
11241
10580
10410
10459
11211
10630
10509
12654
10419
10289
10390
10550
10670
10500
10380
10389
10590
10439
10389
10269
11111
10991
10148
11291
11010
10971
10960
11141
11111
10930
11201
11030
11031
10940
10981
11071
11030
10900
12855
11020
11091
10970
11130
7775
10971
11161
11021
10059
7955
11131
11081
10569
10069
10119
8606
11090
9989
10470
10951
12894
9968
10359
11301
11121
10971
10910
11010
25638
11341
9979
11040
11070
7975
11090
11031
10089
11061
11361
11111
11291
11241
10960
11041
11100
11521
11251
12203
11061
10980
11081
11241
11021
10970
11121
11081
10209
11391
11101
10941
12744
11011
11241
11011
10841
11111
10980
11251
11311
10720
10730
11021
11171
11031
10970
10990
11021
11181
10550
10530
10480
11090
10990
10320
10570
11893
10609
10480
10369
11000
10951
10991
10980
14226
12554
10990
10420
11070
11170
10409
10409
10549
10460
10700
10570
10550
10369
21390
11021
11040
11110
10480
10399
11151
11161
10429
10560
10460
10500
13876
10410
12734
11281
11011
11652
32140
10510
11271
11421
10610
10450
10510
11070
11161
10500
10590
10079
10549
10129
11211
11151
11090
10911
11121
11171
11010
11070
11000
14487
11211
10109
11141
14056
11120
11181
11161
11221
11311
11041
11291
11040
11081
11071
10991
11342
11081
11201
11391
11071
10930
11120
11051
11121
11101
11100
11120
11151
11151
11051
11141
10990
11191
11251
10810
10219
10619
10069
11071
10800
10539
10570
11011
10099
10700
10540
10199
10209
11041
10980
11301
11271
10069
10079
10429
10129
10990
11041
11091
11041
11091
10981
10009
11161
10910
11061
10960
11461
10960
10881
10920
11060
10951
10961
10940
11101
11030
11141
11151
11161
9979
11101
11060
11081
11020
11061
11923
10349
10951
13595
10430
10750
10730
10940
11110
15328
10730
10790
10580
15790
10920
10970
11091
10499
10419
10329
10459
10689
10550
11000
11542
10480
10580
10690
11331
11071
10610
10469
10529
15529
10460
10400
10530
10550
10449
12884
11071
11060
11201
11101
12052
10420
10470
10479
10470
10519
10530
10440
10490
11462
11091
11080
11040
10500
10169
11051
10961
10139
11131
11191
11151
11021
10499
11211
10079
10159
11000
11191
11081
11040
11231
11151
11141
11121
11141
10991
11121
10510
10480
10680
11201
8065
10440
9047
10660
8386
10530
10479
10490
10500
10560
10660
10510
10479
10620
10791
10590
11321
11261
11161
11041
10590
10449
10519
10440
10369
10660
10489
10570
10389
11211
11441
11071
10459
10509
10469
10980
11081
11251
11051
11000
10589
10530
10620
10409
10529
10409
10460
10429
10510
13746
10539
10570
10480
10560
12263
10810
10460
10329
11000
10881
11101
11181
11241
14658
11121
11231
11071
11241
11191
11291
11311
10319
11110
11111
11091
11110
11050
11061
10940
10018
10280
11341
10911
13686
11161
11201
10930
11041
11061
10830
12743
10500
10901
11011
11050
11090
11111
10940
11151
11100
11030
10901
11081
11221
11071
11261
11341
11031
11020
11101
10940
10950
10159
11030
11111
10831
11000
11030
11051
10970
10159
10048
11011
11111
11030
11081
10069
11181
11131
10029
9989
10079
11141
11160
11211
9938
11011
11101
11351
11070
11111
11070
11010
10019
11311
11081
10289
11031
10970
11081
10099
10179
10199
11151
10991
11211
11031
11030
10980
11021
11090
11291
11091
11031
11121
11020
11110
10489
11060
11141
11211
11231
10980
11181
11121
11000
11010
10900
11181
11000
13926
11111
11371
11110
11030
11181
11010
11051
11031
10109
11120
10960
9988
11201
34685
12713
10870
11040
10991
10069
10971
11081
10990
9909
10931
10139
10981
11021
10009
10981
11120
11010
10940
11231
10119
11101
14567
13705
11051
10209
10990
11001
11180
10910
11030
11341
11011
11001
10139
11111
11070
11401
11231
10028
10971
11050
11041
11061
11121
11241
10269
10038
10900
11060
11181
11161
11101
11171
9988
10078
13866
11160
11140
11171
11041
11150
11071
11121
10990
11041
10159
11000
11080
10109
11251
18224
10039
11201
11231
9979
11321
11191
11081
11030
10059
10139
11060
11081
10991
11251
10019
11070
11031
11141
11211
11441
11121
11011
10951
11070
10109
11111
11381
11130
6121
10419
11081
10440
11071
11221
5991
10580
10219
10580
10920
10490
5510
10951
7935
11001
10971
10099
10039
10038
11171
11181
10940
10980
10109
10119
10249
8996
10399
10169
11100
7965
11051
7935
11040
10960
11151
11171
10029
5971
10138
10991
11170
10981
6041
10169
6081
10429
10419
10479
11141
5961
10540
10910
11201
10129
7845
10940
11281
10950
11211
11131
7944
10990
7895
11020
10981
11021
10088
7915
11101
11271
11121
10309
10990
10921
11081
10760
10519
12734
11121
11031
10009
10880
10630
10920
11030
10961
10039
10971
11291
11051
10940
11371
10159
10930
10991
10078
11272
10800
11090
11051
11100
10139
11051
10370
9998
10981
8065
10960
11040
11001
10610
11171
11181
11140
11041
11070
11001
10429
10560
11101
10991
10891
11141
11040
11071
11090
10890
10961
7885
11111
10440
10961
10109
10229
15278
9938
10049
11091
10430
9217
10941
7925
11080
11181
10429
11372
7965
11071
11031
11181
11161
11101
8106
11100
10911
11021
11110
10389
10770
11081
10079
10229
11040
10930
8085
7905
7915
10931
11010
10981
11120
11040
7894
11111
11031
7875
11130
7955
11311
8806
11031
8997
10630
11261
11091
8005
11050
7865
10951
8015
11091
11131
11001
11010
6002
10460
11061
10630
11140
5982
10550
11011
11060
11111
11001
11021
11101
11341
11000
11160
11171
11051
7975
11141
8005
10980
11001
11221
11000
11251
11101
11281
9999
10058
11061
8015
11040
11231
14086
11040
7975
11101
11130
10340
9147
11161
7845
10940
11131
11041
11301
11160
7985
11150
11030
11090
8165
11141
7864
10971
11000
10429
11131
10159
8075
10970
8075
10861
11161
9999
11091
7935
11051
11060
11040
11080
11191
8075
11030
7865
10960
8015
10960
11041
10960
11191
8085
10128
7934
11301
10099
10049
10239
11301
7915
11000
9978
11031
11221
10940
7925
11071
11071
11061
9999
7814
11131
11201
10880
11101
10680
10489
10389
11362
11111
11161
10580
10319
11201
11050
11181
10550
10370
10439
10370
10360
10419
10409
10410
10570
11572
10300
10470
10290
10469
9939
11241
11161
10129
11191
10931
11131
10329
10420
11000
11071
11030
10199
10429
10480
10109
11110
10950
11151
10950
10169
11111
11251
11011
11141
11171
11091
10911
11101
9948
11131
10600
10159
11051
10991
10028
9999
11041
11211
10079
11241
11050
11131
11171
10981
10961
11070
10590
10449
10429
11110
11041
9988
11131
11061
11081
11321
10980
10990
11010
11021
11011
10579
10500
10109
10900
11411
11091
11161
11060
11041
11020
10149
11091
11111
11011
10119
11040
10489
10029
11110
11020
11362
10970
10910
10990
10951
10971
9968
11211
11111
11170
11351
11010
10049
10980
11030
11241
10910
10489
11101
10961
11281
11472
11912
10830
10430
9909
10971
11121
10209
11151
11010
11191
10149
10189
11040
10981
21420
11151
10830
11021
10249
10119
12573
11020
11040
9909
10961
11110
11050
11001
11040
10139
10960
11100
10009
11712
10900
11141
11171
11080
11030
10470
10459
11221
11011
10941
10330
11261
10600
10169
11171
11050
11021
11141
11161
10049
11170
11181
11131
11111
11261
11080
11111
11170
11101
11101
11091
11120
11150
11210
11001
11752
11111
10229
10179
11071
11221
10971
13585
10029
11151
11121
11141
11121
11101
10951
10139
10780
10640
9958
10690
10540
11140
11171
19386
11060
11171
10991
11111
11080
11111
11001
11100
11311
10058
11321
11080
11050
10920
11051
10961
11000
11061
10129
11181
11551
11030
10900
10219
11411
11030
11010
11171
11071
10128
11211
10960
11080
11101
10880
11031
10079
11101
10960
11211
11051
11191
10971
11051
11271
11321
11231
11151
11221
11091
11071
11041
11211
11131
11071
11361
11071
11281
11000
11080
12764
11091
11100
10981
11070
11021
10910
11051
10950
11071
11011
11071
11271
11111
10991
10991
11151
11031
10980
11131
11041
11391
7924
11041
10991
10139
10109
10971
7895
11171
11171
11060
11040
8035
11221
11351
10810
10500
11261
7885
11061
11281
10930
10069
11110
10179
11011
10951
11031
11021
11171
11151
11051
11111
11070
11021
11101
10990
10980
11061
11131
11190
11201
10259
11020
10991
10270
11010
11241
11211
11071
10860
11050
10971
11101
11121
11061
10981
10169
10900
11131
10149
11010
10970
15018
14006
11000
10339
10950
11271
10009
10941
10870
11883
10008
11051
10019
11111
10901
11261
11191
11010
11171
11261
11000
11261
11001
10930
10089
11091
11010
10991
10179
10981
10991
10069
11081
11041
12103
11001
10630
11291
10951
11091
10970
10129
10490
11191
10900
10970
11261
10129
11101
11030
11011
11180
11081
11001
10049
11001
11060
11101
11071
10801
10249
11061
11271
11061
11011
10981
11201
10159
11191
11091
11041
11221
11131
11321
10129
11041
23243
11051
11121
11000
11120
11081
11161
13395
11010
11061
10870
11191
10099
10980
10840
10089
10991
11111
11031
11262
7975
10990
11251
11030
10660
11933
11121
10971
10500
10400
10409
10520
10650
10490
10409
10530
10359
10470
10630
10449
10550
10619
10369
10589
10890
13496
10369
10399
10449
11241
11180
10559
10439
10609
10389
10419
10590
10961
11001
11151
10660
10409
10390
10390
10330
10510
10480
10470
10600
10510
10509
10480
10399
10750
10629
13665
11121
11031
11031
10579
10420
10500
10339
10269
10370
10380
10620
10439
10460
11090
11171
10990
11161
10650
10610
10440
10349
10439
10449
10490
10479
10590
10669
10480
10530
11081
11060
11241
10539
10560
10549
10419
10410
10400
10340
10379
10550
9969
11080
10991
10039
10670
12223
10009
11160
11111
11642
11251
11061
11151
11131
11081
11221
11051
10961
12874
11091
11180
10209
11081
11171
12093
10961
10990
12814
11150
10459
11060
10991
11131
11090
11051
11060
11181
11011
10981
11211
11101
10940
10329
9989
11011
12493
10490
10891
11081
10550
10079
10971
11101
10971
11081
11061
11211
11160
11181
11151
10941
11121
11140
11161
12023
11191
11041
10339
11110
11201
11080
11070
10961
11030
11061
11111
11141
7935
11201
11151
11021
11272
12233
11191
11051
11141
11131
11080
10990
11010
11060
20007
11231
10079
9918
10580
11171
10019
11050
10991
10940
10650
10430
11091
10500
11201
10971
10911
11251
11030
10119
7865
11201
11031
5991
11091
5370
11081
11051
11171
11100
10990
11271
11091
10931
11441
8115
10370
7965
11031
10901
11100
11050
7784
11020
10991
10029
10079
7985
11211
11071
11071
7844
11081
10890
11221
11301
10039
10379
6092
17503
8015
11221
10169
10700
10470
11030
8045
11311
10129
10609
10600
10089
6091
10930
5891
10519
11121
11732
10369
10890
10379
14457
10499
12694
10600
10049
11472
11121
10239
11421
11401
11050
6031
10059
13325
11061
10910
11111
11191
11201
11021
10961
11161
11121
11241
11080
7965
11762
7844
10199
11772
11111
10931
11090
11161
11201
7975
11010
11031
10570
10079
10038
8065
10900
10119
11101
11451
10670
7974
10970
7895
11030
9989
9989
10179
10109
7875
11021
11080
10960
11050
10018
11371
10931
11091
11171
11211
11051
11241
11201
7825
11131
11121
11321
11000
10870
9107
11101
7904
11181
10199
11091
11181
10970
5972
10400
9969
10980
11221
11021
11251
11160
10009
11371
11060
11161
10049
10129
11231
11061
11080
11201
11161
11211
8025
10880
11051
5330
10450
9999
10370
10259
9999
10199
11211
11031
7934
11341
7915
11010
11100
11061
11150
7894
11171
11100
10911
10910
10200
7905
11261
11091
10891
11131
10109
7845
11171
10339
11011
11061
7924
11131
11120
10449
11050
12043
11010
11101
11081
11210
10219
11181
11371
11231
10950
11201
11051
8235
10340
7874
11111
10159
10971
11151
7965
10880
17032
10930
11101
13055
10250
11031
11432
10931
11110
11040
11150
7945
11101
7915
11030
10410
13255
11021
11081
11101
10229
10129
10791
8035
11030
10149
10199
10139
11011
11141
8005
11041
11181
11061
7945
11000
10540
10260
10600
11070
11011
10950
11080
10029
9919
11121
10640
11060
10028
7875
11211
11151
10971
10118
9938
8135
11211
7985
10971
7995
9939
10761
8095
10189
7965
11081
11362
11251
11021
5400
12052
10129
9928
10599
7965
11031
10970
11171
11071
10980
8215
11221
8035
12063
11071
10720
9057
11100
9077
10981
11051
10670
10620
10069
7785
11391
11061
11150
11150
10250
7844
11151
11021
10970
11511
11111
8325
10129
7905
11021
10209
11091
8015
10079
7925
10950
11011
11282
11161
11071
8075
11020
7925
11081
11001
10008
10330
11051
8215
10119
5380
10440
10029
9938
11071
8586
10971
11271
11040
10930
10891
9959
11161
11051
11071
10389
10640
11000
10259
10049
10319
11110
11061
11020
11020
11071
11121
11041
10991
11141
10841
11952
9878
10861
12774
11041
10439
10329
10911
11071
11041
10830
11221
10059
11071
10950
11030
11091
11110
11181
9938
10991
10921
11141
11071
9928
11020
11191
11211
11161
11271
11000
11041
10530
10109
10990
10930
11051
11041
11181
10118
11211
11061
10099
11110
10970
10039
9969
10810
12574
9929
11060
11111
11221
10510
10299
11061
11201
11060
10910
10109
12604
10990
11090
9979
11141
11001
11051
11151
11001
11031
10850
10660
11091
11051
11041
9868
11100
11121
11321
11221
11041
11040
10239
11301
11070
10129
10921
11111
10930
11101
11050
10990
11031
11051
11121
11181
11261
11020
10750
10490
10068
11181
10991
11051
11041
9948
10951
10960
10931
9978
11942
11341
11081
11111
9828
11211
10980
10209
11221
11051
11130
10930
11211
11221
11041
10840
20178
11001
11141
10941
11231
11030
11001
11071
10980
10920
11131
11051
11040
10740
12964
10149
10871
11060
11201
11191
10911
11111
11101
10971
11251
11030
11010
11171
11061
10921
11111
10119
10169
10369
11181
11001
9959
11001
11191
11201
11401
11191
10008
11100
10921
10029
11011
12484
11271
12514
11060
10509
10509
11071
11001
10399
10570
10339
10429
10450
15890
10440
10570
10390
15339
12593
10349
10991
10920
10420
11392
10490
10930
11251
10520
10450
10720
10439
10971
10049
11121
10960
9918
11040
11001
11000
11090
11131
10239
11070
11081
10961
11171
11030
11041
11161
10159
10850
11050
10980
11091
10991
10940
10139
10871
11121
10109
11081
11040
10960
11101
11001
11091
10920
10940
10860
10900
11031
10239
11211
11080
10159
11201
11091
11040
11141
10990
10961
10019
11341
11461
10720
11291
10219
9969
10971
11141
11131
11131
11011
11140
11091
11130
10881
10970
11140
10991
10290
9969
10210
11001
11190
11051
11071
10890
10129
10219
9929
11181
11201
9968
11111
11020
11101
10930
10981
10189
11141
10981
11021
11061
11100
10319
11110
10980
11021
11031
11131
11141
11131
11111
10930
11141
11000
10880
11221
11080
11061
11151
10981
11592
10410
10419
11061
12574
10881
10840
11191
10960
13485
11080
11111
11050
11100
11090
10990
10921
11061
10981
11040
11211
11020
11021
10950
11321
10930
10950
10940
11141
11061
10900
11321
10941
10950
11081
11081
11091
10991
11081
14156
10881
10930
11041
11020
11221
11021
10930
11111
10980
11191
11140
10890
11081
10981
11171
11000
11090
11070
11061
10921
11161
11090
10871
11000
11121
10950
11090
11040
11110
11071
10991
11011
11111
11041
11221
11001
11241
10891
10991
11090
10910
10960
11191
11091
10921
10941
11131
10991
11070
10871
11131
11150
10940
11150
10940
10940
10470
10360
11121
11011
11020
11281
11081
11522
11171
11121
10990
11110
11061
11101
10910
10901
10970
11091
11090
11241
11190
10510
10520
10961
11121
10950
11051
11160
11011
11071
10900
10840
10300
9959
10960
11030
10951
11211
10990
11111
11101
10980
11100
10981
11021
11181
11040
11141
11050
10980
11642
10870
11151
11071
11171
11191
11071
10940
10871
10901
11101
11101
11201
11051
11131
11070
10310
11161
11131
10800
10960
10970
10980
10801
11031
10990
11091
10560
10369
11031
11010
11041
11111
11411
10990
11021
10901
11051
11131
10951
11211
11060
10870
10990
11040
10129
10460
11010
10930
11180
11001
11321
11161
11071
11110
11030
11171
11171
11141
11030
11241
11091
11191
11251
10931
11091
11021
11041
11150
10870
10921
11030
11141
11211
10569
11281
11141
10921
11141
11111
11091
11040
11080
10960
11161
11171
10961
13776
10039
11110
12954
12774
11402
11151
11171
11181
10980
10871
11131
11962
11050
11061
10951
10821
10991
10920
10670
11051
13224
11020
11081
11070
11161
11111
11060
11201
11221
11211
10850
11091
11131
10991
11041
11070
11030
10840
10951
11131
11021
11051
11050
10981
11041
10880
11021
11081
11371
11211
10429
10961
10971
11191
11111
10981
11171
11081
11120
11050
11141
10940
11381
11170
11010
10459
10309
11191
11041
11120
11201
11080
9978
11000
10900
11031
11100
10500
10370
10430
12603
10901
10901
11231
11091
11010
10510
10339
10430
11311
11121
11000
11071
10911
11200
11110
10930
11211
11080
11180
11060
11161
10980
11221
11121
11100
11110
10660
5961
10960
10580
10580
10951
11081
11151
11040
10970
11211
11581
10941
12503
10369
11111
11040
11050
11020
11200
11221
11141
11642
10339
11010
11100
11051
11030
11051
11131
10830
11220
11020
11011
10981
11030
11070
11090
11191
10470
10290
11050
11021
10980
11171
11020
11071
10951
11021
11171
10980
10981
11251
11010
11030
11061
11171
11141
10790
11030
11010
11181
10980
11291
11121
11010
11051
10920
11261
11151
11011
11201
11091
11001
11081
10900
10480
11081
11041
10900
11191
10970
11070
11261
10981
10911
11000
10660
10430
11111
11071
11121
11141
10479
10329
10910
11261
11021
10941
11071
11161
11081
11011
10771
11121
11160
11010
11011
11041
11321
11021
11211
11201
11131
11472
10941
11131
11311
11031
10910
11080
11090
11041
11141
11131
11071
11181
10179
10189
11342
10921
11191
11161
10059
10049
10990
11031
11101
11040
11321
11000
11010
9959
10951
11071
11171
10891
11041
10971
11231
9969
11181
11081
10960
11171
11101
7814
11231
11130
10039
11231
11021
11031
10980
11100
13045
11211
10018
10951
11131
11080
11291
10981
10159
9908
10810
10349
10129
10901
10409
11241
10950
11080
9969
11221
11061
9969
9968
11201
9929
10960
11161
10099
11141
11040
11271
11110
11070
11120
10870
11181
11031
11101
11251
10219
11191
11141
11061
11111
11111
10820
10900
11001
10539
10980
11101
10600
10971
12593
10499
10931
11131
10710
11141
11041
11111
10870
10089
10580
11060
11091
10600
11051
10460
11151
13725
13085
10550
10901
12013
10559
11231
11021
10569
10940
11141
11000
10640
10990
10579
11241
11141
10650
12844
10489
11161
11181
10310
11011
10480
12914
11041
10981
10460
11050
10870
11331
10590
11171
10900
10439
11020
11111
10600
11221
11131
12213
11181
11171
11051
12784
10911
11070
11051
10409
10399
10469
10078
10409
10530
30787
10339
10389
10469
10520
10480
10981
11201
10440
10480
10680
11091
16781
10379
10510
10560
10299
10400
10490
11060
10991
13816
10751
11020
10970
10560
11321
10770
11261
11021
10539
11061
11191
10500
11070
10950
11061
10510
10620
10460
13304
11231
10930
11131
10479
10420
11121
10570
11341
11121
10559
11200
11191
10560
11120
11110
11120
10340
10429
10430
10429
11161
11120
10680
11261
10920
10470
11271
10250
10069
11121
10210
11040
10589
11150
11321
13606
11010
11030
10048
10449
11261
11231
10489
11131
10400
10079
11010
10079
10219
10019
11010
10990
11561
11181
11081
11251
11060
9969
11171
11191
10029
11201
11080
11121
10490
10961
10520
10960
11221
11041
11241
9938
11151
11001
10920
10550
10400
11071
10921
10099
10059
11141
11011
11061
10960
10931
9939
10099
10930
11071
10098
10880
11051
10991
11161
10990
11041
11211
11010
11131
10990
10530
11251
11091
11101
10930
11010
10980
7915
11121
10960
13475
9999
11241
7945
11111
7765
11030
11080
11071
10029
7895
11201
11111
13606
11101
11141
7895
11110
10890
11171
11231
10169
5951
10550
10019
5991
10419
11171
10419
10009
6001
10350
10931
10981
11041
10961
7845
11011
10058
11902
11110
10880
8125
10970
7875
11281
10990
10009
10951
10951
10980
11101
10970
7955
11040
7885
10990
10129
13766
11101
11130
10740
10409
11011
11000
11091
10079
10429
10650
11231
10490
10520
10369
10349
10991
11160
11101
10569
10449
10590
10479
10670
10430
10480
10389
17963
10389
10539
10359
11401
10951
11050
10951
11181
10970
10550
10530
10640
10420
10479
10369
10539
11602
10339
10359
10370
10720
11461
11150
10690
10400
10359
10419
10710
11011
10349
10951
11010
12444
10400
16741
11030
14698
11081
10489
10650
11120
11161
17703
11121
10910
10640
9969
11191
10950
11141
11181
11110
9868
11031
11051
9949
11081
10990
11051
10950
11130
11021
9999
10930
11081
10971
10129
10139
10189
11061
11070
11001
11251
11332
11041
11231
11221
11021
11110
9949
11111
11011
11271
10930
11100
10820
9989
11091
11001
11031
11090
11101
10219
10940
10981
9868
10980
11141
10329
11161
11141
10880
11001
10189
9988
10068
11341
11171
10901
10068
11131
10971
11302
10930
10930
10169
10980
10910
11081
11081
11091
10920
11141
11021
11020
11070
9999
10910
11131
11140
11011
10960
11091
10239
11180
11140
10048
11601
10920
11111
11160
7974
9988
7934
11040
11051
10770
8155
11051
7985
11101
11101
10850
10068
10940
10129
11081
10800
11211
10149
8045
11361
11171
11101
11030
10440
10529
10269
10029
10890
9989
10951
8045
10159
8015
11141
11081
10430
11121
8065
11121
11020
10559
10079
9047
10830
10991
10941
11041
10981
11001
11151
10159
11040
11041
11040
10981
10991
11141
11111
10951
11030
10990
11091
11000
11091
11281
11281
7904
11261
9097
10349
9878
10510
9007
13686
10600
10370
10229
10630
10330
10119
10520
10429
10921
10470
10470
10109
11151
11100
11581
10990
10169
11000
11100
11041
10810
10850
10129
11071
10981
11090
10960
11011
10950
10549
10530
10340
11151
11101
10941
10048
11211
11081
11021
13776
11041
10510
10449
10700
10359
10620
10660
10630
10389
10830
11001
11371
11000
16060
10449
15809
11011
10590
10459
16831
10399
10539
10420
11822
10479
12614
10480
10550
10410
13665
10460
10520
11080
11521
10970
10971
10560
11652
10990
11662
10409
13505
10440
12153
10440
13616
10440
13535
10510
11021
10360
12734
12093
17943
10620
14608
11110
12023
10550
12964
10470
10920
10449
10369
10489
10469
10600
10500
10610
10600
11281
11451
11141
10961
10489
11472
11130
12052
10549
17122
10459
13375
10400
16451
12423
13566
10480
11361
11191
11051
10980
14477
10500
16731
10379
10560
10549
10520
10560
13946
11060
11522
11111
14367
10650
11522
11100
12253
10599
12894
11201
17883
11121
15068
10489
11512
12032
13705
10460
11031
10600
11151
11231
10760
10049
11021
11481
11321
10269
11171
10058
14197
11221
11331
10509
10319
10449
11051
13475
10559
10499
10460
10490
10760
10400
10710
10360
10569
10590
16751
10369
11612
11060
10960
10500
10639
10480
10560
10500
10490
11030
11080
10470
10449
10459
11782
11271
14917
10550
14407
10710
11221
10730
12173
11181
11211
11071
11402
10349
13034
10470
12423
10429
10539
10319
12774
10420
12122
10520
10900
10389
11752
10560
11481
11111
11211
10961
11492
10420
10459
10479
10489
10439
10420
10710
10930
10680
13746
10360
10850
10470
13054
10470
12874
10690
15488
10479
10119
11201
11602
10069
11070
11051
10659
11211
11070
12794
9989
11141
11141
10179
14147
10249
11191
11141
11221
10931
11261
10971
11231
10550
10440
10079
11011
10410
11371
10230
11051
11211
10169
11161
11251
11050
11321
10891
11060
11221
11201
10339
11191
11602
11271
11101
11311
11000
11632
11351
11061
11101
11141
11171
11041
10980
9898
11111
11361
10099
10970
10980
11041
11100
11201
11161
11191
11130
11331
11010
11101
11060
11181
11041
11191
11131
11271
10199
10149
11191
11151
11261
10951
11141
11030
10961
11021
11011
11060
11091
11211
11101
11061
8105
10961
11141
11121
11041
10390
10530
11251
10970
10991
10509
10370
12453
10399
10479
10460
11090
10870
10470
10430
10410
10951
11220
10510
10389
10680
10710
10540
10830
10409
11441
11271
11171
10550
10339
11071
11231
10770
10619
10520
11051
11141
11161
11081
10550
10609
10429
10650
10550
10469
10810
12794
10469
10640
11191
10339
10800
11181
11321
11040
10469
10570
11131
10970
10880
10500
10600
10419
10660
10460
10409
10650
10459
12754
11111
11111
10821
12523
10339
11051
11141
11171
10540
10479
13135
11111
11101
10760
10349
10570
11101
11111
12092
10529
10069
10390
11011
9929
11150
11191
10129
11111
11251
10990
10920
10039
11081
11210
11221
11151
11241
11001
12453
11201
11150
10990
11110
10510
11161
11692
11051
9999
11121
11111
11271
11261
11151
11191
10971
11130
11020
11021
11141
11221
11000
9958
11221
10890
11061
10459
11131
11111
11251
11071
11060
11021
11060
10941
7905
11171
11121
11061
10480
10580
8056
11241
7835
11211
8066
7895
11201
11401
11040
7985
11943
7824
10810
10159
11351
11301
11181
5430
10449
10129
11081
11251
10069
5360
11050
11171
10990
11090
10249
10971
11171
10069
7975
10890
7875
11010
7845
10920
8055
11071
8095
10920
8025
7945
10970
7925
11030
7995
11181
7975
11191
7974
15138
11241
11111
11040
10961
7865
11130
11030
10630
8826
13685
11020
7925
10089
11030
11351
10941
11081
11662
11181
11151
10980
11932
11020
11191
11201
10990
11091
7894
11362
11011
11081
11101
11030
10921
10951
11231
10930
11101
11000
11021
11061
11071
11070
11201
11031
11261
10970
14607
11050
11682
10920
11130
11141
11411
11160
11071
10159
33262
10320
10079
11111
11191
11110
11001
10961
10670
10028
10480
10830
11091
10890
10399
11211
10660
10389
11041
10650
10449
9929
10449
10420
11091
10649
10469
11061
10690
11001
10780
10410
11001
10740
10570
11131
10379
10440
11111
13045
10480
10360
10670
10089
6091
10559
10129
10529
6121
12874
7984
10219
10941
10891
11151
11091
11241
10981
11060
16601
9949
10971
11221
11011
7944
22782
11051
11211
11201
11071
11091
11020
11171
11221
11661
8096
10510
10019
5401
10740
10059
11161
11752
11051
11311
11321
10850
5380
10559
10530
10960
11291
10079
6081
10430
6062
10419
6052
10460
5500
10570
6121
10559
5520
6101
10540
5481
10440
13605
7744
11672
11051
11752
10429
6141
10750
10450
6322
10510
10830
5481
10980
10690
14277
6051
10489
11000
6122
10610
6132
10580
5551
10620
6131
11171
6052
10931
6062
12834
6091
14337
6201
10971
6101
15258
6152
11171
6222
10760
10339
6081
13555
6041
14246
6041
10620
10470
5450
10710
10770
5490
11371
5570
10740
7504
11221
5540
11612
10440
6132
10420
6062
10400
6071
10510
6072
10519
6042
10380
14677
8065
14818
6031
13515
10549
6141
10470
12163
6172
10951
6071
10760
6091
10900
10510
6211
10570
10229
5941
10509
9989
11121
11351
11061
6031
10409
10018
11040
10940
11171
11251
11261
11221
11071
9999
11852
11191
11141
10049
11251
11020
11592
10470
6022
10670
6151
10580
5991
12353
6112
11121
5991
12023
5991
14888
6022
11170
6081
10389
6081
11040
6182
12723
5982
16771
6062
11532
10539
6092
10410
22392
10649
5991
10599
6041
10640
6111
10460
6061
10540
6051
10329
6032
10379
11191
6041
15178
6101
14457
5991
13986
10299
6052
10569
6863
10349
6121
10600
10520
6031
16661
6061
13936
6101
14347
6182
12944
6112
14668
6111
10590
12643
5891
10029
11081
11160
11110
10069
11040
11030
10209
11021
10960
10981
10009
10249
10079
10981
11151
9939
10920
11241
11030
11101
10139
10209
9978
10099
10058
10239
10129
7874
11151
11201
11060
11271
10951
7895
11121
10098
11371
11351
11110
7924
11061
7894
11181
6062
10470
6132
10750
6042
10469
6102
10419
6141
10470
6092
10360
6122
10579
5530
10490
5510
11993
6122
10440
5571
10630
6132
10440
5671
10620
6041
10510
6091
10519
6061
10370
6032
10330
5430
10589
5720
11251
6061
10640
5641
12604
6192
10459
6132
10660
5571
10049
5480
10129
11201
10289
10019
10119
11141
11020
10169
11091
11121
10890
11091
10911
11141
9978
11100
11060
10239
11271
11000
11211
11050
11401
11251
11231
10970
11011
11131
10239
11050
11070
10891
11051
11051
10981
10159
10450
11010
11161
11161
9989
10970
11211
11111
11011
9968
11140
11011
10951
12544
11081
10089
10960
11111
9899
11372
11181
10951
10951
11080
10900
11090
11201
11011
11010
11000
10159
10098
10279
11080
11141
11170
11010
11060
11582
11161
10990
10048
11011
10941
11101
11050
11061
11101
7985
11030
10830
7925
10971
10980
10018
11131
11071
10990
11161
7945
11131
7915
10990
10139
11081
10069
10048
11171
11020
11101
11081
11221
11181
11120
11211
11040
11091
11100
10259
11061
11221
11131
11241
11000
11031
10991
11021
10250
11211
11020
10068
11110
11001
11151
11121
11421
11031
10099
11311
11071
11081
10850
10540
11110
10099
10089
10951
11111
11111
10139
11311
11211
11060
11151
11010
10019
11261
10990
10019
10870
11120
11191
11191
10930
11060
10048
10490
11110
10099
11090
10931
11292
11131
10920
11011
10991
10119
11120
11210
11060
11131
11461
11211
9999
11031
11101
10049
10019
11060
11061
11121
11091
10940
11041
11010
10229
14447
11091
10981
11271
11151
11141
11141
15368
11141
11101
11311
11131
10940
11421
10480
11972
11160
11021
10390
11131
10730
10570
10089
10289
11151
11081
11001
11271
10048
11111
11051
11060
10971
10951
11081
11070
10991
11131
11040
11021
10920
11021
10039
11111
10860
11241
10119
10951
11071
10088
11201
11021
10981
11060
11081
11041
11021
11101
11371
11041
11071
11041
11261
11051
10059
10890
10931
9969
11191
11231
11070
10940
11080
11041
10159
10029
11051
11191
11091
10159
11110
11401
11020
11021
11271
10099
10970
10980
11101
11061
11231
10078
11251
11121
11101
10960
11031
11010
11191
10921
9958
11031
11011
11752
11171
11131
10179
11181
11292
11171
9888
11081
10980
11031
11061
11101
10009
11121
11141
11081
11161
11041
11221
12664
11321
10069
11091
10781
11071
10009
10189
11171
11061
11311
10970
11131
11061
11041
10960
11141
10270
11241
11181
10970
11151
11181
11201
11020
11000
11151
11221
10960
11322
11011
12723
9989
11332
11081
11262
11251
11011
11381
11011
10910
10019
11020
11081
11221
11201
10139
11101
11021
11051
10991
11071
10841
10760
10509
10099
11091
11061
10019
11090
11081
11201
11040
11231
11031
10049
11121
11251
11180
11000
11001
10940
11131
11011
10240
11101
11211
11191
11051
11061
11061
10980
7895
11261
10199
11201
13746
11701
8085
11021
7825
10099
11291
7955
11241
7955
11041
7875
8005
11100
7985
10048
7955
11071
7895
11081
7925
11242
7935
13315
7884
11171
7895
10950
7955
7865
11141
8166
11401
11141
11100
10089
11151
11111
7804
10981
8015
10911
7915
10880
8035
7804
11071
7955
8055
10920
7985
7965
11180
8015
11131
8897
10570
9127
10610
9157
10460
10530
10049
10490
10429
9978
11121
11201
11150
11091
10991
11110
11041
11051
11011
10961
11091
11140
11191
11181
10159
11091
7955
11011
7904
11131
11051
8005
8075
10250
7895
11231
11071
7905
8145
10139
7985
7935
11031
9026
10440
10961
7885
7875
10169
7965
10190
11862
7955
10940
8065
11291
11181
8186
10890
8045
11231
11261
10980
11201
10991
11251
11161
11010
7915
11181
8165
11271
9978
7885
7885
10069
7995
11361
11171
8035
10380
11111
11131
11181
7885
11241
7924
11241
11121
11081
7885
11091
7975
11191
7894
6192
8876
6052
8887
5801
9067
5731
10480
6192
10640
6162
10710
6152
10700
6051
10499
6162
10540
6051
10559
6002
10550
5670
10329
6081
10379
5730
10449
6092
11171
6071
10330
6062
10980
6062
10599
6141
10449
6191
10269
6152
10660
6081
11131
6081
10530
6161
10490
6232
10410
6082
10529
6262
10470
6272
12693
6091
10489
6102
12784
6141
10660
5961
10510
6081
10600
5972
10560
6011
10370
9077
6101
9187
5992
8946
6062
8987
6172
10440
6051
10549
6071
12013
6122
11261
6121
10349
6142
10449
5992
10730
6232
10570
6132
10449
5651
6022
8967
6061
9167
6131
9137
6081
8976
6352
9017
6142
10370
5720
9047
5991
10459
6151
10590
6071
10369
6021
13044
5701
10660
6032
10459
5691
10270
6031
10430
6091
11311
6222
10610
6172
10540
9077
6011
8586
6101
9237
6121
9157
5991
9037
5670
8917
6041
10500
6122
10350
6062
10570
6071
10519
6062
10600
6041
13906
5991
10550
5631
10549
6071
10550
5681
10380
6072
10610
6032
10390
5741
11322
6032
10520
6162
12753
6132
10269
6051
13295
6091
10299
5771
8907
6152
9057
6081
10349
6072
10559
5671
10549
9037
6131
9027
6142
9057
5700
9047
6132
8987
6041
8986
6071
8997
6061
8957
5691
9077
5761
8576
6121
9077
6141
9007
6091
8937
6121
8917
6111
10340
9969
5560
11271
10229
11001
7925
10229
7965
11121
7855
11282
7825
11010
10940
11021
10490
10339
10459
7874
10490
10460
7965
18014
10509
10480
7905
10630
10399
7885
11181
11161
11160
11151
7935
10550
10450
7925
11041
10921
7965
11231
11301
11151
11302
7895
10399
10319
8015
10529
11161
10349
10991
7914
11211
10810
7915
10350
9998
11101
7994
11882
11050
11322
11061
7915
11091
11010
8085
11061
11031
7925
11040
11121
11141
10520
11432
10640
11020
11271
11001
11060
10950
11121
10930
9979
11161
11100
11071
11081
10891
10990
11191
10930
11090
11021
11051
11171
11141
11291
10149
11431
10950
10439
11080
11000
11021
11261
11120
10149
11171
11031
13095
11180
10490
11091
10129
10981
10940
11161
9979
12464
10970
12744
11161
11020
11051
11151
11131
11271
10119
10189
10990
10920
11171
10099
11040
11191
11040
13275
10990
11090
10079
10970
10941
10119
10029
10159
11110
7985
10059
11381
10971
11301
10049
11070
11100
11201
10449
10449
10280
11061
11071
11011
11271
11111
13055
11090
11021
9928
11011
11271
10930
11131
11030
9939
11201
11070
11141
11121
10951
9919
11231
11251
11061
11011
11301
10219
11140
11191
10009
10981
11461
10219
10990
11051
11161
10028
11191
11030
10099
11061
11131
11010
10169
10028
10249
10970
11191
11011
11071
10970
11091
11011
10189
10419
10450
10018
11271
11081
10239
10559
10630
11241
11571
11081
10119
11201
11031
11371
11091
10179
7894
10048
5421
10830
10950
10089
11150
10039
11141
7904
11111
11141
11111
10981
7994
11151
11171
11031
11041
11421
7975
11221
7815
11101
10079
7905
11231
9899
7894
11181
7905
10991
10921
11071
10990
7905
11121
11050
11241
11131
11201
11131
10950
11010
11141
11081
11171
11161
11051
10139
9968
11281
11211
10970
10940
11421
11111
10129
11030
10199
11181
11321
9989
7975
11001
11090
11140
10078
10159
8096
10991
7974
10941
7914
10980
7814
11150
11171
11091
11131
10991
10169
10108
10280
11050
7935
11200
7945
11201
11021
10910
10980
9958
11101
11101
10991
10049
8105
10018
7974
11251
11221
8937
11381
9076
10450
10960
11040
11150
7835
11140
11040
10079
10179
10239
7965
10900
11090
10970
11001
11131
9989
10970
11060
11051
11121
10250
11041
11101
10870
11332
8045
10199
7885
10970
11071
10840
10921
11081
10990
11201
11221
11271
11111
7844
11261
11101
11151
11171
11121
7895
11071
7925
11140
9929
11060
10139
7904
11161
11131
11061
11081
11121
5330
10560
10800
11030
11231
10891
7805
10941
11140
10901
10951
10299
11170
11010
10179
11001
8145
11161
7915
11060
11231
11321
11070
7834
10950
11231
10419
11001
9017
11061
11151
11201
11081
11100
11050
11341
11000
11321
11081
7884
11030
8005
10961
11321
10089
11311
11171
10179
11091
11141
11081
10901
8065
11131
7935
10951
11141
10931
7965
11201
7965
11021
10119
11001
10911
7924
11171
9929
11071
9998
9798
11110
10139
7925
9979
7955
11050
10970
11191
11001
10960
16742
11091
11011
9928
9848
10079
10991
11191
10189
7895
11041
10850
10981
8165
10008
7985
11141
7965
10320
10941
11161
10109
11071
11110
11151
10169
9959
11021
11051
10940
11211
11552
11091
10159
11131
7955
10961
11051
10320
8576
10249
7814
11041
11171
10229
7955
10199
7864
11091
10129
11070
11160
11091
7874
10069
7965
11121
11090
11161
11311
11111
8476
10340
10089
6041
10450
11190
10068
11181
9959
11130
11010
10109
11171
12844
10079
10931
11251
11241
11191
11261
10960
10049
10981
9989
11071
11031
10960
8005
11131
8045
12744
6041
10069
10048
10209
10169
10981
5991
10449
11301
12824
10289
12774
8014
11001
7895
11041
11151
11171
11020
11101
11101
7885
11000
11181
11131
11441
11040
10009
11121
10009
10450
7875
10951
11111
11081
11040
11201
8025
10991
7955
12524
11191
7905
11091
11201
20218
10078
7935
11331
11121
11191
7824
10921
7895
11051
10139
10960
10901
10981
10039
11191
10149
10139
10169
7885
11111
11081
11181
11151
7975
11301
11141
6161
10349
9959
10199
11090
10911
11211
10229
10880
11271
11292
11081
11281
11020
8035
11170
10981
7925
11291
11131
16271
10439
10489
10119
10951
10539
10129
11000
11050
11030
10079
10149
11081
11191
11031
10159
11000
10119
10088
10430
6241
11170
11091
11351
16100
9979
10289
10269
11271
8025
11201
11071
7825
10951
10139
10940
11201
9999
7905
11211
9959
10840
8105
11101
7885
10880
8035
11031
11141
9998
11071
8025
11231
7985
11061
11010
10690
10009
11181
11361
11020
11221
11140
11101
7905
11561
7975
10099
11141
11391
11651
8015
11011
10229
5450
10980
11021
13285
10099
5571
11422
11181
11462
11060
11040
11382
11241
11331
11111
11061
8065
11592
5410
10690
23985
10600
5710
10460
5771
14417
6062
11161
6051
10429
5991
10519
6062
10490
6181
10510
6051
10450
6061
10400
6052
11492
6041
10920
5570
10359
6101
15359
6202
10510
6081
17643
6102
10660
6071
11081
5590
16100
6171
11031
5530
11261
6061
10539
6212
10931
6051
13505
6111
11061
6051
11011
6162
11802
6161
11251
6092
16702
6112
11181
6122
10830
6092
16561
6041
10741
6242
10820
9969
10109
11001
9919
11131
11171
11040
10930
11081
10991
11151
11111
10961
11251
11131
9898
10159
10870
11131
11031
11000
10991
10921
11000
11060
11020
11101
11101
10990
11010
11041
11121
12143
9989
11221
11080
11111
11020
9988
10049
11081
10409
11211
11020
10930
11161
10971
10329
11091
11191
11311
11061
10409
11211
11181
10419
11030
10970
10390
11361
11060
10870
11201
11221
11061
10991
10510
11011
10750
11051
7975
10650
7885
10890
10550
10930
10680
11100
10470
10940
10660
11171
10620
10880
10670
7985
10831
11251
10790
10109
8075
10660
7845
11040
10710
8917
10479
10549
11111
10389
8366
11021
10550
10320
8997
10449
8286
10820
6021
10490
10420
10129
10400
7975
10931
7934
11201
11040
11271
11071
7894
10961
14868
11091
11171
11141
7925
11261
11161
11111
10961
8025
11040
11181
10449
8005
11140
10570
11271
10700
11151
10049
10991
10550
10329
11210
10970
11050
10440
11151
10710
10960
10129
10540
10960
11231
11191
10019
10520
11041
11141
10439
11261
11090
10630
10089
10179
10710
11151
10620
11151
11211
11271
11271
11191
11021
11161
10960
10980
11171
10930
11111
11251
11070
11441
10940
11161
11301
11101
10118
11090
11100
11041
11071
11141
11051
11261
11231
10960
11031
10760
11030
10680
11101
11111
11231
10540
11131
10440
10480
8245
11201
11131
8015
10018
11251
7935
11131
11161
7915
11060
11171
7975
11231
11241
7905
13876
11141
10349
11080
11051
11130
11041
11060
8035
11091
11070
7895
11482
11281
8045
11211
10910
11141
8005
10430
10479
8065
11391
11061
7905
11141
11031
7905
11281
11191
7955
10990
11231
7865
11061
11211
7755
11071
11241
11171
8056
11050
11120
8015
11141
11291
7915
11161
11251
7874
11221
11231
7935
11091
10310
7894
12463
10380
7915
10489
10009
10460
7965
11201
8996
10028
8926
11050
7925
11031
10971
11021
11111
11491
11291
11101
11251
11131
10971
11291
10059
11120
10229
10079
11131
9978
11050
11150
10911
10018
11050
9978
10970
10339
11120
10990
11081
11261
10500
11321
10990
10169
10139
11051
10119
10951
11181
11080
11161
10049
9999
10930
11101
11041
10079
10059
11141
11061
11040
11101
10429
11402
11050
10971
11161
11151
11090
11001
10991
11171
11110
11100
11070
11091
11111
11311
11111
11060
11251
11221
11211
11251
11371
10981
11301
10981
11001
11161
11141
11091
11171
11121
11181
11151
11121
11170
10971
11141
10981
11021
14016
11040
11020
11060
11001
10069
10099
11272
10811
10500
11061
10991
11201
11121
10139
10109
10018
11181
11091
11071
11120
10921
11080
11161
11091
11041
11251
11241
11030
11061
11211
11020
10990
11191
11321
11181
11201
10360
10039
11211
10761
10409
11030
11301
11050
11041
11191
11271
11331
11041
11231
11131
10229
10991
11030
11160
11011
11191
11071
11061
10961
9949
10079
11120
11021
11061
10259
11101
13485
10489
11311
11091
11471
11111
11011
11111
11401
10970
11080
11221
11130
11051
18073
10991
11081
10971
15960
11201
11200
11011
10930
11602
11552
11321
11210
11532
15339
11111
10990
11071
12043
10981
11281
11141
17032
11171
11241
15709
11111
15990
11101
11071
20439
11231
10429
11191
10970
10419
11201
12543
10500
11141
11031
10319
9909
11121
11221
11001
11591
10370
11652
11101
11141
11241
11080
12002
11020
11000
7935
11070
10489
12333
11050
10960
11151
11121
10500
11201
10990
10860
10079
10129
10951
11181
11001
10990
9968
11010
10038
11061
11010
10169
10089
10008
10981
10069
10970
11211
11311
11201
11100
10229
10960
10990
10309
10199
11060
10098
11161
11071
10018
10199
11070
10059
11131
10088
11091
10119
10079
10029
11712
9948
11050
9968
10310
10910
10209
11101
10229
10139
10119
9938
13445
11021
10900
11161
11271
9989
11101
11111
10139
11171
11131
10820
10991
11111
11151
9978
11140
11060
9969
11151
11141
11010
10590
10550
10400
11071
11050
10620
10159
10871
11011
10029
10960
11041
10129
11131
11281
11060
11060
11231
11111
11131
11221
11281
11822
11422
11221
17082
11161
11051
11150
10499
10630
10489
10439
10570
10499
10660
10389
10519
10550
10650
11061
11001
10480
10369
10450
11011
11141
10489
10589
11952
10370
10509
10429
11331
10960
11061
10921
10971
11130
11061
11051
11051
11291
11081
11131
10870
11051
10119
11191
11131
11001
11291
11101
11382
11091
11311
11130
11231
10139
11081
10981
11181
11041
10449
10559
10089
11141
22963
10149
10570
10289
11061
11140
11312
10200
11111
11021
11091
11171
10951
11181
12653
11191
10098
11111
11231
10940
11070
11030
11201
11060
10049
11091
12694
10851
11111
11021
11060
11181
11101
10961
10880
11411
11151
11201
10980
11011
10810
10570
10599
10450
10770
10430
10470
10530
10479
10550
10479
10620
10320
10499
10610
10630
10479
10419
10529
10580
10519
10680
10549
10580
10509
10620
10811
10530
10480
10700
10440
10530
10419
10520
10509
10370
10539
10038
10570
10350
10409
10479
10510
10490
11842
10610
10409
10479
10610
10630
10540
10530
10550
10570
10590
10771
10370
10410
10610
10881
10550
10680
10529
10830
10489
10590
10520
10459
10510
10510
10540
10490
10400
12213
10360
10549
10410
11051
10470
10390
10590
10649
10419
10489
10439
11020
11070
11201
11301
11211
10429
10570
12303
10670
10550
10360
10440
10650
10649
10279
10209
10349
10149
10159
11010
10119
9909
11061
11091
11091
11201
10960
10960
11111
11111
11071
11091
11111
11131
11051
10720
10490
11191
10549
10960
11101
10369
11051
11160
10339
11011
11271
9969
10490
11381
10990
10460
11001
10019
10460
11021
10470
11211
11051
10019
10690
11010
11001
10360
12423
10329
9948
11211
10469
10290
11171
10870
11131
10250
11080
10970
11261
13224
11070
10981
11321
11091
10129
11151
11171
11141
11201
11231
11191
12894
10971
10940
10971
10389
10219
10480
10610
11041
10470
10460
10199
10881
10519
9889
10379
10569
11141
11702
11101
10079
11061
11211
10099
11051
11001
10931
11211
7955
11121
11081
10900
10179
11231
11071
11040
10128
9979
10118
11181
11011
10189
11081
10489
11151
10089
10560
11231
13115
10410
10109
10590
9958
11551
10529
10229
10149
10960
11001
10149
10289
11061
10931
11271
10139
10179
11041
10129
11031
11381
10109
10048
10038
10971
11131
10009
10089
9929
9779
10700
10800
10539
9458
10439
12252
10379
10339
9187
9007
9978
9016
9838
8877
8847
8876
9477
9237
9448
9268
8466
9127
8997
8997
8465
8085
8747
8005
8716
8085
8446
7654
7734
7554
11792
7443
8306
7323
7204
7113
7034
7705
7685
7575
6933
7354
7334
7354
7304
7113
7054
6772
6803
6271
6832
6652
6723
6643
6472
6372
5831
6261
6272
5610
6091
5951
5941
5651
5380
5230
5761
5610
5440
5440
5310
5390
5330
5170
5079
5019
4869
4989
4408
4739
4769
4558
4498
4469
4398
4058
4007
3887
3938
3827
3677
3747
3607
3636
3487
3356
3186
3386
3327
3266
2875
2856
3086
2976
2875
3095
2485
2625
2545
2344
2434
2455
2394
2304
2224
2154
1954
2024
1944
