1954
16882
11611
10549
10640
10881
17152
11461
13445
11271
10780
10500
11131
10510
10439
11392
11291
11501
11552
12273
11492
16290
11261
11271
11592
11812
11461
11551
11261
11672
11382
11752
11502
10660
10781
10299
11552
11571
11211
12022
11392
11681
11352
12123
11471
10440
11492
12273
11601
11852
11711
11702
22592
11983
11471
10470
11571
11541
11421
11601
11491
10469
11462
11682
11401
11241
11632
11692
10330
12173
11571
11532
10920
11352
11511
11932
11261
11652
10569
12053
11331
10400
11371
11672
11431
10770
10369
11602
11622
11502
11572
14036
10730
11572
10279
11772
11241
10510
11361
11672
11421
12915
10410
10399
13956
11381
11591
11441
11903
11302
12283
11181
11922
11221
12233
10630
11472
11201
11301
11492
11342
11481
11622
11211
11992
10549
11622
11321
11461
12053
11120
11462
11171
11812
11411
10480
11672
10400
12413
11441
10509
11482
11601
12924
12223
11522
11602
10409
12373
11281
11531
10440
12223
11281
10439
11281
11551
11492
11532
11451
11421
10510
11361
11461
13916
10310
10359
11762
11462
11471
12634
11561
11422
16180
11562
11271
11571
11401
11281
14217
11291
13234
11261
10510
11311
11762
11281
12163
10439
11311
11441
11241
11161
11502
11312
11471
11261
10269
11522
11692
11521
11982
11582
11752
10439
17172
11672
10540
11241
11983
11281
11772
11772
13315
11421
11742
11441
10449
11401
11210
11381
11491
11441
10559
11251
11321
11582
11291
11482
11511
11341
11321
11512
11642
11451
8396
11141
6201
10279
11241
11331
10419
11462
11361
11271
11612
11702
11491
11211
11431
11321
11492
10299
11502
11331
11411
11220
11382
11342
10890
11342
11402
11282
11441
11421
11251
11391
11502
11421
11392
11191
11431
11482
11611
11291
11291
11372
13044
11361
11421
11602
11582
11622
11201
11512
11632
11471
11912
11592
11952
11261
11441
11551
11451
11451
11502
11501
11251
11552
12954
11561
11071
11963
12253
10389
11391
11432
11432
11331
11332
11571
11411
11482
11352
11361
11482
11261
11281
11502
11591
11311
11401
11301
11441
11722
11341
11321
11342
11221
11381
11141
11101
11451
11511
11381
11382
11281
11421
11852
11391
11561
11281
11231
11441
11392
11331
11361
11592
11311
11191
11431
11261
11562
11411
11341
11551
10539
11471
11291
11351
11582
13064
11131
11361
11501
11251
11522
11571
11421
11121
11472
11141
11361
11381
15870
11311
11471
11462
11231
11511
11491
11762
11261
11261
11511
11411
11552
11532
11472
11302
11472
11371
11402
11381
11331
11512
11371
11261
11482
11401
10550
11391
11421
10340
13055
11591
11462
11441
10239
10630
11491
11432
11361
11501
10419
11311
10399
11732
11873
10450
10430
10249
11572
11581
11241
11020
10690
10229
11382
11571
11261
11561
11351
10229
11451
11541
11501
10440
11111
10670
10209
11702
11451
11422
11542
11391
11432
11371
11462
11632
10339
11331
11351
11462
11301
11301
11231
11401
11562
11341
11432
11401
11682
11471
11722
8276
10530
11311
8165
11482
8125
11592
11291
12113
10450
8165
11381
11571
11492
11241
11381
11542
11391
11421
11412
11562
11722
11241
11502
11441
11331
11361
11402
8216
11471
11552
11561
8295
11311
11582
11332
11501
8225
11311
11332
11361
10339
11431
11421
11211
11291
11341
11421
8416
11150
11291
11641
11451
11612
11351
11211
11451
11772
11211
5681
10720
10219
11571
11492
11531
11431
11521
11572
11482
10339
11612
11431
8315
11621
8115
11621
11261
11181
11211
11271
11451
11572
11612
10330
11441
11301
11852
11461
11812
10359
12273
11161
11281
13084
11351
11491
11271
10460
11602
11371
10539
10379
10460
11372
11301
11542
11361
10289
10490
11361
10389
10350
11382
11451
10500
11161
11171
11361
11311
10290
11482
10129
11271
11571
10219
11421
11531
11361
10319
11251
11281
11361
11551
11381
11301
11302
11231
10590
10289
11481
10229
11422
11271
11381
11542
11632
11551
10309
11602
11381
11491
10229
11252
10319
11351
11271
10430
11341
10460
11251
11241
10429
10459
11341
11511
10480
11411
10650
10169
11311
11321
11702
11601
11491
11451
13134
11471
11301
11311
11682
11521
11391
11621
11522
11231
11481
11381
11291
11602
11381
11482
10520
10619
11552
11641
11371
11511
11442
11522
11782
11492
11412
13295
11391
14167
10600
11562
13114
12844
11572
11842
11471
11541
11451
11341
11281
11462
11731
11492
11351
10920
11471
11301
11702
11251
11572
11571
11492
11582
11341
11712
11652
11481
11421
11432
11722
12954
11692
11301
11351
11512
11622
11511
11331
11291
11702
11471
11461
11421
11461
11381
11171
11451
11441
11241
11201
11341
11452
11462
11271
11281
11311
11210
11311
11612
11341
10410
11351
11241
11302
11251
11611
11562
11241
12594
11271
10490
11251
11431
11301
11511
11281
11341
11331
11411
11512
11411
11392
11502
11371
11401
11542
11422
11441
11431
11281
11451
11472
11352
11331
11381
11521
11392
11421
11331
11341
11361
11351
11391
11111
11702
11641
11261
10359
11271
10430
10390
11211
11472
11391
11451
10490
10430
10259
11482
10669
11502
11481
10439
11511
11351
11402
10519
10559
10369
11381
11672
11551
11381
10530
11662
10820
10630
10299
10820
10389
11712
11491
11351
11281
11271
11361
11301
11692
11431
11411
11221
11301
11441
11311
10499
11391
11782
11622
10530
10339
11712
8416
11301
11522
10560
8386
10339
8065
11512
10339
11662
11391
11461
11502
11472
11712
10771
11471
10129
8265
11491
11412
11271
11472
11411
11461
11492
11481
11511
11552
11271
12143
11331
11592
11632
11872
11491
11632
11371
12223
11602
11521
11401
11451
10570
12984
11351
12073
11301
11601
11611
12203
11502
12173
11501
11562
11772
12233
11602
11502
11782
11621
11382
11372
11862
11502
10670
10449
11362
11481
11571
11542
11521
11441
11191
11612
11652
11682
11241
11351
11442
11551
11412
11442
11581
11301
11261
11491
11411
12092
11371
12804
11241
11311
12103
11301
11472
11832
11301
11582
10500
11362
12083
10540
11281
11762
11311
11562
11462
11501
11862
11392
11422
11221
11391
10530
11722
12102
11772
11601
11411
11671
10289
11541
12243
10319
11281
12113
11312
11372
11552
11361
11561
11431
11732
11351
11281
11421
10500
11211
11281
11271
11111
11451
10600
11291
11451
11362
11321
11261
11241
11451
11431
11341
11401
11251
11451
10650
11441
11421
11401
13395
11551
11342
11342
11422
10750
11391
11291
11351
11311
11411
11511
11562
11602
10269
11261
11452
11341
11612
11812
12483
10700
11301
10750
10770
8305
13104
10720
11501
11431
10410
11431
10720
10600
12874
11492
11582
11362
11321
11531
10640
11080
11491
11552
11401
11361
11251
11382
11492
11331
11542
11281
11341
11281
10410
11341
10510
11932
11331
11441
11341
11302
11482
11452
10509
11421
11621
11571
11181
11251
11401
11472
11472
20027
11362
11522
11491
11382
11251
11281
11231
11612
10419
11471
11261
11382
11341
11451
11302
11362
10931
11472
13114
11181
10379
11381
11312
10359
11111
11562
11231
11381
11531
11321
11341
11441
11402
11200
11412
10640
11382
11441
11662
11401
11381
11411
11312
12043
11292
11592
11221
11512
11461
11422
11271
11321
11411
11391
11511
11341
11331
11512
10389
11461
11502
11292
11241
11401
11331
11692
11572
11381
11371
11321
11281
11472
11312
11611
11251
11391
11562
11492
11271
11311
11401
11171
11261
11732
11301
10900
11341
13105
10870
13105
11341
11382
10981
13225
11481
10941
11591
13064
11080
13165
11552
11010
11271
12824
10840
11572
10930
11160
10971
12904
11432
10720
11301
11301
10830
13335
11621
10901
11441
12934
11021
11401
11331
10920
11702
11211
11051
11401
11422
11181
11662
10490
10640
11351
10430
10650
11291
11522
11331
10680
10220
11392
10790
11301
11492
11090
11251
10590
11251
10339
10730
11411
11671
10760
10589
11322
11432
11361
11562
11051
10510
11301
11081
17563
11020
12003
11752
11552
11201
11071
12253
10350
11532
11100
11822
10390
10680
12323
10420
13395
11051
11672
8265
11442
10930
16892
10770
11692
11051
12133
11221
11852
11061
16691
11402
11942
11201
11802
11061
12083
11341
11862
12423
12153
11201
12203
13665
11682
11140
11572
10740
13255
11662
11030
10911
13255
13034
10710
11451
11522
11041
11452
11913
11492
10840
16120
11120
10710
11431
11301
11021
11201
11952
11742
10980
11551
11081
10690
14677
10790
11221
11040
15008
11221
10629
11642
11021
10850
11161
10890
11442
11001
12524
11111
10770
11502
11011
11792
10840
10600
11411
10970
15498
11421
11933
11251
14356
11221
11231
11501
11722
11131
11962
11341
11201
11461
12954
11602
10790
10830
10760
11031
11482
12323
11612
11561
10700
10690
10830
10740
10730
10891
11341
11261
10830
10710
10791
11271
11321
12062
10770
12032
11351
14427
10840
11782
11141
13355
11462
11902
11371
13315
11121
11151
10850
11351
11061
13055
11542
13265
8276
16461
6322
12664
6312
11040
10901
15128
10900
11090
11181
15268
10820
6342
16641
10760
12153
10870
11993
10790
12363
10700
14617
10810
6241
10750
12062
10740
6241
10609
10961
11271
12033
11342
14447
11301
11362
11512
11471
11151
11331
11802
11231
11541
14568
11081
12343
11351
10991
11441
11401
10710
11341
11311
11051
11442
11421
11261
11421
11342
11141
11431
11512
11462
11301
11221
11372
11491
10740
11261
10730
11552
11331
11331
11612
11642
10679
11351
11282
11211
11471
11292
11161
11571
11601
11251
11371
11482
11642
11452
11321
12613
11512
11482
11231
11401
11341
5541
11441
11271
11552
11412
11191
11371
10891
10780
11331
11331
10960
10610
11001
11371
11261
11772
10680
5610
11231
11412
11461
11361
11481
10740
10841
11111
11031
5551
11472
11412
11512
11281
11261
10921
11011
10800
10880
10740
11642
11391
11322
10700
10589
10861
10850
10840
10791
11461
11301
11511
11031
10980
10670
12323
10760
6172
11381
5600
11452
11251
11652
11431
10951
10890
10860
10890
10780
11171
11011
11461
11532
11281
10770
11511
11622
11451
11161
11261
11211
11632
11552
11131
11351
10821
6081
11512
10750
11411
11863
11431
10690
11351
10871
11512
6141
9217
11511
10780
11421
10530
11271
11411
11342
11471
11471
11732
11321
11301
11511
10680
11452
13686
11642
10630
11622
10880
10921
11642
16861
10580
11331
11361
12012
11391
11822
11271
11402
11301
11872
11291
11352
11451
12163
11492
13304
11451
11772
11301
13135
10620
11782
11261
12133
11381
11793
11602
11512
11522
11391
11331
13885
11531
11591
16742
11401
11341
10770
13204
11281
11712
11432
11271
11501
11812
10881
11331
11542
11571
11322
11832
11441
11571
10851
11391
11472
11983
11392
11341
11422
12132
12032
11542
11421
11381
11541
11572
17002
10430
11361
11361
11752
13125
12023
11231
11722
11601
14216
10760
11822
11451
11301
11561
11342
11551
11491
11732
11291
11502
11631
11531
11642
11251
11411
11572
11382
11412
11471
10360
11301
11651
11431
11371
11372
11552
11833
11441
11371
35295
11421
11361
11532
11441
11221
11311
11422
11492
11732
10480
11341
11462
11462
11311
11371
11342
11431
11341
10289
11421
11342
11401
11381
11311
10500
11802
11522
10500
11562
11401
11341
11401
11552
11522
11351
11462
10570
10349
11471
11562
11612
11391
10330
11261
11502
10429
10379
11031
13114
10440
11632
11291
11341
11241
10750
11281
11291
11231
10249
11431
11461
11581
11692
11411
11862
11572
10800
10841
10470
10920
10840
11292
10470
10559
10459
11281
12784
10459
11431
11551
11512
11471
11271
10490
11391
11411
11482
11481
10289
11291
11411
11772
11170
11482
10339
11322
11281
11602
11211
11502
11362
11441
11391
11331
10400
11552
11471
11351
11271
11481
12243
11612
11521
10429
10790
11451
10310
11612
11491
11472
11301
11522
10409
14196
10440
11592
11511
11922
10329
11842
11772
10229
11321
11651
11491
12193
11381
11772
10349
12984
11291
10470
11321
10880
12133
14227
11161
12263
11471
11972
11301
14947
10499
11522
10419
11622
10640
11923
11842
11231
11511
12113
11582
11561
11511
11301
10470
12744
11421
11291
11000
11281
10660
12163
11551
11371
11651
11853
10209
11441
11502
11471
11261
10860
11301
10500
11151
10560
11311
14808
10700
11622
10791
11402
10530
11682
10851
11211
10510
11161
10941
11361
10870
11642
13335
15379
11482
13946
10881
11312
11562
10750
22552
11621
10650
11331
10801
14206
10350
15058
10700
11431
10931
11161
11592
14467
10851
10440
11311
10791
11090
12063
10921
11551
11251
11261
10299
11491
11241
13245
11472
10680
11582
11421
11081
10609
11621
10941
11632
10920
11121
11461
12183
10660
11221
10419
11030
11482
13134
10720
11511
11281
11412
11411
12022
10750
11601
11261
10550
11281
10800
11371
10821
11722
11532
12423
10710
10760
10329
11542
11401
11381
11181
11351
11412
11461
11411
11372
11371
21810
11461
11441
11291
11271
11652
11402
10469
11231
11472
10229
11201
11512
11351
10450
10569
10930
11301
11471
11442
11711
11341
11652
11311
10990
11481
11341
10369
11702
11442
10880
11281
11622
11621
11551
11541
10740
10600
11512
11371
11491
11311
11511
11561
11681
11492
10299
11261
11421
11201
11361
11391
11692
10820
11471
11201
11392
11180
10449
11271
11381
11261
11532
11322
11371
10489
11581
11321
11441
10369
10470
11412
11241
11351
10529
11342
11582
11402
11210
11271
10560
11522
11561
11351
11462
11381
11462
11271
11281
11441
11411
10379
11361
11282
11481
11472
11411
11541
11502
11462
8266
11501
11842
10479
11472
11912
10459
11421
11321
10510
11422
11111
11000
10239
10490
11361
11351
11261
11381
10239
10529
11431
11371
11471
11392
10690
11442
11482
11221
11502
11471
11352
11762
11051
10961
11571
11141
11381
11411
11181
11392
11391
10720
11161
11331
11421
11301
11502
11953
11361
11381
10349
11382
11481
11301
11482
11581
11362
10529
11312
10529
10369
11422
11321
11411
10369
10359
11471
11281
10329
11221
11311
11762
8196
11291
12313
11602
11321
11512
11462
10540
11382
11833
11371
11521
11261
11371
10680
11482
11411
10530
11541
11382
10359
11421
11411
11311
11952
11612
10590
11501
11581
11311
11501
11451
11722
11452
10259
11241
11382
11281
11431
11581
11442
11391
11422
10509
10650
11592
10279
11472
11441
11411
11381
11581
11351
11382
11562
11492
11421
11492
11141
11292
11442
11341
11301
11321
11451
10330
11452
11511
11372
11391
11432
11181
10570
10509
11312
11401
11602
11421
11732
11371
10751
11342
11421
11402
10930
10660
10750
12213
10870
10750
10650
10911
10569
11171
10740
10670
10840
10740
10750
11321
11401
11371
11291
11462
10740
10670
10660
13064
11382
16330
11682
10981
10690
10961
11351
11501
11502
11742
11301
12613
10660
11030
10840
10980
10679
13185
11592
11672
11462
18965
10831
11471
10761
13466
11251
11302
10730
10940
10750
10370
11070
10780
10350
10990
11191
10350
10369
10409
11412
11271
11271
13295
11491
11361
11151
11512
11412
11481
11261
10649
10630
10960
11051
11010
10420
11362
11391
10339
11391
11451
11391
11351
11582
11572
11251
11301
11332
10449
11211
11131
11531
11181
11491
11281
11221
11251
11391
11201
10459
11251
11221
10330
10650
11251
11312
11772
11412
20579
11311
11171
11411
11271
11271
11321
10269
11311
11281
10309
11301
11482
11311
11401
11291
10409
11361
11341
11511
11421
11150
10229
11231
11581
11281
13004
11441
11060
11432
11241
11371
11341
11301
10299
11412
11211
11381
10269
11121
11481
12444
11331
11421
11392
11231
11351
11301
10319
11321
11442
11321
12914
11311
11121
11462
11381
11411
11231
20338
11382
11702
11221
11171
11622
11231
11381
11140
11411
10530
10891
11451
10219
11091
11221
11341
11461
11281
11221
11241
11331
11362
11341
11150
11541
11401
11171
11221
11001
13265
10280
11221
11281
11602
11391
11201
11502
11141
11261
11251
11251
11241
10309
11151
11321
11221
11331
11271
11331
11221
11191
11351
11241
10329
11321
11512
11151
11441
11341
11392
11632
11241
10269
11351
11382
11190
11371
11261
11461
11231
10259
11251
11341
11321
11170
11382
11401
11201
11421
11190
11241
11451
8096
10359
11231
11401
11161
10280
10570
10289
11311
11522
11251
11281
11161
11311
11081
10219
11311
11060
11421
11351
11231
11272
10319
10279
11231
11251
11321
11211
10430
11461
11251
11321
11301
11101
11491
11321
10750
10710
10580
11431
11281
10680
10710
10690
10740
10810
10650
10750
10640
10941
10620
10710
10850
13065
11341
10891
12223
10710
10680
10660
10540
12243
10549
10780
10639
10500
10780
10610
10640
10589
13245
10700
10510
11291
11291
10810
10660
10630
11301
11301
13866
10620
10770
10539
10971
10800
10610
10690
10690
10490
11251
11140
11291
11401
10750
10800
10860
10740
10640
10500
10700
10941
10821
10780
10730
10570
11271
11512
10149
11231
11401
11151
12513
8166
11301
8065
11121
11301
11321
8245
11752
11371
11412
10419
11472
11251
11291
11512
11642
11341
10259
11341
10309
11331
11341
8236
11221
11291
10770
10229
10490
10480
11221
10690
10750
10399
8165
11081
10610
11201
11511
11171
10239
10409
11331
8246
11451
11101
10469
10270
10319
11582
8156
11502
8095
11281
11371
11662
11291
11352
11271
11382
10360
11532
21570
10560
11171
8115
11351
8125
11191
11191
11321
10279
8086
11422
11421
10179
11111
8106
11392
8175
13115
10680
10259
10159
11412
11281
11341
10500
10280
10229
11191
11271
11201
11341
11391
11252
11321
11352
11351
10520
11101
11491
11181
11371
11371
10179
10229
11431
11191
11742
10249
10269
10510
11412
11751
11130
11221
11471
11401
11271
11331
10389
10660
11391
11211
10319
10640
11301
10500
10760
10940
11331
10640
10420
14457
10710
11191
11141
11381
11220
11211
11371
11120
11311
11372
11231
11351
11231
11421
10750
10810
11291
11371
11171
11271
10490
10390
11461
11231
11241
10429
11191
11311
11482
11391
11272
11341
11492
11211
11191
11171
11411
11221
11291
11041
11211
11581
11292
11372
11311
11171
11341
11461
11482
11191
11241
11331
11382
11291
11312
11321
11482
11381
11421
11101
11221
11482
11271
11321
11822
11451
11221
11321
11101
11381
11231
11361
11431
11231
11231
11351
11502
11241
11391
11321
11411
11452
11311
11351
11531
11201
11862
11562
11641
11080
11231
11352
8105
11251
10679
10750
10880
11391
11431
10530
10710
10690
12243
10670
10781
10790
11561
10891
9057
10610
9037
10930
9768
10751
9237
10750
9158
11211
8195
10630
10970
10710
11461
11421
10780
10690
10911
12283
10700
10690
10891
10620
10650
10629
10761
10911
10820
10610
10760
11051
10760
10750
10320
11181
11301
10340
11622
11211
11230
11131
11341
11622
11181
11382
11381
11271
11291
11211
11331
11321
11301
13114
11301
11381
11150
11211
8025
11382
11412
11341
10209
8226
11371
11501
11251
10490
10349
8766
11421
10189
10680
11191
13024
10249
10720
11471
11442
11151
11011
11271
11221
11382
10299
11151
11391
8095
11352
11211
10419
11241
11321
11852
11431
11612
11231
11231
11382
11562
11472
13064
11342
11231
11352
11421
11301
11291
11512
11552
10560
15810
11382
11341
13355
11221
11461
11211
11201
11291
11171
11732
11352
11151
11040
11311
11441
11291
11231
11220
11321
11522
12122
10760
10740
11392
11362
10700
10770
12954
10700
10760
10560
11241
11332
11201
11191
11411
11231
11191
10810
11241
11301
10720
10660
10710
10550
11061
10630
10810
10760
10830
11902
11402
11972
10710
10900
11902
11431
10710
10910
10870
11332
11251
10901
12093
11792
11281
11702
10680
10970
11432
11471
10690
10710
10790
11472
11531
10810
10770
10279
10841
10460
11552
11451
11381
11211
11431
11201
11281
11241
11271
11281
11392
10290
11321
11341
11191
11471
11411
11351
11512
11441
11381
11402
11362
11522
11191
11442
11231
11381
11302
11382
11311
14928
11231
11341
11391
11331
11311
11472
11371
11151
11201
11351
11592
11461
11031
10349
11011
10419
11381
11251
10870
10700
11100
10229
11050
10880
10429
10500
11281
11151
11391
11612
10469
10349
10460
10159
11311
11241
11312
11201
11371
11251
10329
11371
11201
11211
11391
11402
11181
11251
11141
11301
11301
11271
11051
11281
11361
11522
11351
11351
10319
11331
11341
11171
11071
11943
12123
10961
11111
11371
10590
11011
10850
11351
11341
11472
10730
11051
10660
10680
11181
11381
11421
10931
10610
10880
10760
11492
10881
11471
11562
10910
10619
10830
11201
11661
10590
10971
10750
16681
10670
10830
10620
10921
10680
12954
11402
11312
11602
11541
12523
11631
10730
11151
10720
10921
10830
10760
10730
16681
11312
11491
11311
10821
10520
11371
11111
10580
11442
11391
11462
11301
10670
11372
10409
10279
11231
13956
11441
11181
11652
11431
11662
11181
11451
11161
11361
10850
11041
10710
11441
8125
10630
9347
10900
8626
10780
10670
10750
10860
10720
10740
10851
10620
10810
10720
10730
11491
11231
11382
11341
10720
10630
10920
10650
10430
10740
10629
10790
10560
11411
11401
11261
10731
10860
10800
11201
11491
11151
11321
11261
10610
10650
10660
10540
10700
10730
10710
10580
10740
10901
10750
10900
10891
11061
11081
11211
10630
10620
11271
11201
11372
11241
11321
8095
11281
11582
11281
11551
11522
11591
11311
10350
11351
11411
11241
11441
11341
11311
11211
10329
10369
11321
11261
11542
11361
11231
11281
11291
11351
11091
13115
10740
11191
11151
11171
11241
11100
11291
11401
11301
11091
11161
11282
11432
11201
11632
21521
11502
11251
11391
11241
11251
10299
11511
11141
11151
11221
11141
11221
11412
10339
10329
11391
11271
11311
11261
10660
14998
11502
10179
10330
10259
11371
11481
11401
10319
11181
11331
11502
11210
11361
11211
11231
10219
24927
11461
10580
11281
11211
11532
10410
10519
10239
11441
11281
11351
11231
11231
11111
11181
11271
11431
11381
11372
11352
11361
11542
10881
11271
11481
11472
11401
11181
11401
11382
11221
11321
11071
11231
11131
10250
11241
11772
11321
11251
11421
11201
11292
11372
10319
11652
11301
10259
11371
11291
12934
11100
11211
11331
10560
11201
11371
11231
10149
11271
10379
11552
11171
10360
11231
11352
11231
11201
11491
10419
11190
11221
11541
11371
11080
11261
11131
11381
11170
11211
11481
11281
11221
10330
11412
11281
11412
11592
10349
11161
11211
11402
11361
11371
11642
10509
10439
11170
11292
11321
11381
11311
11351
10400
10339
10450
11351
11401
11431
11211
11331
11401
11341
11381
11161
10340
11161
11251
10360
11532
11342
10299
11351
11401
10239
11311
11551
11191
11241
10199
10310
11461
11251
11251
11361
10400
11261
11451
11361
11241
11421
11271
11361
11211
11281
10270
11411
11462
11381
6141
10650
11441
10560
11381
11492
6111
10810
10259
10730
11231
10570
5641
11432
8245
11231
11081
10260
10209
10289
11362
11482
11181
11221
10319
10319
10389
9117
10490
10399
11472
8195
11231
8085
11251
11111
11642
11471
10359
6171
14327
11231
11461
11201
7113
10349
6132
10669
10330
10770
11581
6252
10930
11331
11371
10340
8005
11282
11361
11191
11311
11451
8235
11011
8205
11371
11512
11352
10550
8145
11351
11312
11481
10209
11261
11351
11402
10970
10840
10941
11341
11301
10340
11321
10800
11321
11211
11211
10339
11131
11562
11441
11211
11392
10369
11191
11180
10299
11993
11111
11702
11321
11521
10390
11272
10580
10239
11251
8136
11501
11271
11141
10740
11491
12313
11411
11361
11321
11151
10700
10650
11942
11231
11181
11281
11261
11241
11341
11271
11181
7995
11311
10580
11331
10289
10420
11121
10199
10510
11281
10650
9487
11160
8235
11351
11431
10710
20438
8215
11351
11321
11231
11551
11542
8085
11361
11161
11291
11381
10580
10921
11361
10410
10510
11331
11180
8215
8215
8085
11251
11321
11221
11421
11302
8145
11161
11191
8035
11281
8115
11451
9036
11261
9217
10740
11482
11661
8035
11241
8176
11191
8225
11282
11432
11161
11191
6172
10610
11231
10760
11452
6122
10710
11221
13565
11201
11231
11241
11341
11461
11382
11372
11421
11281
8606
11431
8196
11271
11311
11361
11382
11301
13976
11492
10139
10380
11191
8165
11391
11461
11561
11201
8125
11271
11381
10760
9328
11442
8115
11190
11361
11481
11362
11442
8055
11341
11401
11241
8406
11181
8125
11200
11211
10731
11391
10430
8335
11291
8295
11131
11421
10129
11281
8135
11291
11361
11191
11341
11211
11251
11261
8216
11302
8185
11471
11221
11191
11401
8166
10450
8155
11411
10460
10409
10440
11492
8045
11191
10279
11331
11462
11190
8165
14387
11432
11371
10209
7995
11441
11421
11301
11562
10820
10640
10610
14236
11441
11462
10831
10550
11352
11312
11362
10971
10680
10600
10640
10619
10780
10580
10670
10780
12323
10489
10690
10700
10680
10280
11371
11281
10500
11692
11141
11401
10660
10620
11272
11412
11211
10440
10710
10600
10340
11401
11151
11321
11160
10269
11471
11382
11151
11191
11291
11191
11181
11171
10249
11121
10901
10450
11271
11170
10259
10399
11391
11381
10390
11351
11221
11401
11191
11181
11561
11461
10941
10580
10450
11341
11231
10349
11341
11371
11221
11191
11221
11461
11071
11321
11491
11030
10971
10390
11221
14357
11411
11461
11251
11231
11281
10389
11371
11151
11201
10339
11221
10710
10219
11552
11321
11612
11271
11251
11311
11091
11291
10189
11401
14036
11432
11311
11160
10209
11001
11251
11521
11031
10650
11221
11231
11351
11711
12183
10660
10800
10219
11231
11492
10429
11352
11211
11542
10289
10380
12072
11221
11341
11371
11200
11211
10369
10299
10349
11231
11271
10459
11301
11321
11421
11150
11271
10370
11231
11251
10360
11241
11411
11411
11391
11452
11351
10580
10680
11361
11131
11211
10550
11361
10730
10439
11241
11411
11291
11452
11392
10279
11361
11361
11331
11322
11421
11392
11261
11351
11291
11501
11271
11341
11322
11531
11332
11291
11422
10460
10379
11321
11542
11291
11221
10319
11351
11411
11181
11301
11371
11261
10420
11041
10840
10320
10931
10620
11441
11381
11151
11271
11070
11341
11261
11301
11401
11231
11461
11501
10390
11372
11160
11171
11141
11311
11321
11241
11271
10399
11441
11792
11421
11201
10439
11351
11481
11411
11371
11251
10350
11361
11302
11302
11201
11201
11231
10380
11131
11181
11582
11131
11271
11221
11462
11511
11822
11531
11281
11482
11352
11301
11201
11241
11211
11501
11752
11071
11481
11302
11321
10379
11351
11391
11181
11271
11241
11091
12263
11191
11282
11311
11311
11181
11332
11051
11171
11502
11331
11090
11431
11211
11732
8095
11130
11241
10329
10269
11211
8135
11471
11251
11100
11291
8226
11391
11301
10630
10680
11121
8086
11271
11592
11180
10259
11241
10600
11271
11322
11381
11231
11311
11402
11321
11472
11331
11131
11392
11101
11361
11261
11381
11401
11311
10750
11121
11432
10630
11361
11361
11311
11351
11632
11411
11261
11492
11331
11241
11161
10549
11151
11161
10520
11251
11241
11441
11401
11331
10419
11261
11241
10400
11211
11171
11551
10279
11401
10259
11251
11251
11161
11181
11221
11351
11402
11382
11722
11241
11070
10420
11381
11131
11181
10630
11231
11281
10439
11391
11341
12253
11301
10850
11241
11281
11321
11271
10409
10590
11371
11181
11282
11341
10370
11261
11291
11251
11281
11231
11211
10470
11251
11291
11642
11361
11030
10550
11311
11541
11261
11251
11302
11371
10410
11241
11341
11181
11512
11311
11412
10409
11091
11462
11272
11431
11251
11110
11261
11591
11191
11341
11301
11171
11321
10349
11141
11100
10520
11271
11461
11301
11441
8075
11171
11171
11291
10870
12363
11311
11241
12403
10590
10750
11191
10690
10901
10680
13455
10600
10600
10780
10740
11021
10940
11721
10690
11231
11271
10530
10820
10620
11301
11512
10710
10690
10720
10680
10710
10770
11201
11251
11431
10921
10660
10640
10609
10520
10821
10589
10800
10670
10660
10860
10860
10610
10890
10620
11441
11301
11301
11322
10860
10590
10640
10540
10440
10440
10610
10890
10610
10650
11271
11231
11281
11431
10770
10790
10740
10580
13064
10690
10700
10620
10680
10790
10770
10770
11191
11191
11442
10650
10710
10760
10510
10629
10670
10650
10600
10730
10249
11301
11331
10279
10980
10790
10599
11702
11352
14236
11371
11151
11532
11632
11451
11481
11281
11211
11541
11381
11321
10740
11401
11411
10539
11141
11401
13806
11381
12403
11592
11461
11341
11842
11271
11321
11341
11782
11261
15379
11331
11461
10489
10189
11131
10821
10649
10640
11281
11612
10340
11652
11321
11622
11362
11221
11341
11491
11441
11902
11160
11251
11311
11531
11321
11882
11231
14036
11341
11522
13565
11441
11201
11211
11312
11161
11942
7975
11351
11251
11121
11311
11111
11762
11301
11171
11321
11262
11331
11281
11361
11381
11451
10349
10239
10730
11452
10229
11241
11141
11341
10740
10620
11521
10891
11251
11251
11261
11612
11201
10269
7975
11461
11211
6052
11461
5530
11271
11361
11361
11371
11312
11531
11251
11371
11772
8295
10169
8025
11181
11181
11351
11181
8125
11281
11141
10279
10459
8886
11372
11261
11281
8095
11211
11362
11652
11502
10329
10670
6251
11191
8215
11512
10629
11080
10850
11081
8406
11652
10250
11051
10670
10349
6182
11261
6051
10690
11391
8286
10529
15719
10550
10740
10961
11251
10991
10400
17462
11301
10570
11631
11712
11291
6192
10350
10380
11361
11261
11972
11391
11922
11362
11130
11953
11291
11522
11201
8105
11281
8125
10510
16250
11552
11201
11612
11381
11271
8065
11291
11411
10821
10229
10249
8346
11091
8165
11251
11882
10871
8235
11071
8145
11231
10229
10189
10550
10349
8115
11271
11311
11221
11842
10239
12323
11551
11692
11462
11712
11351
11532
11522
8106
11361
11772
13836
11482
11171
9277
11281
8116
11361
10509
11301
11462
11261
6191
10690
10329
11171
11482
11481
11451
11341
10219
11441
11432
11402
10319
10420
11391
11371
11261
11171
11261
11401
8335
11231
11491
5500
10680
10119
10570
10700
10380
10219
11661
11211
8155
11522
8176
11291
11632
11311
11902
8065
11281
11812
11031
11011
10680
8156
11421
11502
11110
11552
10850
7925
11261
11351
11371
11682
8145
11221
11611
10730
11752
12664
11372
11402
11411
11521
10660
11421
13856
11582
11361
11391
11311
8426
11141
8386
11361
11051
11291
11952
8166
11161
11572
11121
11571
11542
8106
11272
14607
11191
11933
11211
11451
8255
11231
8255
11542
10669
11592
11321
11401
11612
10490
10459
11331
8216
11181
11251
10450
10980
11221
12804
8085
11382
11382
11421
8255
11261
10840
10450
10630
11421
11312
11131
11351
10319
10300
11281
10991
11191
10420
8176
11241
11391
11150
10289
10239
8336
11451
8216
11301
8226
10169
11221
8286
10400
8266
11371
11251
11542
11382
5530
11802
10360
10239
10680
8105
11432
11451
11281
11552
11050
8415
11571
8235
11201
11251
10971
9408
11381
9307
11211
11311
10890
11060
10530
8105
11372
11231
11341
11472
10500
8004
11181
11261
11171
12744
11382
9698
10350
8165
11241
10440
11421
8206
10279
8546
11181
11281
11341
11291
11342
8225
11140
8055
11331
11281
10239
10560
11180
8316
10520
5490
10640
10259
10169
11262
8095
11271
11391
11341
11271
11331
10199
11281
11301
11311
10499
10670
11302
10569
10320
10299
11451
11261
11361
11181
11241
11251
11411
11191
11271
11040
12494
10138
11070
10730
11461
10720
10640
11321
11301
11292
11051
11572
10199
11221
11221
11622
11401
11282
11291
10179
11161
11131
11331
11311
10129
11201
11321
11431
11372
14357
11251
11992
10579
10399
11241
11061
11281
11251
11321
10329
11511
11241
10289
11271
11341
10330
10159
11081
12804
10199
11282
11191
11391
10690
10409
11161
11401
11251
11131
10450
12704
11261
11291
10350
11421
11211
11211
11482
11431
11531
11171
10900
11190
11221
11261
10169
11301
11301
11421
11441
11301
11271
10379
11572
11361
10419
11201
11281
11170
11311
11141
11311
11351
11121
11191
11321
11391
11271
11091
10589
10289
11411
11141
11281
11311
10129
11080
11201
11161
10339
12874
11421
11311
11231
10189
11351
11271
10540
11281
11351
11362
11201
11441
11401
11171
11211
10109
11091
11221
11141
14517
11261
11432
11351
11191
11131
11281
11271
11091
10910
13154
10379
11181
11271
11542
11160
11221
11341
11191
11331
19907
11301
11201
11431
11311
11111
11291
10239
10429
10660
11261
11141
10219
11191
11271
11201
11261
11361
10199
11161
11121
10550
11201
12703
11622
12694
11321
10760
11001
11311
11121
10580
11070
10490
11191
15910
10720
10570
10911
10540
15068
12734
10680
11140
11342
10730
16471
10620
11491
11532
10931
10730
11011
10670
11442
10269
11512
11111
10079
11271
11071
11352
11472
11271
10360
11292
11381
11381
11361
11381
11211
11542
10530
11221
11382
11221
11301
11141
11161
10399
11081
11421
10329
11281
11131
11302
11401
11372
11372
11111
11171
11161
11050
11251
10380
11452
11181
10350
11632
11261
11141
11211
11322
11321
10339
11612
11191
10580
11512
11882
10229
11261
11662
11452
11391
11221
11291
13595
11301
11282
11221
11281
11842
10509
10349
10319
11040
15289
11231
11301
11150
10389
10369
10189
11311
11321
10179
11322
11272
11281
11261
11271
10509
11371
11231
11251
11271
11311
10379
11061
11111
11181
11301
11231
11251
11431
11191
11282
11421
11251
11030
11382
11251
11361
11401
11382
11551
10710
10700
11271
12824
11171
11171
11531
11231
11211
11362
11281
11421
11271
11151
11321
11231
11231
11261
11191
11472
11251
11161
11191
11401
11271
11151
11331
11281
11321
11071
11362
11120
11261
13956
11221
11611
11241
11221
11331
11080
11101
11332
11311
11501
11532
11150
11371
11311
11491
11321
11181
11150
11241
11361
11282
11251
11221
11301
11361
11301
11261
11091
11231
11392
11181
13425
11301
11282
11241
11271
11492
11452
11442
11151
11342
11341
11121
11251
11412
11211
11191
11662
11361
11371
11452
11241
11141
11372
11261
13275
11302
11211
11311
11191
11251
10740
10550
11241
11371
11251
11442
11572
11452
11432
11431
11261
11451
11311
11312
11101
11221
11271
11241
11321
11241
11672
10670
10740
11070
11321
11181
11411
11221
11251
11361
11371
11121
10510
10369
11161
11381
11181
11141
11772
11421
11441
11271
11231
11291
11271
11392
11121
11271
11151
11190
11241
11281
11421
11181
11332
11351
11231
11120
11271
11401
11462
11211
11261
11091
11412
11241
10509
11241
11291
11041
11161
11342
11101
11050
11391
11141
11221
10840
10740
11301
11441
11211
11191
11722
11211
11161
11261
11311
11522
11281
11352
11522
11171
11241
11271
10359
10579
11271
11130
11372
11281
11382
11161
11271
11411
11341
11381
12163
11411
11282
11482
11421
11481
11571
11171
11191
11291
11141
11411
11381
11071
11362
11221
11311
10780
11321
11331
11201
11462
11341
11211
11231
11471
11321
11261
11341
11281
10219
10379
11120
13725
13014
11432
11392
11271
11251
11231
11191
11201
11150
11231
11411
11061
10881
11261
11141
10940
11201
11050
11261
11672
12423
11541
11311
11281
11481
11502
11422
11211
11241
11352
11050
11381
11201
11311
11081
11391
11491
11181
11241
11201
11171
11281
11071
11140
11241
15099
11461
10720
11170
11150
11391
11281
11231
14257
11191
11522
11131
11341
11181
11321
11402
11281
10669
10550
11561
11141
11552
11302
11391
10269
11171
11070
11361
11291
10760
10609
10650
12874
11050
11120
11391
11171
11361
10629
10710
10920
11471
11361
11081
11561
11181
11511
11331
11191
11461
11321
11231
11332
11511
11161
11381
11491
11331
11291
12233
6072
11261
10861
10851
11271
11482
11321
11251
11221
11431
12062
11291
12895
10580
11431
11402
11281
11171
11402
11362
11392
12994
10560
11442
11362
11160
11321
11351
12643
11111
11491
11601
11291
11151
11051
11311
11291
11231
10800
10620
11251
11230
11121
11381
11402
11341
11171
11452
11511
11351
11321
11552
11071
11311
11111
11442
11201
11101
11271
11271
11361
11291
11371
11451
11170
11281
11191
11452
11461
11251
11471
11211
11221
11391
11151
10730
11291
11201
11291
11431
11221
11241
11201
11331
11372
11131
10961
10529
11272
11161
11291
11381
10900
10650
11261
11622
11331
11341
11842
11532
11281
11151
11071
11311
11422
11261
11272
11321
11451
11342
11551
11411
11371
11752
11181
11241
11422
11611
11351
11421
11391
11271
11451
11371
11331
11432
10569
10299
11331
11261
11572
11422
10480
10490
11422
11351
11392
11371
11431
11311
11341
10229
11211
11321
11341
11281
11401
11442
11542
10259
11200
11442
11211
11331
11190
8025
11432
11351
10289
12734
13806
11110
11231
11491
10370
11472
10209
11241
11381
11402
11422
11321
10489
10430
11191
10590
10359
10950
10600
11282
11161
11271
10389
11351
11351
10269
10630
11551
10149
11301
11271
10310
11261
11081
11491
11311
11312
11531
11001
11441
11171
11441
11402
10449
14968
11391
11511
11512
11271
10960
11101
11401
10710
11281
11281
10870
11151
12874
10750
11481
11342
10950
11341
11191
10951
11211
10289
10920
11221
11301
10730
11401
10629
11371
11201
11271
10700
11201
34203
10790
11502
11301
10740
11191
11431
11321
10630
11281
10810
11221
11241
11060
12864
10639
11301
11341
10620
11231
10660
13525
11211
11251
10599
11211
11331
11431
10830
11411
11141
10780
11201
11441
10810
11452
11321
10850
11452
11551
11251
17132
11091
11392
11261
12303
10600
13184
10279
11030
10820
10650
10550
10850
10970
10730
10630
11321
11421
10640
10800
11261
11441
11191
10560
10569
10500
10680
12093
10791
11161
11131
11321
11031
11311
11441
10960
12173
11061
11371
11050
10740
11421
11361
10820
11342
11261
11391
10670
10931
10720
10810
11441
11081
11321
10760
10710
11382
10730
14206
11481
10640
11231
11391
10670
11301
11281
11381
10700
10480
10640
10690
14647
11351
10900
11362
11221
10841
11291
10510
10440
11411
10400
11331
10690
11341
11622
10780
11431
11221
10259
10690
11391
11331
10590
20218
10770
10349
11321
10199
10499
10370
11291
11632
20418
11221
11382
11522
11331
10279
11150
11291
10229
11251
11531
11251
10740
11281
10720
11341
11472
11200
11582
10058
11532
11170
11080
10940
10540
11391
11171
10290
10340
11281
11361
11502
11221
10320
10339
10239
11091
11171
10389
11090
11311
11151
11251
11251
11331
11562
11441
11442
11231
8296
11461
11231
11261
11281
11392
11191
8215
11331
11321
10289
10209
11452
8215
11402
7975
11331
11331
11411
10409
8105
11452
11381
11131
11351
11391
8146
11401
11251
11412
11401
10389
6042
10800
10379
6222
10881
11391
10730
10269
6202
10780
11441
11091
11332
11341
8015
11061
10330
11382
11481
11321
8506
11181
8195
11411
11211
10290
11261
11261
11241
11381
11141
8095
11431
8156
11251
10319
11371
11101
11111
10880
10509
11342
11271
11451
10249
10740
10830
11401
10750
10810
10761
10479
11451
11381
11501
10930
10640
10650
10800
10690
10800
10640
10640
10720
10990
10680
10790
10630
11352
11191
11351
11501
11342
10760
10900
10851
10580
10570
10810
10820
10760
10650
10840
10730
11512
12944
11532
13866
10861
10750
10971
11031
16481
10580
11271
11231
10870
10610
14106
11341
11331
11332
10820
10871
11401
11331
12133
11241
11241
10800
10409
11382
11151
11441
11301
11341
10199
11282
11421
10240
11431
13806
11281
11141
11211
11221
10330
11181
11361
11160
10419
10159
10430
11201
11421
11251
11602
11662
11271
11391
15328
11201
11461
10310
11361
11321
11462
11261
11551
11241
10390
11291
11231
11261
11281
11301
10460
11181
11151
10109
11331
11401
10861
11502
11372
11051
11341
10489
10239
10610
11351
11021
11341
10320
11241
11341
11461
11121
11110
10540
11241
11261
11522
11532
11492
11181
11442
11372
11141
11261
10380
11090
11391
11561
11200
11481
11391
10549
11421
11251
10330
11491
11281
11231
11502
8175
10259
8185
11291
11251
11111
8436
11221
8355
11231
11171
11181
10229
11221
10379
11251
11070
11541
10410
8075
11361
11241
11301
11472
10720
11001
10530
10340
34244
10329
11210
8176
10299
8165
11361
11201
10730
11321
8165
11402
11361
13385
10319
9248
11170
11211
11451
11311
11251
11191
11351
10580
11131
11231
11382
11401
11311
11281
11341
11161
11351
11321
11121
11241
11291
11422
11571
8215
11522
9287
10600
10169
10950
9217
11381
10890
10660
10449
10600
10460
10420
10640
10599
11061
10810
10830
10370
11362
11131
11301
11251
10430
11211
14116
11241
11111
11200
10500
11181
11190
11281
11231
11231
11231
10770
10800
10570
11201
11311
11111
10239
11301
11361
11191
11361
11141
10579
10690
13816
10619
11511
10740
11271
10620
16250
11381
16621
11371
10740
10670
11532
11341
12133
11312
10760
10740
10961
10740
10900
10730
10670
10921
11011
10750
10810
10519
11351
11321
14357
11461
15398
10911
13385
11431
12864
10540
10800
10760
10790
10650
12323
10730
10850
10730
13144
10660
10850
11161
11391
10820
11050
11251
12784
10720
10840
10590
14246
10680
10891
10670
10791
10760
11401
10881
11321
11431
15739
11301
15499
10640
15028
11321
12484
10730
10780
10529
10950
10730
11812
10820
11101
10730
13355
11331
11883
11422
12524
10781
10730
10840
11121
10700
13305
10720
10850
11331
18565
11301
11090
10720
15870
11241
11782
10970
10901
11542
11321
11151
10851
10730
15940
12924
11331
10640
12714
10850
13295
11342
13896
10439
11161
12703
11602
10490
11321
10340
11492
11541
13616
10590
10599
10670
11271
11471
10751
10670
10570
10690
10780
10720
10990
10570
10770
10550
10730
10599
14878
11261
11311
10710
10690
10800
10810
10700
10730
11432
11311
10680
10670
10600
17342
11472
10991
10780
11001
10831
14017
10820
13124
11381
13025
11291
16581
10790
10639
10720
11602
10740
11301
10620
10820
10670
10770
10970
11963
10590
12243
10851
18534
11281
12053
11321
13736
10730
10911
10700
10710
10670
10680
10771
13756
10770
11021
10740
16641
10640
10700
10740
10890
10910
10791
10670
10410
11492
14657
10329
11942
11321
17082
11521
12524
13064
10309
11381
12012
10519
10600
10730
11542
11281
11902
11392
11912
11161
16331
10780
11271
10720
12984
10690
11792
10570
11942
11592
10580
11632
11441
11181
11311
11401
11532
12043
11392
10519
11341
18324
11482
12043
11481
11171
11391
12002
11291
11321
11692
11622
11711
11301
10429
11402
12192
10319
11802
11231
11381
11361
11442
11371
11632
11312
11281
11171
11271
11332
11291
11331
11461
11301
11512
10429
10439
11402
11341
11362
11271
11381
11682
11321
11501
11221
11431
11472
11462
11591
11361
8105
11271
11301
11402
11211
10630
10830
11221
11291
11252
10610
10770
10741
10610
10670
10730
11181
11091
10730
10560
10830
11251
13806
10590
10620
10760
10871
10830
17613
10510
11572
11742
11492
10750
10590
11341
11552
11221
10830
10771
11241
11230
11361
12052
10800
10780
10690
13305
10639
11221
12002
11101
10750
10791
11261
10650
11091
11341
11421
11151
10700
10640
11361
11371
11111
10780
10590
10670
11111
10629
10770
10820
11481
12964
11391
11331
11241
10650
10700
11422
11501
11401
10780
10770
16100
11361
11712
10911
10740
10760
11442
11251
12724
10980
10199
10921
11342
10350
11391
11461
10480
11311
11882
11161
11442
10399
11282
13615
11882
14597
11402
11351
11872
11401
11852
11311
16981
10751
11352
12684
11261
10269
11271
11982
11251
12363
11361
11732
11281
11662
11271
11311
11311
11702
11231
10179
11372
11481
11291
10750
11371
11291
11782
11301
11492
11201
11281
11191
8095
11561
11281
11321
10630
8015
8245
11381
8115
11562
8846
8145
11512
12242
11281
8245
13035
8035
14647
10540
15419
11582
11371
5641
10670
10370
11422
11692
10439
5480
11301
11391
11341
11461
10710
11131
11411
10249
7974
11301
8105
11752
8115
11080
8195
11522
8276
11341
8125
8126
11401
8135
11441
8155
11412
8215
11401
8235
11471
11462
11381
11211
11341
8125
11952
11602
11362
9157
10279
11291
8105
10470
11131
11622
11311
11392
12153
11341
11181
11191
14187
11261
11381
11482
11422
11471
8135
11451
11171
11321
12052
11442
11391
11251
19186
11231
11642
11241
11442
11411
11561
11181
11651
11301
11983
11361
11472
11341
17152
11211
12082
11421
11511
12273
11261
11402
10469
13505
10510
11391
11321
11501
11261
11001
10740
10239
10680
10910
11261
10971
10690
11071
10880
10570
11351
10800
10741
10199
10659
10750
11391
10921
10760
11291
10941
11171
10941
10600
11211
11050
10810
11522
10690
10730
11241
13144
10489
10670
10790
10339
6121
10700
10279
10580
6242
13074
8196
10399
12854
11251
11412
11411
11391
11301
11451
11361
10159
11201
11321
11372
8105
11431
11211
11431
11462
11451
11933
11331
14086
11401
13886
8205
11161
10230
5610
11652
10189
11321
12934
11181
12233
11522
11201
5581
10850
10450
11211
11501
10409
6212
10760
6172
10720
6272
10861
5681
10590
6211
10871
5640
6262
10790
5571
10620
10690
6232
16461
11331
12814
10500
6202
14808
10640
6422
10629
11261
5680
15699
10690
10750
6212
10690
14016
6302
13495
6302
13064
5620
11411
6292
11913
6201
17112
6262
15539
6292
10790
6361
14497
6312
11181
6212
16551
6352
17572
10560
6251
14016
6182
10560
6281
12553
10741
5580
10840
17243
5620
12002
6092
15349
5631
12574
5711
13715
10670
6272
10700
6322
10650
6192
10891
6222
10790
6181
10590
10941
8245
14146
6141
10831
10860
6232
10790
10720
6321
18755
6281
14817
6312
14567
10730
6312
10700
10380
6132
10830
10209
11381
11581
11241
6172
10539
10370
11611
11221
12083
11391
13224
11351
11953
10209
19607
11391
11792
10239
12033
11321
15769
10760
6231
10850
6282
10720
6211
10790
6202
15228
6272
11682
6221
10940
6202
13496
6161
10770
6281
14117
6212
10640
6081
11011
6191
12383
10821
6192
10559
6142
11411
6122
10840
6181
10841
6251
10590
6282
10680
6141
10510
6162
10720
10780
6201
10820
6322
10900
6182
10990
10590
6272
10780
23855
10469
6162
10710
10660
6191
10931
6181
10810
6202
10730
6272
10710
6272
10850
6272
10640
10259
6041
10249
11131
11311
11271
10289
11251
11221
10499
11231
11121
11261
10149
10439
10299
11031
12563
10059
11322
11352
11301
11432
10250
10480
13425
10299
10299
10480
10310
8085
11331
11421
11281
11301
11231
8055
11181
10529
11491
11561
11331
8155
11401
8256
11401
6201
10740
6352
10910
6191
10730
6252
10720
6342
10940
6252
10760
6282
10670
5710
10620
5600
12654
6252
11662
5810
10710
6291
10690
5640
10891
6232
10670
6252
10680
6232
10549
6292
10630
5630
10650
5701
12353
6322
10881
5791
11391
6352
10700
6342
10820
5650
10259
5690
10419
13956
10850
10780
10419
11391
11071
10349
11171
11241
11401
11291
11391
11261
10369
11301
11311
10289
11411
11251
12042
11572
12073
11381
11371
11080
11391
11291
10630
11211
11251
11201
11331
11241
11291
10340
10399
11381
11692
11342
10379
11121
11452
11211
11241
10299
11481
11592
11140
12884
11261
10439
11181
11361
10139
11241
11501
11181
11291
11362
11051
11251
11542
11261
11261
11100
10479
10279
10490
11401
11271
11281
11381
11331
11512
11502
11171
10560
11101
11191
11401
11291
11552
11401
8126
11281
11181
8146
11241
11361
10359
11331
11251
11301
11491
8175
11221
8146
11331
10590
11321
10429
10229
11542
11201
11372
11281
11471
11331
11452
11591
11431
11341
13455
10159
11191
11472
11502
20188
11221
11431
11271
11491
10430
11361
11261
10420
11442
11241
11521
11432
11742
11312
10380
11372
11341
11281
11100
10810
11241
10289
10309
11111
11391
11382
10460
11481
11511
11201
11671
11161
10229
11551
11332
10350
11341
11291
11341
11421
11241
11191
10359
12744
11301
10360
11401
11311
11612
11411
13886
11201
11221
10279
11371
11461
11391
11512
11551
11331
10379
11351
11281
10189
10269
11231
11351
11231
11351
11351
11241
11262
10309
11381
11351
11211
11321
11392
11472
11371
11332
11251
11431
11431
11501
11040
11641
10770
12854
11381
11031
10589
11471
11061
10750
10289
10369
11601
11231
11341
11421
10299
11411
11511
11342
11352
11351
13765
11271
11231
11432
11371
11251
11231
11221
10309
11471
11091
11422
10409
11251
11341
10350
11562
11231
11302
11271
11421
11291
11492
11351
11582
11391
11221
11581
11191
11291
10199
11201
11221
10229
11381
13765
11241
13795
11271
11150
10409
10369
11271
11391
11331
10450
11331
11762
11351
11341
11482
10450
11160
11332
11191
11111
11371
10399
11442
11161
11411
11291
11231
11291
11411
11291
10279
11211
11371
11812
11391
11311
10450
11462
11592
11180
10190
11331
11221
11412
11301
11181
10289
11462
11501
11321
11322
11100
11381
12834
11402
10460
11291
11121
11301
10349
10329
11322
11421
11431
11281
11371
11331
11391
11181
11531
10459
11321
11382
11221
11381
11432
11431
11341
11061
11371
11611
11261
12954
11151
12744
10289
11652
11191
11461
11291
11351
11492
11422
11211
10360
11171
11341
11432
11441
10390
11321
11261
11371
11201
11211
11412
10649
10660
10289
11191
11241
10179
11351
11271
11512
11301
11672
11421
10279
11441
14296
11592
11371
11271
11191
11321
11302
10620
11301
11291
11231
11041
11231
11241
11191
8125
11341
10360
11281
11221
19536
8135
11281
8085
10340
11311
8066
11472
8096
11462
7935
8225
11302
8165
10439
8255
11261
8136
11301
8065
11371
8195
11241
8066
11421
8055
11321
8135
8065
11332
8325
11612
11602
11151
10329
11581
11341
8055
11101
8275
11131
8185
11262
8045
8055
11141
8276
8195
11221
8085
8175
11471
8186
11412
9097
10650
9307
10901
9137
10629
10800
10480
10720
10680
10139
11321
11321
11382
11211
11321
11321
11351
11181
11221
11311
11201
11642
11692
11382
10450
11371
8286
11020
8105
11402
11391
8226
8306
10439
8346
11311
11331
8095
8255
10470
10680
8196
11321
9217
10920
11101
8145
7945
10389
8315
10529
14166
8145
11211
8105
11501
11422
8225
11241
8265
11371
11692
11441
11481
11231
11221
11401
11221
8155
11191
8095
11581
10379
8065
8035
10299
8075
11602
11271
8135
10940
11201
11271
11351
8066
11381
8135
11381
11501
11422
8175
11341
8126
11442
8015
6332
8987
6211
8997
5921
9318
5871
12213
6352
11051
6352
10970
6372
10780
6201
10660
6332
11081
6191
10730
6181
10680
5811
10510
6221
10609
5881
10700
6863
11282
6442
10650
6192
11351
6222
10750
6191
10710
6361
10469
6222
10850
6302
11451
6302
10710
6202
10700
6392
11872
6252
10710
6392
10650
6332
12994
6242
10740
6322
12954
6351
10680
6142
10730
6242
12263
6261
10740
6151
10520
9097
6181
9387
6282
8997
6252
9157
6351
10720
6212
10910
6362
12814
6191
11451
6282
10630
6212
10610
6221
11021
6392
10771
6251
10760
5791
6272
9087
6322
9248
6382
9308
6222
9217
6302
9167
6342
12423
5871
9147
6142
10550
6161
10720
6191
10580
6262
10710
5771
10891
6893
10700
5911
10670
6121
10610
6171
13816
6312
10810
6231
10800
9158
6142
8807
7474
9397
6301
9137
6172
9037
5831
9177
6252
10911
6432
10620
6232
12403
6192
11000
6192
11622
6202
11001
6102
10750
5801
10609
6202
10640
5810
10600
6161
10800
6152
10660
5811
30868
6221
10690
6462
13144
6261
10610
6162
12854
6352
10490
5851
10099
6271
9137
7424
10710
6242
10850
5801
10670
9288
6261
9218
6302
9217
5851
9287
6212
9338
6111
9057
6201
9157
6272
9127
5851
9157
5911
8737
6201
9237
6372
9177
6172
9047
7884
8986
6271
10500
10309
5751
11641
10269
11251
8095
10279
8186
11371
8085
11412
8015
11311
11201
11171
10650
10630
10540
8075
10670
10460
8216
16651
10690
10550
8055
10730
10520
8095
11422
11431
13375
11382
8105
11762
10760
8085
11201
11271
8286
11571
11231
11341
11391
8156
10530
10520
8175
10600
8015
10810
11201
8085
11591
11091
8195
10289
10299
11331
8235
11301
11311
11471
11262
8185
11341
11221
8426
11171
11131
8325
11321
11321
11381
10860
20739
10720
11331
11271
11251
11201
11241
11351
11181
10139
11311
11391
11311
11321
11221
11131
11301
11160
11221
11181
11231
11421
11261
11291
10410
11522
11281
10340
11461
11531
11291
11482
11282
10469
11402
11221
13075
11261
10450
11301
10480
11241
11231
11421
10180
12864
11221
12904
11291
11191
11371
11261
11311
11451
10279
10279
11211
11181
11281
10280
11441
11712
11050
11391
11552
11391
10319
11451
11101
10419
10229
10339
11382
8075
10290
11412
11231
11201
10129
11311
11191
11302
10720
10589
10931
11211
11271
11161
11381
11221
10610
11191
11311
10219
11301
11461
11171
11311
11251
10159
11452
11301
11531
11251
11241
10189
11401
11472
11352
11191
11431
10640
11241
11372
10339
11271
11762
10620
11271
11302
11452
10279
11472
11302
10339
11271
11241
11482
10931
10229
10400
11231
11361
11241
11371
11181
11231
11191
10640
10690
10840
10409
11452
11572
10540
10840
10720
11551
11852
11442
10469
11411
11291
11652
11361
10360
8105
10409
5811
10560
11401
10369
11311
10249
11301
8146
11421
11221
11282
11251
8226
11231
11372
11451
13976
11742
8245
14598
8075
11461
10340
8115
11371
10269
8095
11542
8085
11201
11160
11221
11261
8096
11291
11311
11442
11451
11872
11220
11161
11642
11341
11261
11321
11331
11161
8186
10259
14037
11161
11241
11251
11541
11381
10389
11161
10469
11451
11482
10159
8255
11331
11341
11301
10539
10630
8326
11221
8145
11221
8125
11171
8035
11371
11431
11462
11352
11181
10510
10400
10510
11281
8266
11191
8115
11421
11251
11161
11281
10339
11251
11351
11251
10300
8465
10459
8155
11541
11291
9708
11661
9257
10649
11231
11221
11431
8035
11352
11391
10429
10499
10369
8205
11331
11432
11281
11341
11442
10369
11151
11281
11241
11352
10410
11211
11201
11371
11331
8375
10289
8095
11421
11291
11171
11371
11191
11220
11301
11382
11431
11321
8116
11531
11331
11402
11371
11391
8165
11271
8095
11431
10209
11321
10269
8125
11291
11502
11331
11602
11271
5491
10720
10410
11341
11511
11401
8175
11321
11532
11241
11331
10309
11432
11301
10519
11351
8306
11292
8135
11371
11441
11601
11231
8035
11211
11311
10840
11231
9147
11261
11391
11582
11191
11301
11191
11492
11311
11672
11281
8075
11372
8346
11291
11461
10299
11521
11462
10649
11331
11271
11271
11281
8185
11161
8115
11362
11571
11251
8125
11832
8105
11361
10269
11181
11281
8146
11251
10309
11331
10210
10209
11381
10299
8155
10300
8356
11322
11271
11401
11281
11131
37900
11361
11361
10189
10209
10269
11111
11311
10460
8155
11321
11081
11491
8366
10269
8216
11391
8185
10319
11241
11421
10289
11482
11411
11291
10419
10129
11241
11522
11301
11361
11231
11341
10489
11451
8115
11231
11291
10519
13926
10500
8145
11301
11532
10290
8155
10440
8385
11311
10270
11361
11491
11362
8085
10349
8145
11552
11291
11331
11692
11361
10390
10650
10220
6122
10920
11471
10560
11452
10259
11421
11612
10389
12013
13114
10489
11301
11552
11642
11481
11622
11271
10300
12504
10470
11291
11191
11211
8175
11351
8336
10389
6151
10159
10270
10560
10529
11331
6092
10610
11602
13165
10449
13044
8345
11331
8125
11261
11552
11351
11311
11282
11672
8116
11331
14066
11551
14858
11301
10279
11191
10229
10369
8155
11191
11472
11291
11341
11331
8205
11130
8135
12834
11341
8105
11431
11371
11421
10329
8075
11581
11251
11391
8095
11161
8206
11401
10519
11211
11482
11382
10389
11412
10549
10520
10620
7995
11311
11451
11401
11301
8145
11642
11331
6122
10480
10429
10370
11321
11201
11542
10210
11241
11522
11331
11231
11421
11141
10059
11431
17843
8245
12003
11402
12814
10680
11281
10369
13245
10830
10379
11211
11251
11341
10319
10409
11401
11421
11311
10360
11261
10269
10520
10780
6242
11371
12764
11702
10340
10280
13245
10560
11972
8396
12022
11351
8306
11742
10500
11862
11422
10219
8115
13255
10369
11592
8255
11541
8216
11401
8295
11251
12142
10199
11942
8206
11672
8166
11702
11141
15679
10179
11512
16100
11200
12664
11592
11111
8246
15168
8095
10320
14066
11822
13365
8165
14978
10540
5580
13325
13525
11201
10469
5571
13265
11431
12313
11331
11291
18214
11282
15088
11211
12142
8196
12994
5440
11482
6272
11211
5922
10770
5972
10760
6231
12523
6191
10670
6212
10710
6222
10941
6332
10650
6141
10590
6222
10680
6252
18194
6202
12844
5700
12363
6822
10891
6351
11351
6151
12373
6272
11913
6172
13996
5691
10961
6352
13034
5681
13104
6242
11502
6382
15308
6202
11000
6302
14687
6232
14337
6292
15780
6322
12543
7805
11021
6402
12583
6241
15830
6181
11341
6502
14206
6322
14828
10360
10640
11311
10240
11372
11481
11221
11141
11451
11402
11451
11342
11130
11281
11392
10409
10610
11241
11461
11271
11211
11341
11051
11271
11291
11301
11401
11291
11441
11081
11221
11452
10269
10199
11311
11251
11161
11291
10219
10439
11432
10649
11491
11381
11412
11342
11251
10690
11471
11461
11602
11422
10660
11301
11411
10730
11391
11321
10560
11742
11331
10660
11501
11331
11372
11581
10830
11301
10920
11181
8115
10911
8235
11120
10770
11231
10970
13736
10680
11181
10901
11371
11150
11221
10770
8425
10911
11461
11011
10510
8325
10990
8115
11221
11030
9077
10800
10840
11371
10730
8185
11161
10730
10560
9137
10720
8717
10629
6291
10760
10710
10319
10550
8315
11141
8066
11341
11311
11502
11481
8095
11221
11191
11341
11572
11271
8185
11732
11281
11331
11301
8325
11341
11361
10690
8266
11451
17333
11491
10680
11342
10400
11291
10710
10570
11431
11322
11221
10559
11361
11070
11221
10299
10750
11251
11451
11902
10410
10830
11211
11311
10650
11522
11261
10791
10319
10499
11000
11462
10851
11241
11422
11381
11471
11531
11351
11401
11372
11291
11472
11191
11401
11422
11502
11462
11231
11411
11592
11281
10189
11351
11271
11291
11271
11421
11321
11492
11351
11261
11391
11111
11291
11271
11291
11311
11392
10901
11361
10790
10670
8286
11221
11361
8165
10189
11422
8155
11311
11581
8186
11231
11271
8075
11461
11412
8116
11171
11401
8035
11541
11361
11421
11361
11161
8195
11341
11321
8215
11561
11542
8195
11362
11261
11572
8265
10700
10580
8236
11512
11181
8125
11311
11201
8075
14317
11392
8175
11130
11401
8155
11271
11502
7905
11211
11361
11441
8315
11351
11371
8215
11381
11441
8075
11412
11392
8145
11442
11472
8095
11361
10460
8225
12734
10810
8095
10760
10289
10660
8065
11261
9117
10349
9067
11391
7985
11261
11421
11501
11311
12483
21751
11471
11261
11341
11231
11572
10179
11451
10460
10399
11401
10279
11531
11311
11391
10219
11522
10239
11271
10480
11181
11422
11341
11451
10300
11552
11281
10310
10409
11281
10620
11541
11381
11322
11341
10189
10410
11221
11381
11261
10390
10410
11412
11160
11251
11471
10590
12744
11471
11201
11402
11371
11081
11451
11321
11251
11402
11401
11291
11181
11421
11461
11341
14347
11381
11251
11641
11452
11561
11161
11541
11231
11191
11292
11491
11331
11301
11291
11412
11532
11532
11261
11221
11241
11111
11191
11231
11261
11301
11531
11171
10269
10440
14206
11110
10690
11160
11131
11341
11311
10349
10159
10350
11512
11321
11241
11422
11271
11221
11421
11201
11271
11492
11332
11141
11231
11472
11241
11211
11331
11442
11431
11401
10500
10299
11552
10971
10690
11492
11281
11371
11332
11462
11512
11772
11221
11451
11392
10440
11131
11141
14317
11171
11411
11271
11231
11211
10289
10279
11431
11341
11281
10460
11391
11482
10710
11381
11191
16842
11351
11421
11311
12022
11352
12173
11411
11582
11412
11802
11191
11742
11201
13014
11452
11471
11532
11161
19025
20288
12533
12132
12343
11421
11391
11311
11291
12573
11301
11341
11432
16591
11522
11351
12994
11341
11341
11301
11511
11401
11272
10530
11371
11361
10640
11301
10289
10309
11462
11301
10600
10370
11411
11541
11141
11532
10570
11392
11461
13725
11432
11321
9107
11231
11271
8115
11351
10830
11492
11431
11392
11472
11091
10780
11391
11191
11110
10259
10470
11261
11341
11281
11231
10259
11351
10329
11211
11331
10339
10359
10360
11391
10249
11422
11501
11923
11442
11331
10570
11261
11391
10560
10500
11261
10310
11281
11371
10209
10389
11311
10219
11351
10249
11311
10670
10410
10209
11452
10479
11411
10339
10550
11070
10580
11261
10530
10249
10309
10279
38201
11161
11261
11341
11512
10379
11591
11361
10440
11401
11451
11091
11251
11401
11492
10309
11271
11241
10289
11371
11581
11171
10950
11501
10940
11361
11611
10750
10750
11121
11171
10299
11321
11341
10320
11381
11241
11241
11342
11422
11461
11421
11371
11402
39814
11282
11731
12945
11301
12063
11462
10950
11492
10810
10760
10981
10750
12524
10629
12012
10570
11071
11311
11311
10700
10810
10610
11381
11221
10900
10800
13646
10590
10980
10750
10780
11241
11561
11170
11221
11442
11281
11382
11472
11441
15269
11160
11120
13265
10219
11321
11311
11131
11301
11341
11621
11412
11382
11351
11181
10380
11331
11091
11481
11070
10660
10800
10389
13986
11121
10470
10890
10580
11241
11291
11442
10549
11451
11271
11211
11562
11171
11512
13095
11331
10269
11251
11432
11271
11151
11101
11372
11351
10420
11231
12965
11110
11491
11261
11181
18164
11111
11362
11331
11562
11401
11502
11241
11091
11101
10620
10860
10630
10830
10660
10890
10790
10791
10810
10820
10720
10750
10660
10830
10811
11271
10730
10700
10830
10680
10670
11261
10770
10870
10800
11582
10821
10890
11001
11060
10871
10550
11591
10690
10510
10730
10129
10770
10600
10841
10830
10720
10800
13405
10890
10630
10940
10820
10891
10720
10940
10760
10990
10680
16030
10610
11041
12423
11070
10750
11442
11852
11040
10710
11261
10640
10820
12073
10881
10820
10920
10630
13004
10630
10780
10670
16912
10690
10960
10880
11121
10660
11031
10680
17884
11341
11512
11381
11712
10630
10890
11030
10860
10830
10801
10940
11060
11041
20268
10510
10560
10499
10369
11301
10289
10279
11311
11341
11431
11612
11261
11261
11321
11371
11312
11302
11231
11291
11331
11010
10791
11441
10831
11291
11211
10479
11501
11372
10559
11281
11552
10219
10610
11302
11451
10520
11211
10209
10610
11311
10590
11642
11221
10500
10670
11311
11141
10640
12934
10449
10229
11381
10730
10420
11301
11201
11321
10459
11341
11201
11632
11391
11501
11150
11351
11241
10420
11291
11221
11341
11351
11342
11431
13194
11301
11291
11150
10690
10660
10750
10750
11301
10610
10940
10360
10540
10780
10229
10750
10700
11180
14988
11331
10339
11141
11521
10329
11151
11241
11181
11512
8136
11281
11311
11091
10370
11462
11442
11351
10390
10099
10409
11371
11241
11020
11452
10770
11321
10410
10830
11492
10330
10530
10379
10710
10409
11712
10921
10319
10380
11191
11221
10380
10209
11261
11402
11402
10370
10639
11451
10410
11331
11662
10339
10350
10299
11181
11411
10249
10480
10059
10099
11321
11021
10740
9698
10720
9498
10510
10619
9398
9257
10269
9157
10099
9057
9107
9218
9588
9378
9498
9497
8656
9337
9077
9137
8576
8345
9067
8195
8826
8205
8596
7905
7805
7724
7564
7685
8236
7474
7373
7314
7093
7805
7695
7554
7163
7454
7494
7383
7404
7104
7293
6742
7023
6362
7063
6692
6823
6632
6512
6402
5851
6432
6231
5801
6211
6071
6001
5861
5581
5340
5861
5690
5461
5500
5500
5410
5410
5209
5170
5089
4949
4939
4448
4789
4939
4589
4568
4569
4368
4077
4138
3957
3998
3907
3737
3787
3627
3807
3517
3396
3196
3617
3456
3357
2915
3015
3156
3106
3046
2946
2584
2695
2575
2395
2555
2484
2435
2384
2315
2164
1984
2114
1813
