2054
1583
2285
1934
2335
2194
2154
2154
3476
2114
2084
1914
2194
1963
1964
2104
2194
2164
2164
2204
2214
2575
2104
2104
2285
2255
2204
2164
2114
2074
2164
2094
1914
2936
2014
1994
2104
2194
2084
2114
2174
2114
2054
2124
2093
1894
2174
2936
2074
2234
2103
2214
2054
2205
2465
1884
2244
2094
2084
9168
2104
2084
2194
2305
2174
2084
2104
2205
1903
2144
2124
2103
1964
2765
2104
2204
2104
2375
2004
2064
2224
1834
2144
2134
2174
21600
1903
2254
2094
2665
2094
4087
2033
2054
1934
3026
2144
5601
2215
2235
2113
1943
1934
1853
3296
2134
2144
2194
2094
2194
2154
2144
2154
2014
2906
1874
8686
2304
2094
2234
2124
1984
2074
2164
2154
1943
2094
2565
2124
2134
2094
2204
2184
2164
2194
1984
2204
2043
2124
4629
1954
2154
2104
2164
2284
2144
2314
2033
2154
2053
2134
1903
2916
2255
1893
2044
2084
2164
2194
3256
2204
1964
2184
2134
3136
1953
1983
2996
2175
2194
3116
2114
2144
2174
2064
2124
2856
2144
2154
2244
1984
2224
2034
1954
3376
2194
2084
2054
1904
2073
2064
2214
2093
2124
2144
2114
2274
2084
2165
2104
2034
2154
2184
2354
1924
2214
2174
1943
2064
2274
2154
2164
2244
2124
2094
3096
2364
1983
2044
2124
2064
2144
2154
2084
2103
2044
2044
2084
2275
2084
2124
2104
2094
2043
2084
1583
2094
1172
1212
2104
2134
1903
2185
2204
2144
2104
2174
2174
2024
2154
2044
2164
1934
2214
2104
2255
2084
2074
2154
1913
2114
2134
2134
2094
2184
2204
2144
2044
2084
2103
2054
2154
4439
2114
2094
2064
2154
2134
2114
2034
2123
2014
2084
24456
2224
2184
2114
2084
2064
2174
2305
2174
2104
2114
2174
2154
2124
2094
18034
2755
2124
2234
2094
2144
1843
2144
2014
2244
2124
2124
2064
2195
2134
2124
2044
2104
2194
2124
2245
2265
2094
2064
2013
2054
2094
2113
2144
2074
2154
2024
2064
2014
2144
2175
2124
2144
2094
2174
2234
4559
2094
2074
2114
2184
2124
2174
2184
2164
2184
2104
2144
2174
2114
2124
2134
2134
1884
2084
2104
2094
2104
2155
2154
2144
2124
2234
2164
2134
2134
2114
2214
2074
2124
2103
2064
2074
2054
2104
2034
2265
2083
2134
2114
2164
2164
2164
2123
2264
2214
2134
2064
2164
2154
2094
2204
2164
2084
2094
2174
2134
1923
2094
2094
1953
2234
2174
2204
2073
1973
2114
2184
2185
2204
2134
1913
2014
2004
2073
2144
2004
2043
1984
2154
2114
2104
2034
2054
1954
2074
2084
2144
2114
2124
1813
2094
2104
2134
1874
2013
2084
2084
2204
2424
2144
2114
2254
2114
1843
2244
2144
1994
2164
2194
2064
2114
2104
2205
2114
2134
2074
2144
2195
2174
2164
2144
1512
1933
2044
1663
2064
19957
2235
2084
2064
1924
1523
2114
2144
2114
2174
2134
2104
2154
2154
2244
2004
2214
2184
2053
2084
2044
2144
2124
1473
2124
2124
2104
1683
2093
2044
2094
2144
1473
2154
2144
2064
1934
2164
2124
2084
2054
2224
2174
1503
2054
2134
2144
2214
2204
2464
2104
2044
2365
2174
1393
2204
1874
2124
2054
2124
2284
2194
2254
2084
1924
4518
2134
1593
2164
1533
2144
2134
2114
1914
2174
2124
2274
2124
1924
2093
2204
3146
2214
2094
2004
3347
2064
2104
2435
2995
2013
1924
1953
2094
2074
1903
1923
2034
2084
2114
2104
2134
1914
1934
2134
1894
1893
2144
2054
1923
2114
2094
2134
2164
1894
2185
1953
2154
2054
1924
2094
2315
2214
1923
2214
2094
2154
2204
2134
2324
2054
2074
1944
2033
2124
1994
2184
2094
2094
2104
2084
2104
1944
2094
2054
2204
1914
2074
1954
2104
2224
1954
2044
1904
2084
2114
1934
2174
2154
2174
1914
2084
1994
2134
2184
2064
2114
2064
2064
2154
2164
2114
2285
2214
2104
2144
2164
2184
2074
2154
2114
2164
2124
2174
2034
2043
2014
1894
2124
2284
2103
2094
2044
2114
2094
2024
2074
2394
2184
1953
1913
2054
2425
2524
2214
2074
2184
3567
2034
2164
2224
2174
2414
2184
2114
2004
2154
2204
2094
2255
2104
2164
2094
2225
2334
2134
2043
2214
2154
2074
2033
2414
2144
3517
2074
2174
2054
2074
2134
2113
2174
2094
2224
2094
2104
2054
2194
2094
2154
2044
2094
2024
2194
2014
2354
2154
2054
2084
2104
2224
1984
1964
2164
2094
2134
2174
2084
2104
2064
2444
2104
1974
2074
2184
2144
2064
2034
2094
2124
2064
2234
2154
2094
2224
2064
2103
2024
2084
2104
2154
2084
2023
2024
2084
2094
2174
2134
2174
2144
2034
2134
2224
2134
2034
2084
2164
2104
2094
1984
2254
1904
1924
2265
2134
2144
2154
1914
1903
1904
2124
2024
2073
2104
1933
2184
2154
2074
1994
1904
1914
2114
2053
2114
2304
1884
2054
2004
2024
2164
2134
2484
2074
2124
2134
2124
2074
2074
2235
2064
2184
2204
2124
2174
2054
2093
1923
2144
2144
2194
1954
1974
2154
1523
2064
2245
1904
1593
1953
1503
2044
1974
2175
4217
2314
2144
2204
2114
1873
2054
1943
1583
2134
2093
2094
2154
2104
2164
2244
2114
2124
2194
2134
2044
2114
2084
2164
2084
2144
2134
2124
2965
2185
2164
2224
2044
1943
3056
2114
2735
2184
2104
2204
2194
2094
2134
2114
3116
2134
2144
2104
2124
2114
2204
2335
2124
2094
2154
2144
1934
2074
2264
2775
2074
2144
2194
2024
2144
2044
2134
2074
2264
2114
2274
2124
2084
2154
2084
2104
2164
2154
2204
2124
2073
2144
2114
2294
2404
2154
2104
2084
2024
1984
2214
3366
1863
2364
3306
2274
2154
2124
2124
2275
2304
2234
2184
3136
1993
5520
2254
2144
2175
2034
2204
1873
2174
2084
1954
2164
2946
2194
2154
2104
2134
2535
2124
2254
2134
2073
2134
1964
2104
2124
2084
2254
2225
2194
2164
2154
2164
2114
2204
2084
3035
2275
2254
2224
2164
2174
2084
2043
3676
2405
2214
2184
2154
2164
2124
1893
2154
2175
2344
2134
2134
2195
2104
2174
1973
2284
2134
2184
2144
2204
2114
2074
2104
1984
2204
1463
2425
2114
2074
2214
1963
2074
1994
1934
2134
2074
2144
1983
2074
2274
1933
2134
2064
2174
2244
2053
2114
2064
2094
2124
2174
2104
2104
2174
1943
2014
1933
2103
2084
2134
2154
2094
2134
2064
1924
2074
2114
2194
2164
2114
2224
2083
2084
2073
2114
2094
2134
2204
2174
2174
2134
2144
1913
2104
2084
2094
2164
2164
2124
2084
1994
2144
2084
2154
1854
2134
2154
2064
2265
2083
2124
2054
2184
2084
2154
2074
2114
2054
2114
1974
2134
2184
2084
2204
2184
2104
2134
2164
2104
2154
2364
2074
2154
2104
2164
2164
2144
2104
2104
2234
2094
2194
1933
2204
2044
2154
2044
2104
2024
2395
2184
2104
2244
2214
2134
2154
2214
2043
2134
2204
2184
2224
2174
2144
2104
2174
2184
2054
2274
2034
2074
2475
1964
2425
2124
2094
2024
2455
2174
2124
2144
2415
2004
2544
2084
1963
2134
2144
1993
2094
2044
2154
2074
2355
2084
2404
2084
2034
2074
2304
2164
2074
2084
2444
2144
2074
2114
2305
2144
2124
1984
2064
2144
2064
2084
1934
1984
2144
1904
1994
2134
2084
2074
2114
1944
2174
1983
2315
2214
2034
2034
2144
2304
1934
1974
2164
2224
1923
2054
2174
2104
2204
2094
2043
1874
2204
2094
2294
2174
3417
2114
2916
2194
2004
2064
1934
2194
2084
4668
1964
1984
2185
1954
2174
2014
2084
1533
2064
2094
2164
2044
2144
2054
2204
2034
2154
2245
1924
2084
2074
2114
2946
1993
2154
2073
2324
1983
2164
2194
2103
2184
2154
2054
2424
2004
3958
2194
2134
2525
2504
2464
1924
2164
2364
2094
2204
3196
2134
1984
2104
2034
2063
2144
2124
1923
1994
2004
2225
2084
3096
2044
2094
2134
2024
1984
2164
2465
2034
1963
2224
2014
2084
1924
2074
2254
2074
2064
2264
2064
2094
2094
2104
1973
2064
2154
2034
1964
2074
2996
2054
2034
2325
2084
2174
2124
2104
2154
2154
2074
2144
2084
2144
1944
2023
1944
1933
1934
2124
2094
2114
2034
2054
2054
2195
2274
2043
2094
2304
3496
1933
2004
2104
2214
2014
2064
2014
2044
2023
1993
2194
2084
2113
2074
2064
3286
2054
2234
2024
2094
2205
2725
2114
2284
2334
1593
2154
1212
1974
1183
2024
1983
2645
1964
2034
1974
2083
2014
1142
2014
1994
2024
2024
1883
2034
2154
1984
1963
2004
1173
1984
1994
1984
1353
2023
1954
2324
2034
1994
3006
2144
2024
2154
2205
2064
2134
2174
2114
2134
2165
2074
2224
2154
2154
2185
2074
2004
2265
2164
2114
2144
2144
2033
2104
2024
2094
2104
2164
2104
2164
2064
2234
2144
2004
2104
1993
2184
2164
2073
2134
2315
2184
2144
2094
2144
2194
2074
2114
2114
2214
1963
2104
2224
2114
2084
2014
2074
2254
2104
2094
2074
2084
1042
2094
2134
2024
2054
2134
2094
2124
1943
2174
2204
2054
2004
1973
2084
2064
2073
1923
1032
2154
2124
2194
2194
2124
2134
1924
1953
2024
1062
2354
2174
2104
2174
2154
2014
2064
2024
1993
1963
2224
2194
2014
1903
1994
2014
1984
2024
2084
2064
2103
4028
1984
1994
2976
2104
1974
1122
2254
1042
2104
2164
2114
2194
1994
1944
2194
2164
2054
2124
1974
2114
2034
2134
2034
2064
2174
2244
2064
2204
2104
2124
2073
2084
2174
2134
1143
2054
2024
4498
1973
2164
1914
2114
2064
2124
1363
1753
5971
1994
2074
1974
2124
2124
2144
2104
2144
3948
2054
2124
2104
2003
2334
2064
2885
2034
2124
2013
1944
2084
1983
2154
2254
2074
2284
2114
2194
2094
2134
2114
2124
2084
2144
2245
2184
2124
2124
2214
3135
2114
1974
2003
2986
2114
2274
1994
2094
2114
2154
2154
2114
2185
2845
2154
2144
2234
2174
2084
2034
2064
2204
2094
2104
1833
2084
2104
1973
2144
2094
2144
2134
2124
2084
3497
2004
2184
2124
3196
2144
2104
2084
2295
3146
2124
2504
2144
2063
2074
2004
1904
2254
2094
2174
2124
2124
3807
2194
2054
2114
1984
2224
2104
2225
3216
2114
2194
2384
2134
2094
2134
2144
2084
2154
3256
2154
2114
2084
2054
2044
1884
2304
2154
2044
2154
2144
2244
2164
2054
2124
2073
14567
2054
2174
2094
2144
2164
2134
2033
2114
1924
2245
2084
2104
2144
2295
2074
2254
2154
2004
2013
2194
2154
2234
2144
1894
2094
2094
1874
2344
2154
2093
2134
2204
2114
2124
2104
1994
1884
2134
2154
2043
2074
1863
2124
2234
1964
1884
2033
2384
12864
2174
2144
2074
2014
2094
2104
2084
2114
1904
2124
2104
2084
2083
2064
2224
2084
1994
1884
2024
2024
1993
2114
1933
1973
2023
2114
2164
1934
2184
2154
2084
2054
2084
1923
2094
2074
2314
2114
2014
2024
2094
2124
2254
2074
1904
2033
2244
2123
2034
2124
2184
2004
2184
1964
2003
2134
2254
2073
1904
2094
2154
2194
2124
1983
1874
1924
1933
2204
2104
2404
2215
2144
1914
1944
1883
2144
2114
2195
2023
3145
2064
1983
2134
2114
2054
2063
2134
2134
1904
2074
2064
1994
2024
1973
2285
2094
2114
2114
2034
2084
2164
1813
1893
3396
1894
3587
1933
2154
2114
2064
2124
2074
2064
2024
2214
2144
1903
2225
2274
2024
1974
2204
1954
2134
2094
2104
2124
2325
1924
2284
2144
2064
3026
2064
2925
1933
2063
1964
2184
1994
1963
2064
2094
1974
1993
2024
2044
2885
2093
2064
2114
2114
2144
3166
2124
2054
2255
1973
1984
2194
1963
1903
2144
1994
1963
2114
2054
2054
1923
1973
2014
2224
2034
2174
2084
2144
2014
2064
2004
2024
2103
2154
1934
1984
2164
2144
1883
1953
2084
2014
2204
1963
2745
2124
1954
1903
2144
1973
2144
2134
1964
2113
2064
1943
2846
2054
2134
2134
2064
1993
2134
1973
1933
2064
3006
2014
2225
2024
1874
2274
2154
2114
1973
2014
2144
2034
2175
2044
1963
2024
2264
2094
2094
2164
2094
2124
2224
2084
2114
2164
2114
2114
2324
2154
2074
2124
1964
2104
2144
1844
2094
2164
2264
1894
1953
2033
2144
2384
2034
3537
2284
2926
2094
2956
2164
2104
2044
3025
3617
1904
2084
2315
2114
2204
2084
1983
2063
2294
2154
2134
2225
2144
2254
2154
2224
2004
2104
2124
2144
2174
2305
2204
1934
2104
2094
2254
2204
1893
2114
2224
2185
2134
2134
2194
1874
2084
2144
2024
1944
1944
2184
2074
2124
1954
2104
2104
2164
2215
2074
1974
2264
2124
2114
2044
2144
2164
2114
2184
2174
2204
8125
2084
2144
2314
2094
2084
2134
2104
2144
1483
2124
2164
1953
2164
2074
1913
2134
2043
1924
2064
1943
2134
1934
1903
2204
2154
2144
2124
2044
1893
2194
2174
2124
2104
1983
2094
2144
2104
2073
2194
2234
2194
2214
2094
2194
2034
2184
2074
2084
2074
2174
2004
2234
2074
2114
2124
2094
2224
2114
2184
1923
2084
2124
2164
2124
2094
2154
1874
2164
1964
1943
2265
4288
2174
1954
2053
2104
2064
1934
2124
2064
2164
1503
2184
2044
2094
2164
2324
4839
3256
2304
2094
2154
2104
2124
2034
1903
2245
2134
1924
2144
2074
1874
2124
2154
2074
2134
2104
1914
2194
2064
2064
1973
2174
2154
2134
1904
2044
2144
2124
2084
2164
2104
2415
2234
1924
1943
2124
1964
2123
2034
2164
2144
2094
2225
2204
2074
2074
2124
2194
2134
2174
2154
2204
2114
2194
2144
2164
2204
6071
2014
2134
2144
2114
1974
2164
2234
2074
2495
2074
2104
1944
2034
2084
2274
1963
2224
2024
2144
2023
1973
1943
2094
2014
1943
1964
2003
2084
2144
1964
2004
2244
2164
2114
2184
2053
2144
1984
1943
2144
2114
2064
2073
2003
1984
2034
2104
2114
2064
2194
2094
2043
2014
2004
2164
1994
1964
2304
2175
2074
2074
2174
2003
2024
1994
2053
2154
1934
1963
2034
1954
1964
2024
1904
1963
2094
1953
1904
1933
1944
2124
2074
2024
2094
2134
2144
2325
2064
2224
2074
2054
1924
1934
2004
2114
2225
1994
2124
2184
1984
2034
2245
2124
2084
1994
2174
2114
2064
2154
1943
2275
2034
2074
2094
2064
2094
2064
2104
2094
1923
1903
2073
2004
1894
2064
2054
2084
2064
2184
2054
2064
2134
2174
2073
2154
2074
1874
2064
2134
1923
2114
2094
2023
2004
2164
1903
2104
2014
2144
2044
2034
1894
2044
2264
2074
2444
2024
2184
2024
2023
2204
2034
2124
1914
2224
2004
2044
1884
2104
2134
2114
2034
2284
2104
2084
2104
2124
1974
2134
2053
2274
2394
2234
2084
2094
2084
2114
2074
2023
2214
2074
2093
2154
1994
2224
2124
2054
2023
1864
2043
2144
1853
2184
2034
2144
2114
2084
2124
2134
2064
2064
2054
2084
2024
2084
2234
1973
2044
2014
1974
1994
2094
2154
2054
2074
2104
2084
2084
2104
2033
2174
1903
2063
2094
2084
2063
2054
2103
2074
2334
2074
2044
1834
2124
2194
2094
2144
2034
2064
2124
2074
1844
2234
2164
2084
2164
2295
2184
2344
1894
2094
2194
2124
2104
2053
2154
8015
2134
2184
2074
2044
1462
1874
2034
2094
2234
1953
1873
1854
2364
2124
2034
2094
2084
2104
2064
2004
2144
2084
2104
2264
2074
2114
2013
2074
2104
2064
2214
2144
1954
2103
2084
2124
1984
2044
2154
2214
2044
1934
1953
2144
2144
1973
1994
1893
1983
2194
1973
23955
1883
2014
2004
1983
2033
2414
2034
1884
1983
1894
2044
1983
1953
2013
1944
1974
2184
1994
1994
1974
2094
1944
1973
2004
1994
2024
2054
1974
1944
1983
2154
2154
1963
1984
1974
1994
1973
1993
1924
1944
2064
2174
2104
2204
2114
2084
2004
1983
1953
1943
1964
1944
1944
1994
1984
2044
1954
8346
2074
2084
1973
2214
2114
2064
2084
1593
2094
1453
2074
2054
1973
1603
4919
2053
2084
2064
2084
2104
2074
2464
2154
2094
1923
2084
1883
2054
2034
1603
2114
2054
2033
1853
1974
2073
2013
1993
5350
1924
1553
2023
1894
2124
2244
2114
2044
2024
2023
1473
2364
2194
1933
2094
1874
2174
1553
2254
1483
1964
2094
2074
2265
2064
2074
2164
1883
2044
2104
1853
2114
1573
2074
1422
2134
2174
2204
1863
1513
2064
2114
1873
1974
1503
2053
1683
2344
1934
1963
2013
2074
2094
2063
1904
2154
1923
2214
2124
2134
2024
2074
2054
2164
2164
2084
2013
2003
2044
2104
2074
2264
2033
1874
2134
2054
2054
1924
1804
1974
2094
2114
2034
2134
2144
2164
2074
2184
1903
1924
2204
2384
1873
1953
2094
1894
1933
2174
2074
1914
1894
2084
2014
2254
2184
2034
2014
2134
1974
2004
2174
2103
2084
2084
2014
2114
2003
2024
2044
2174
2094
2154
1913
1903
2084
2073
2024
1854
2104
2094
2024
2074
1984
2164
1993
2124
2044
2104
2215
2064
2074
2154
2084
2244
2044
2074
2334
2254
2054
2104
2064
2084
2063
2084
2084
2104
2134
2104
1974
2124
2104
2214
2004
2033
2024
2144
2064
2214
2164
2094
2214
2074
2344
2174
2104
2214
2164
2064
2064
1984
2054
2104
2044
2104
2003
2084
2084
1994
2064
2064
2034
1994
2134
2094
1522
2064
1964
1993
2004
2034
2084
2003
1993
1883
1904
2024
1994
1933
1924
1974
1723
1954
1703
2104
1663
1934
1713
1994
1874
2134
1483
1994
1924
2074
2064
2084
1964
1904
1944
1974
2004
2074
1923
1954
1933
1974
1934
1913
1944
1914
1983
1944
1993
1893
1854
2114
2164
1854
2094
2144
1973
2074
2004
2064
2134
2114
2114
2094
1994
2114
2054
2114
2123
6743
2054
2255
2094
2224
1472
2144
2013
2054
1894
1453
2114
2094
2344
1934
1854
1643
2064
1964
1974
2114
2013
2014
2204
2244
2094
2054
2034
2224
2244
2084
1994
2073
2064
1462
2124
2064
1924
2084
2074
2013
2124
2234
2033
2164
2063
2134
2294
2114
2044
2064
2044
1984
2034
2184
2124
2034
1873
2205
2094
2063
2074
2185
2043
2034
2003
2094
2014
2023
2044
1903
2124
1994
2074
2074
2225
2074
2044
2004
1983
2114
1973
2084
2054
2084
1884
2054
1964
2134
1994
2044
2114
2084
2033
2073
2064
1984
1974
2004
2245
1973
1943
1974
1964
1994
1914
2064
1924
2004
2114
2104
2124
1924
2033
2385
2073
2084
1944
2014
1953
2033
1924
2084
2104
2054
1894
2024
1963
2034
2114
1964
1984
1983
2134
2164
1934
1964
1894
2234
1903
2164
2094
2184
2094
2114
2124
2124
2124
2063
4749
2084
1853
2084
2064
2114
2104
2194
2134
2124
2084
2144
2225
2003
2224
2064
2034
2074
7595
2044
2124
2094
2084
2084
2124
2244
2023
2084
2094
2074
2114
2094
2074
2214
2194
2074
1933
2033
1944
2033
4358
2124
1863
2013
1863
2034
1934
1944
1853
2214
2054
2014
2194
1944
1934
1924
1933
2144
2275
2114
2053
2104
2104
1904
2094
2104
2074
2164
2114
2134
2144
2054
2114
2063
2074
2084
2084
2134
2094
2074
2084
1863
2054
2044
2315
2124
2134
1953
1944
2094
2054
2054
1943
1983
2034
2104
2124
1934
1964
1924
1984
2094
2244
1964
1984
1953
2004
1934
4378
1994
2054
2104
2044
1964
1884
2073
2084
1953
2004
1974
1953
1994
1974
2024
1904
1994
2094
2154
1984
2325
2044
2024
1914
1963
1934
1884
1943
1973
1984
1944
2114
2094
2084
2014
1914
1904
2063
2144
1984
2074
2084
2134
2104
1934
2094
1874
1833
2124
2114
1984
2064
2114
2084
2043
2084
2294
2084
2034
1934
2034
1963
2164
1482
1933
1673
1943
1673
2024
2104
1934
2023
2033
1963
2024
2014
1954
1933
1943
2084
2104
2084
2124
1943
2104
1984
1984
1993
2024
2034
1963
1963
2084
2084
2054
1934
1944
2083
2264
2265
2024
2084
2074
2014
1883
1924
2003
1904
1953
1893
1983
2014
2084
1944
1924
1943
1954
1904
2034
2014
2044
2054
2284
2044
2084
2083
1503
2194
2034
2124
2154
1993
2114
2104
1923
2024
2064
2084
2114
2124
2084
2064
1883
1864
2174
2054
2114
2084
2054
2024
2164
2063
2104
2435
1974
2064
2084
2064
2084
2104
2064
2084
2024
2124
2144
2113
1993
1974
2063
2124
2124
2053
2114
2054
2044
1994
2074
2054
2034
2064
2054
2074
2123
1913
1924
2064
2104
2124
2094
1904
2144
2054
1903
2063
2184
2244
2074
2044
1864
2114
2094
2053
2114
2164
2104
2044
1854
2124
2134
1953
2094
2094
2023
1913
1894
1904
2084
2074
2064
2074
2134
2033
2033
2084
2044
2154
2044
2104
2074
2034
1934
2074
2114
2034
2073
1983
2064
2024
2154
2044
2094
2264
2084
1984
2074
2104
2034
2104
2064
2084
2074
2134
1854
2084
2204
1954
2023
2104
2304
2103
2014
2104
1843
2113
2154
2044
1933
2234
2114
2114
2254
2013
2064
2064
2044
2034
2204
2124
2104
2094
2114
2074
1853
2064
2054
2033
1984
2114
2053
2134
2074
1924
2144
2244
2144
2084
1904
2234
2074
2084
2034
2024
2134
1913
1894
2064
2325
2134
2064
2053
2104
1823
1883
1883
2054
2164
2094
1964
2054
2044
2144
2094
2084
1883
2214
2134
1893
2124
1994
1983
2094
2144
1993
2214
2014
2134
2044
1874
1844
2024
2074
2084
2064
1884
2044
2044
2084
2164
2034
2104
2054
2114
2104
1894
2124
2375
2044
1082
2004
2074
1994
2274
2094
1092
2024
1923
1893
2074
1994
1192
2274
1533
2093
2064
1923
1954
1913
2124
2174
2054
2134
1903
1964
1913
1653
1943
1894
1994
1563
2094
1453
2144
2144
2074
2275
1934
1122
1904
2244
2184
2074
1192
1793
1102
2014
1904
2004
2054
1142
2004
2164
2084
1873
1433
2103
2275
2084
2064
2224
1573
2134
1443
2134
2014
2024
1833
1513
2154
2124
2054
1913
2054
2084
2044
2114
1973
1823
2144
2104
1833
2044
2004
2094
2044
2074
1904
2084
2265
2084
2124
2074
1873
2104
2084
1983
2074
2023
2063
2064
2084
1863
2244
1884
1894
2054
1443
2134
2074
2244
1994
2104
2084
2083
2295
2144
2134
1974
2004
2064
2054
2184
2124
2114
2014
2225
2034
2084
1502
2214
1923
2335
1863
1984
2144
1834
1814
2204
1944
1783
2084
1452
2074
2164
2004
2003
1443
2044
2014
2104
2204
2044
1483
2034
2053
1954
2043
1974
2004
2094
1903
1933
2144
1983
1513
1503
1533
2084
2144
2154
2194
2234
1473
2164
2294
1643
2004
1463
2084
1713
2083
1683
2003
2254
2084
1613
2104
1603
2073
1493
2094
2014
2205
2094
1112
1913
2104
2044
2124
1132
1954
2104
2054
2074
2094
2114
2144
2033
2034
2064
2114
2114
1603
2014
1472
2013
2104
2044
2324
2104
2295
2124
2114
2104
2104
1553
2194
2124
2054
2054
1452
2074
2074
2094
1844
2033
1483
2114
2064
2074
2034
2124
1462
2084
2154
2024
1563
2205
1493
2144
2044
1923
2073
1823
1583
2074
4108
2054
2094
1974
2134
1452
2024
2204
2013
2294
2184
3086
2034
1492
2104
1462
2074
2144
2074
2054
1813
1824
1513
2104
1853
1824
1954
2074
1482
2245
1913
2014
2144
2134
1613
2124
2014
2185
1974
1422
2114
2144
2014
2094
1953
1874
1893
2104
2094
2124
1944
2034
2074
2114
2073
1953
1914
1943
1973
2144
1963
1974
1943
2003
2064
2004
1953
1924
1923
2044
2104
5490
1923
2104
2054
2144
1904
1954
2043
2104
2114
1923
2204
1974
1863
2054
2094
2054
2134
1873
2054
2044
2023
2084
2074
2234
2094
2114
1854
2164
2224
1824
2014
2094
1934
2004
2144
2013
1864
2214
2094
2104
2024
2083
1984
2104
2054
1953
1903
2033
2144
1854
2014
2034
2094
2084
2134
2074
2123
1994
2094
1984
2144
1863
2103
2084
2104
2034
2064
2124
2084
1863
2074
2534
2164
1913
1994
1954
1814
2114
2164
1974
2234
2074
2034
2094
1973
1883
2375
2074
2044
2074
2133
1873
2074
2073
2064
2084
1904
2064
2094
1984
2054
2094
1953
1934
1894
2024
2114
1893
2164
2084
2064
1894
1983
2174
2084
2074
2013
2094
2084
1823
1944
1804
2304
2214
1904
2114
2094
2225
2074
2134
2003
2074
2074
1874
2074
2044
2064
2124
2024
2004
1964
1983
2114
2104
2094
1924
1984
1904
1933
2064
2044
2044
2094
2024
1863
2114
2114
2074
2194
2164
2134
2124
2044
2064
2194
2154
2164
1984
2084
2094
2104
2104
1844
1934
2094
2013
2124
2023
1944
2024
2004
2114
2014
2074
2093
1934
2024
1974
1863
1994
1953
2024
2074
2074
2154
1993
2014
2013
2004
2094
2344
2064
2064
1864
2064
2084
2094
2114
2084
2114
2134
2104
7714
2064
2104
2104
2154
1883
2114
2044
2225
2023
2064
1823
4769
2114
2094
2064
2114
2144
1843
2104
2084
2034
2084
2044
2084
2013
2084
2054
2144
2054
2044
2094
2084
2074
2244
2074
2114
2013
2224
2074
2094
2054
1863
2093
2274
2074
1993
2154
2014
2044
2154
2044
2023
2284
2034
2124
7995
2084
2064
2094
2204
2054
2195
2054
1503
2034
2114
1833
1994
2064
1463
2194
2024
1983
2074
1433
2054
2093
2003
2033
2074
1443
2043
2024
2014
2014
1994
1833
2124
2144
1944
2063
2104
1954
2134
2064
2104
2094
2024
2064
2074
2074
2044
2004
2054
1944
2174
2094
1914
2074
2184
2064
2044
2044
2053
2023
2064
2023
2054
2084
1923
2084
2114
1813
2034
2204
2114
2084
2104
1924
2174
1994
1904
2264
2104
2033
1973
1983
1834
2194
2054
2114
2103
1974
2034
2014
2054
2014
2103
2124
1874
2154
2094
2184
1904
2094
2114
1923
2124
2124
1994
2064
1883
2074
2094
2044
2064
1913
1913
2054
2004
2235
2034
1883
2034
2154
2083
2104
2124
2064
1883
2093
1994
2084
2084
2074
1874
2144
2063
2114
2124
2034
2103
1944
2114
2264
2114
2094
2004
2114
1883
2304
2134
2074
2033
2084
2024
2074
2034
2054
2084
2064
2054
2084
1804
2034
2174
1934
2074
2224
2034
2154
1502
1983
2144
1923
1964
1894
2024
2094
1913
1993
1984
2034
1934
1913
1994
2043
1994
1934
1924
1933
2073
1923
2014
1984
2114
2044
1943
2004
2094
1954
2074
1984
2214
1904
2074
1984
1954
2094
1993
2064
2054
1904
2023
1963
1893
1914
1914
1914
1894
1914
1923
1974
1943
1943
2124
2074
2124
2084
2034
1893
1974
1933
14457
1923
1974
2024
1924
1964
2004
2044
2074
2104
2084
1984
1934
1903
2084
1904
1914
1963
1984
1893
1974
1924
1973
2074
1984
2074
1913
2014
1953
1974
1963
1984
1954
1924
1974
1854
2084
2074
1953
4539
1863
1843
2044
2094
2064
2265
2094
2044
2094
2114
2144
2144
2103
2014
2204
2073
1894
2084
2044
1894
2234
2074
2164
2094
1933
2114
2064
2084
2034
2044
2033
2024
2053
2104
2084
2325
2124
1944
1903
2074
1964
1943
1913
2084
1973
1914
2084
1994
2034
2144
1953
2104
2064
2024
2174
2104
2074
2094
2013
2094
2014
2033
1984
2094
2134
1993
2084
2014
2094
2114
2154
2063
1503
2064
2114
2204
2114
2003
2124
2084
2034
2084
2144
2083
2094
2104
2114
2064
1904
1883
2023
2094
1904
2034
2164
2063
1953
1974
2044
1933
2134
2144
2074
2024
2003
1843
1492
2204
2034
1133
2094
1102
2024
1984
2074
2164
2024
2024
2033
2034
2074
1603
1874
1513
2094
2294
2074
2013
1503
2054
1984
1894
1873
1483
2134
2063
2094
1502
2064
2054
2384
2214
2014
2004
1152
2073
1433
1994
2004
2074
2205
2013
1483
2034
1883
2114
2104
1964
1172
2084
1102
1904
2114
3106
2034
1913
1954
2945
1923
2675
1984
1974
2114
2024
1904
2064
2194
2064
1102
1924
2124
2054
2104
2124
2214
2825
2064
2044
2114
2104
2054
2064
1573
2094
1523
1904
2114
2013
2044
2084
2214
2013
1463
2034
1974
1953
1834
1874
1623
2073
1462
2134
2104
1923
1743
2083
1453
2054
1914
1883
1593
1863
1433
2124
2014
2083
2004
2064
2063
2094
2144
2084
2083
2114
2305
2104
1503
2024
2134
2104
2295
2074
1783
1994
1522
2043
1874
2093
2174
2154
1122
2194
1973
2114
2224
2074
2144
2325
1863
2054
2254
2334
1873
1924
1463
2044
2184
2084
2074
2084
1593
2024
2354
1163
1934
1874
1994
1894
1924
1844
1954
2064
1573
7103
1432
2094
2214
2154
2074
1473
2054
3296
2124
2113
1924
1503
2024
2064
2023
2205
1874
1443
2044
1894
2094
2965
1483
2064
2164
1914
2034
2004
1974
2164
2024
2284
1904
2013
2074
2855
2144
2335
1994
1593
1924
1513
2164
1853
2013
2594
1492
2104
2154
2104
2124
2985
1513
2124
2114
2093
3607
2104
2044
1443
2294
1533
2123
1914
1944
2134
2074
2816
1913
2094
2104
1543
2014
2515
1874
1883
2064
2185
1633
2104
2034
2043
1483
2054
1964
1874
2033
2104
1994
2024
2134
1894
1963
2064
2074
2514
1923
1532
2424
2063
2094
1894
1904
1673
2114
1493
2094
1452
1923
2144
1633
1884
1643
2084
2043
2234
2064
1012
1963
1813
1884
1854
1522
2124
2024
2164
2074
2003
1532
2054
1453
2044
2084
2174
1813
2074
1653
2084
2234
2044
2084
1904
1473
2134
2084
2124
2194
1883
1483
2064
2084
2044
2255
2064
1633
1874
1423
2124
1953
2044
1553
1903
1482
2104
2044
2094
2024
1953
1573
2054
1463
2084
2104
1893
1964
2054
1493
1863
1002
1924
1834
1793
2014
1462
2144
2064
2044
2024
2044
1823
2053
2124
2024
1913
1913
2004
1923
1873
1903
2014
2084
2084
2064
2124
2124
2063
2225
2074
1994
2164
1844
2054
1974
1984
2024
1874
2054
2064
2144
2063
2084
1894
2114
2094
2084
2134
2033
2144
1873
2014
2014
2185
2014
1834
2174
2104
2074
2224
2044
2104
1964
1924
1953
2073
2114
2245
2104
2094
1954
2034
2074
1883
2064
2264
1854
2094
1964
2294
1853
2064
2165
2054
2044
1943
2134
2014
2124
2044
1974
2314
2144
2144
1823
2104
2074
2144
2124
2064
2064
2104
1973
2124
2144
1984
1914
2064
2033
2084
2024
2114
2225
1953
2094
2084
1913
2244
2104
1983
2134
2054
2064
2285
2194
2013
2074
2064
2033
2004
2054
1854
2104
2104
2064
2064
1903
2434
1984
2054
1884
2014
2064
2094
2094
1893
2114
2234
1854
2074
2124
2014
1994
2033
2144
2114
2064
1874
2074
2234
2044
2054
2094
2034
2144
2004
2124
2084
2024
2044
2094
2375
1834
2063
2164
2094
2104
2084
2094
2124
2094
2064
2114
2023
2094
2144
2094
1964
1803
2044
1854
1984
2114
1874
2114
2074
2024
2044
2245
1903
2044
2054
1914
2234
2295
2054
2385
1994
1973
2074
2235
1993
2004
1953
2023
1974
1974
1893
1893
2014
2014
1963
1933
1934
2124
2094
1983
1913
1923
2094
2205
2044
1924
1973
1963
2004
1843
2314
2214
1933
2034
2114
2073
2054
2024
1973
2134
2074
2064
2154
2104
2064
2104
1844
2204
2204
2044
2053
2023
2044
1884
1933
2114
1823
2104
2064
2094
2023
2003
2214
2044
2104
2084
2044
2174
1913
2034
2124
1833
2023
2084
2074
2154
2154
2124
1863
2084
2124
2024
2124
1943
1843
2054
2024
2104
2054
2094
2114
2214
2094
2074
2104
2114
1983
1914
2003
1944
2114
2044
2054
2084
2044
1914
1944
1884
2104
2094
1874
1994
2084
2034
2064
2114
1864
2234
2204
2174
2134
2454
1903
2114
2014
2124
2034
2044
2074
2064
2074
2064
2144
2054
2134
2124
2264
2013
2023
1984
2054
1944
1964
2084
2395
2054
2024
2114
2134
2094
2124
2224
1984
2084
2074
2084
2054
2084
2014
2044
2044
2024
2074
2013
2134
2134
2053
2064
2094
2013
2244
4990
2104
2034
2083
2064
2053
2214
2104
2174
2044
2224
2214
2034
2014
2014
2054
2104
2044
2054
4018
2224
2044
2114
2044
4408
2044
2154
2244
2084
2114
2054
2053
2064
2084
2104
2064
2064
2093
2064
2144
2014
2024
2084
1974
2064
2044
2074
2114
2104
4208
2104
2033
2094
2074
2154
2114
2094
2034
2104
2114
2004
2154
2043
2114
2023
1974
1883
2093
2214
2113
2104
2103
2144
2144
2214
4829
2084
2084
2164
2063
2124
2014
2064
2124
2134
2074
1924
1994
1993
2054
2074
2245
2134
2023
2134
2074
2063
1893
1963
2044
2094
2084
2013
2094
2144
2084
2024
2064
2074
2224
2084
2054
2114
2234
1984
2084
2324
2044
2063
2034
2064
2214
2054
2114
2064
2204
2134
2064
2084
2104
2134
1894
2064
2054
2044
2084
2054
2103
2064
2064
2104
2044
1954
2004
2124
2063
2144
2154
2215
2014
2034
2083
2074
2134
2184
2144
2084
2024
2194
2134
1923
2004
2124
2063
2154
2093
2074
2094
2023
2074
2144
2053
2204
1984
2104
2084
2094
2094
2044
2215
2064
2094
2084
2014
2054
2044
2064
2084
2044
1944
1994
2094
2154
2124
2054
2044
2194
2144
2204
2154
2074
2074
1933
1924
2114
2444
2375
2024
2114
2084
2124
2214
2054
2063
2234
2024
2014
2054
1963
2094
1984
2054
2004
1974
2104
7775
2054
11421
2053
2064
2074
2134
2093
2054
2144
2063
1964
2074
2084
2144
2144
2084
2074
1993
2064
2204
2014
2094
2074
2224
2074
2074
2104
1923
2004
2064
2074
2054
2064
2024
2094
2224
2034
2084
1993
2064
2053
2054
1944
1964
2064
2034
2094
2023
2064
2164
2064
2034
2023
2064
2004
1873
1994
2355
2084
2104
2184
2014
2114
2044
1954
1984
2074
2054
2024
2054
2104
2154
2044
2064
2064
2064
2204
2044
2284
2013
2024
2014
2124
2144
2044
1092
2064
1933
2054
2033
2204
2104
2014
2043
2064
1964
2154
2374
1913
2124
2184
2084
2034
2034
2114
2114
1933
1964
2104
2234
2235
2024
2174
2094
2074
2124
2074
2194
2104
2024
2084
2023
2084
1873
1974
2134
2064
2104
2084
2054
2103
2054
2104
2184
2074
2114
2074
2124
2033
2295
2074
2124
2294
2074
2124
2314
2024
2064
1943
2064
2104
2124
2074
2084
2154
2124
2104
2094
2064
2024
1984
2124
2074
2004
2034
2124
2074
2254
2084
2184
1984
1983
1974
2014
2013
2114
2334
1984
2043
2054
2114
2084
2104
2214
2104
2104
2164
2124
2074
2084
2064
2034
2134
2064
2024
2154
2064
2164
2064
2374
2053
2124
2084
2104
2023
2124
2164
2114
2074
2124
2064
1893
1853
2054
2044
2054
1984
1893
1824
2084
2033
2124
2124
2024
2044
2014
1994
2074
2074
2124
2154
2024
2054
2104
1813
2124
2084
2114
2084
2013
1422
2074
2284
1934
2134
2034
1964
2074
2134
1883
2014
1924
2124
2094
2084
2054
2054
1884
1943
2034
1974
1823
2214
2114
2164
2084
2094
1884
2043
2144
1903
1904
2054
1874
2114
2033
1933
2084
2003
2124
2084
2024
2134
2074
2044
2114
2275
2064
1994
2074
2094
2054
1974
2064
2034
2004
2124
2024
2094
2043
2084
2084
2064
2014
2084
1984
1884
2114
2114
2013
2144
1894
2024
2074
2084
1883
2084
1983
2054
2144
2114
1963
2074
2074
1964
1984
1993
2024
2073
2044
1984
1983
2224
2034
4759
2064
2054
2284
1964
2084
2044
1973
2014
1934
2074
2083
2144
2354
2034
1934
2084
1954
2165
2074
1964
4949
2094
1954
2064
2264
2144
2154
2004
2324
2365
2084
2114
2104
1993
2044
1953
1904
1974
1994
1934
1954
1964
2064
1973
1984
1994
2074
1883
1944
2034
2053
2054
1983
1914
1984
1924
1964
1863
2074
2144
2013
2024
2064
2054
2003
2154
1954
2034
2043
1983
2044
2064
2134
2204
2013
2034
2044
2043
2044
1943
2084
2074
2114
2043
2004
2034
1964
2063
2023
1964
2114
2104
2094
2184
2124
2084
1954
1994
2164
1924
2094
2214
1944
2104
2094
1864
2064
2004
1894
2053
1964
2033
1974
2094
2044
1883
2003
1994
1823
2024
2154
2074
1963
2064
1973
1933
2004
1874
1914
6843
2114
2154
1984
2104
2034
2024
2034
1914
2054
2114
1894
2114
2094
2114
1994
2114
1893
2204
2124
2335
1963
1933
2074
2074
2003
1974
1994
2014
2023
1903
1883
2034
2134
2154
1994
1964
1894
2034
2014
2123
2044
2064
2034
2044
2074
2014
2124
2074
2104
4899
2033
1453
2204
2024
2094
2335
1893
2054
1472
2074
2074
1933
1924
2033
1603
2044
1463
2345
2074
2074
1883
1503
1974
2104
2064
2284
2064
1533
2084
2023
2114
2194
1903
1072
1944
2104
1122
1974
2134
2164
1903
1093
2124
2024
2094
2264
2164
1453
2084
1823
2154
2004
2054
1573
2054
1563
2084
2124
1924
2023
2064
2064
2134
2074
1402
2024
1493
2033
1914
2024
2124
2094
1913
2033
2034
2194
2043
1844
1904
1914
2004
1973
1964
2044
1923
2064
2094
1934
1913
2013
2004
1934
2014
1943
1953
1963
1963
2004
2054
1953
1883
2094
2053
2104
2104
2044
1913
1994
1984
1983
2054
1964
1953
1943
1914
1894
1893
2134
2014
2054
1874
1974
1944
2014
2004
2003
1914
2044
2084
1983
1954
1924
2013
2084
2043
1984
2003
2094
2044
2094
2114
2294
2074
1853
2073
2094
2044
2084
1983
1973
2154
2124
1934
2064
2034
2114
2084
2063
2134
1803
1984
2064
2204
1884
2074
1954
2104
2174
2074
2114
2224
2074
2114
2024
2074
2234
1833
2124
2074
2043
2074
1984
2124
2054
2024
2084
2214
2044
2074
1844
2054
2455
1904
2094
2164
5851
2034
2084
2043
2004
1904
1923
1894
2003
2104
2114
1894
2054
2073
2094
2074
2004
1863
2124
2104
2074
2274
2104
2104
2094
2054
2103
2074
1853
2034
2114
2124
2264
2043
2074
1884
2104
2114
1883
2043
2134
2044
2204
1653
1824
1502
2124
2074
2064
1623
2024
1613
2054
2084
2074
1994
2004
1883
2054
2064
1633
1973
1523
2114
2044
2023
2194
2144
2064
1853
1884
1914
1924
2094
1583
2194
1413
2154
2073
1974
2214
1493
2034
2044
1964
1954
1703
2034
2144
1994
2044
2124
2054
2034
1964
2205
2024
2134
2124
2073
1963
5050
2024
2094
2084
2104
2014
2164
2054
2074
1573
2063
1663
1934
1863
1904
2004
2014
1934
1903
1934
1954
1964
1954
1934
1914
2014
1943
1904
1884
2074
1993
2144
2023
1854
2154
2094
2033
1963
2074
1893
2184
2064
2074
2094
4839
2004
1893
1924
1944
2134
2094
2024
2023
2044
2014
1994
2033
2054
2024
1973
2725
1923
2826
1934
2074
1874
2063
2104
2074
2144
2274
1993
3617
2004
1973
2014
3346
1954
2004
1954
1993
2124
1894
1994
2114
1954
2014
2164
1983
2104
2164
2034
1964
1903
2074
2235
2805
2004
2004
1994
2014
1993
1984
1934
1993
1963
1944
1973
1903
2024
2926
1973
2034
2074
2124
1953
2024
1934
2114
1983
2013
2023
3106
2014
1993
1974
1974
2064
2134
2114
1994
1964
2164
2214
2024
1974
2224
2003
1944
1953
1994
1944
2024
1944
2144
2174
2044
2295
1874
1984
2004
1974
1934
1963
1953
1944
2785
2084
2084
2234
2004
3797
2094
2134
1934
1954
2825
2064
2244
2094
1933
1903
2114
2114
2695
1933
1944
1934
2274
2354
1944
1914
2034
2084
2004
2043
2084
2004
4478
2033
1903
2074
1953
1924
4147
2034
1884
1954
1913
1924
2064
1963
1903
2023
2084
1974
2806
1934
2043
2024
2033
1883
1943
2044
1934
2024
1994
2104
2094
1944
2004
1853
2094
2074
1983
2124
1934
1914
3346
1944
3106
2344
2114
2074
3346
1894
1983
1964
1954
2014
1933
1964
1994
1973
1983
4038
2776
2104
2104
1963
2304
2154
2204
2124
1924
1934
2044
1924
2024
1934
1903
1984
2004
1944
2174
2003
2004
1934
1964
1954
1983
1934
2044
2014
1814
2154
2104
1924
2034
2094
1844
2104
2936
2315
1944
2034
2064
1904
1843
1893
2164
2144
2154
2054
2054
2134
2094
1964
1944
1894
2053
1914
2014
1933
2084
2104
1944
2074
2074
2013
2074
2144
2054
2094
2114
1894
2114
2084
2234
2264
2054
2114
2064
2083
2064
2064
2815
2094
2114
2084
1993
2024
3346
1844
2054
2225
2024
2104
2044
2024
4609
2154
2084
2054
2014
2073
2064
2154
2053
2074
2084
1903
1903
2064
2043
2094
2104
2094
2134
2124
2024
2124
2044
2064
2064
2114
2044
1513
2284
2004
2084
2094
1924
1944
2134
2044
2064
1903
1914
1943
1904
2004
1884
2064
2214
1964
2034
1884
2104
2034
1974
1923
1954
1934
1933
2144
2014
2074
4849
2023
1984
1974
2094
2124
1924
1914
1943
2043
2123
2094
4558
1934
1883
1994
1934
2004
1934
1933
1954
1903
1933
2004
1994
1954
2114
2084
2024
2024
1953
2024
2124
1943
1944
1873
1933
1954
1984
1914
1984
2034
2375
2084
2104
2034
1944
1853
2094
2084
2064
1964
2064
1933
2104
2073
1974
1954
1934
2094
2184
1974
1914
1924
1954
2064
1834
2004
2064
1933
2104
2054
2224
2404
1934
2064
2104
2084
3066
2144
9087
2154
2134
2745
2034
2074
2004
2013
2114
2034
1873
2104
3006
2144
2094
2013
2104
2104
2064
1993
2054
2074
2064
2084
1873
2255
2084
2054
1954
2044
2204
2104
2063
2023
2084
2114
2024
1502
2164
2054
2154
1874
1553
1613
2144
1443
2124
1523
1523
2154
2896
2094
1483
2074
1492
2114
1793
2024
2264
2074
1082
1944
1864
2023
2325
1864
1133
2084
1984
2114
2174
1953
2094
2054
1844
1473
2084
1453
2034
1503
2084
1462
2014
1423
2054
1593
1503
2044
1493
2104
1463
2084
1593
2084
1503
2124
2154
2034
2134
2124
1583
2104
2003
2014
1753
1954
2104
1483
1894
1994
2144
2074
2084
2064
2094
2044
2034
1993
2013
2054
2094
2084
2123
1533
2094
1974
2104
2004
2083
2164
2034
2144
2404
2084
2214
2104
2003
2185
2084
2014
2074
2775
2114
2134
2063
2034
2083
2094
2224
2124
2134
2054
1853
1924
1944
1874
2004
2054
2034
2064
2134
2064
1893
1964
1934
2013
1984
1953
2034
1984
2024
2124
2154
1974
1824
2004
1953
2074
2114
1973
2144
2054
2014
2044
1963
2104
2004
1943
2044
1964
6412
2074
2335
1974
1873
2033
1864
1132
2124
2034
1944
1243
2414
1533
2004
2094
2164
2094
2024
2124
2224
2114
2054
1934
2044
2295
2073
1513
2174
2124
2144
2044
2054
2104
2083
2134
2244
2124
1593
1984
1883
1032
1964
1934
2094
2124
16912
2124
2215
2063
1092
2204
1793
2094
2094
1823
1212
2014
1262
1974
1253
1913
1162
1983
1222
1893
1102
1193
1943
1223
1964
1954
1152
2054
2074
3757
1974
1212
1954
1963
1222
1913
2004
1152
1964
1934
2625
1222
1954
2746
1172
2003
1212
2064
1162
1984
1172
1914
1222
1973
1212
2083
1222
1883
1222
1943
1223
1944
1222
2866
1172
2074
2003
1213
2665
1162
2755
1232
2856
1904
1193
1984
1943
1162
1974
1152
1974
1202
2715
1262
3477
1933
1333
1923
1212
1994
1163
1924
1172
1924
1222
1924
2565
1543
2184
1183
2024
1963
1252
1914
2866
1212
1943
1182
1924
1222
1983
1893
1142
1924
1944
1142
2084
1853
2084
2214
2033
1122
1923
1873
2044
2214
2505
2054
2124
2044
2104
5490
2114
2064
2104
1864
2074
2104
2986
1913
1162
1953
1222
1984
1212
1974
1192
2905
1233
1973
1222
2013
1202
1974
1182
2124
1222
1974
1233
2174
1222
1954
1143
2053
1914
1212
1974
1182
1954
1222
2184
1143
1944
1152
1924
1183
1954
1212
2084
1202
1943
1964
1182
1943
1192
2033
1233
2585
1934
1172
1913
2434
1944
1352
1983
1984
1183
1974
1192
2966
1212
1973
1203
2013
1172
1933
1182
1943
1813
1222
1923
1983
1974
2093
1764
2114
2104
1863
2043
2074
2064
1923
1893
1873
2054
2064
1904
2054
2104
2104
2134
1804
1943
1813
1934
1894
1964
1914
1573
2054
2044
2114
2224
2034
1483
2124
1803
2034
2355
5139
1473
2094
1483
2044
1253
1943
1222
2004
1182
1963
1192
1984
1203
1954
3216
1904
1222
1974
1102
1844
1192
1934
1202
1924
1212
1834
1172
1963
1052
1983
1202
1924
1172
1874
1172
2063
1193
1874
1082
1963
1202
1954
1202
1894
1192
1974
1132
1924
1242
1934
1173
1863
1032
1884
2274
1954
1863
1833
2064
2034
1823
4048
2114
1963
2295
2114
2164
1944
2004
2264
1763
2124
2174
2054
2134
2034
4218
2154
2204
1994
2003
1893
2114
2014
2054
2314
2104
2084
1864
1913
2044
2044
2114
1954
2104
2074
2074
2114
1913
2034
2004
2064
2124
2204
1843
2074
2074
1894
2074
2084
2023
2043
1944
2054
1993
2074
2083
2003
2014
1884
1864
2024
2044
2053
2083
2154
2164
2094
2084
2023
1844
2063
2044
2084
2084
2104
2104
1473
2084
2094
1483
2024
2254
1953
2094
2104
2114
1964
1483
2124
1463
2074
2034
2124
1843
1903
2124
2134
1943
2044
2144
2044
2004
2104
2024
2104
2053
1903
2114
2044
1943
2054
2054
2114
2044
2164
1883
2134
2174
1853
2254
2114
2054
2064
2024
2114
1863
2124
2094
2164
1993
1873
2094
1803
1914
2054
2134
2074
1794
2054
2124
2013
2023
2044
2134
2034
2003
1924
2004
2114
2094
2044
2004
2094
1884
1923
2043
1804
2104
1944
2134
2084
2094
2064
2274
1884
2184
2215
2274
2204
2004
1993
1783
2074
2034
1834
1844
2004
2034
2014
2144
2104
2013
2064
1934
2134
2044
2094
2204
2063
2074
2104
2054
2043
2044
2033
1994
2124
2124
2014
1913
1994
1974
1923
2144
2444
1934
1854
1873
2103
2014
2084
2274
1844
2014
2124
2194
2094
2004
2084
2004
2104
2034
2024
2033
2074
2024
2034
2084
2004
2094
1903
2134
2044
1874
1993
2024
15589
2054
2123
2124
2024
2054
2044
2054
2124
2044
2124
2064
1854
2154
2184
1833
2034
2073
2034
2054
2214
2074
1903
1813
2014
2194
2064
1873
2104
2084
2104
1964
2104
1903
2053
2034
2084
2013
2114
1874
2023
2134
2044
2104
2093
2033
2064
2083
2003
1983
2063
2074
2064
2054
1903
2003
2044
2054
1803
2064
2104
2194
2044
2054
1864
2023
2034
2104
2044
2034
2154
2195
2134
1823
2014
2024
2093
1843
1983
2034
2044
2064
2044
2014
2114
2054
2044
2104
1863
2144
2013
2124
2044
2064
2064
2104
2074
2094
2034
2004
2114
2094
2315
1904
2294
2023
2074
2134
2044
1994
2033
2254
1974
2165
2074
1983
2103
1854
2064
2014
2044
2054
2064
2133
1973
1944
1823
2054
2034
2054
1994
2124
2003
2034
2044
2184
1773
2004
2144
2064
2054
2154
2073
4128
2024
1974
1994
2084
2114
2014
1993
2134
1984
1412
2204
1914
2014
2024
2084
1582
2114
1463
1843
2053
1462
2034
1473
2084
1393
1563
2245
1453
1864
1432
2324
1483
2164
1463
2124
1483
2094
1443
2164
1483
2124
1473
1443
2064
1483
2264
2114
2064
1863
2134
2185
1473
2084
1473
2004
1503
2044
1513
1473
1984
1563
1653
2084
1463
1403
2114
1453
2204
1634
1904
1653
2044
1683
1934
1964
1873
1993
1944
1914
2064
2084
2114
2114
1954
2064
2194
1963
2104
2044
2003
2074
2064
2104
1954
2024
1492
2024
1443
2164
2124
1473
1694
1843
1442
2224
2043
1493
1553
1843
1503
1483
2144
1593
2134
2084
1463
1493
1843
1543
1803
3216
1443
2114
1473
2255
2084
1433
2034
1462
2084
2094
2034
1974
2194
2144
2043
2044
1473
2024
1473
2144
1884
1492
1523
1824
1463
2214
2064
1493
1944
2074
4418
2064
1483
2074
1683
2124
2084
2054
1462
2074
1634
2054
1493
1392
1623
1222
1703
1092
3466
1463
1853
1242
2033
2525
1984
1212
1974
1142
1924
1352
2004
1242
1943
1142
1964
1253
2054
1173
2094
1163
1914
1222
2003
1172
2003
1222
2004
1183
1964
1212
1983
1202
1884
1222
1934
1162
2014
1262
2064
1182
1913
1172
2013
1213
1953
1363
1964
1192
1943
1172
1944
1232
4258
1252
2034
1192
1934
1132
1964
1243
2004
1212
1954
1624
1192
1653
1182
1623
1252
1723
1142
1963
1173
1914
1152
1934
1202
1924
1192
1963
1172
1984
1182
1934
1152
1994
1202
1934
1182
1143
1643
1183
1703
1192
1683
1172
1694
1232
1703
1203
2044
1262
1633
1192
2004
1262
1974
1183
1893
1222
1964
1202
1934
1242
1943
1242
1943
1172
2034
1183
1944
1202
1983
1192
1973
1653
1163
1673
1242
1683
1242
1644
1182
1624
1273
1653
1162
1933
1213
1974
1182
1983
1162
1974
1223
1913
1192
1994
1202
1984
1193
1903
1202
2054
1192
2054
1202
1953
1172
1983
1163
1944
1192
1964
1232
1974
2475
1934
1192
1913
1242
1994
1282
1683
1212
1673
1182
1873
1222
1994
1092
2004
1714
1202
1713
1162
1623
1132
1763
1193
1623
1363
1693
1202
1653
1173
1683
1142
1703
1182
1643
1132
1693
1183
3136
1163
1633
1212
1634
1152
1923
1854
1062
2324
1823
2124
1613
1863
1472
2114
1442
2064
1583
2194
2054
2104
1944
1933
1904
1483
1924
1933
1563
2034
1974
1984
1563
1944
2154
1483
2144
2064
2064
2204
1533
1994
1884
1463
2063
2175
1473
1994
1993
5039
2084
1453
1953
2034
1502
1894
1472
1914
2134
1483
4648
2034
1453
1884
1924
2034
1473
2053
2104
2164
2094
1413
2024
2064
1483
2033
2064
1443
2083
2054
2094
1924
2084
2104
2154
2174
2044
2114
2114
2154
2044
1944
2014
2023
2204
2014
2004
2073
2054
2064
2064
2104
2024
2093
2194
2104
1884
2084
1983
1884
2094
2184
2124
2174
2074
2083
2104
2124
2545
2134
1814
2084
1823
1984
2123
2214
1893
5060
2054
2174
2053
2064
1994
2053
2033
2014
1894
1873
2154
2054
2063
1874
2023
2094
2244
2174
2073
2154
1893
2084
2234
1843
1863
1893
2084
1563
1823
2004
2204
2194
1943
2063
1994
2054
3206
1963
1894
2053
2044
2204
1983
2104
1824
2144
1954
2044
2134
2415
2024
2013
2024
1894
2023
2204
2013
2074
2044
1853
2014
2044
2033
2094
2104
1893
2064
2054
1804
2064
2245
1823
2064
2124
2074
1834
2043
2093
1943
2044
1983
2154
1884
1843
1813
2104
2014
2114
2104
2084
2003
2114
1874
1984
1984
1884
1984
2114
1864
1954
1934
2034
2044
2054
1983
2154
2084
2184
2074
1863
1542
1804
1022
2024
2123
1793
2053
1794
2043
1503
2064
6332
2104
2114
1453
2134
2024
2094
2104
2064
1523
2033
1493
2064
1864
1472
2114
1924
1533
2064
1443
2104
2054
2013
2194
1453
2204
2034
2004
2054
2364
2074
2084
2033
2084
2054
2074
2174
2284
1462
1883
2104
2024
2134
2074
2194
2013
2074
2093
1924
1984
2154
1883
1473
2064
1984
2034
1924
1973
1603
2053
1483
2054
1493
2024
1472
2094
2334
2024
2244
2034
1823
1964
1983
2064
1523
2134
1453
2084
2084
2094
2134
1833
2064
2164
2094
1944
1573
1833
1483
2174
2064
1743
2074
1653
1954
2033
2104
2024
1443
2034
2064
1943
1964
1824
1502
2124
2154
2235
2114
2104
1974
2104
2054
2004
2194
1963
2064
2134
1983
2013
1663
1913
1453
2124
2024
2004
2104
2044
2024
2094
2034
2174
1984
1502
2034
2004
2064
2064
2234
1533
1944
1432
4288
1843
2084
1833
1433
2003
2104
1973
2184
2073
1092
1994
1883
2014
2104
2014
1422
2014
2044
2104
2314
1814
2104
2114
1944
2074
1603
2194
1433
2104
2064
2104
2014
1493
2004
2104
2024
2144
1653
2144
2224
2063
2294
2034
2114
2094
2044
2104
2004
1422
1953
1473
2204
2014
1843
2054
2275
1854
2064
2003
2004
2044
3216
2094
1453
2053
2014
2144
1593
3887
1463
2074
1854
2044
1994
1483
1994
1963
2094
1863
1814
1964
1894
1493
1843
1483
2284
2034
2034
1984
2044
2014
2244
2054
1984
1874
1813
2073
2254
2104
1453
1994
2023
2014
1613
1904
1483
2174
1493
1894
2134
2063
1863
2013
2324
2074
1834
1973
2164
2104
2074
2054
2004
2124
1954
2014
1443
2114
2094
1913
1422
1933
1432
2064
2034
1864
1603
1813
1493
2074
1903
2094
2174
2264
1463
1814
1482
1944
2054
2054
2224
2224
1162
1974
1984
1122
1944
2034
1843
2124
1834
2014
2174
1934
2034
2104
1903
1994
2013
2084
2054
2174
2044
1873
2054
1954
2034
2024
2054
1512
2003
1543
1843
1102
1913
2084
1843
2004
2104
1102
1933
2024
2285
1894
4518
1533
2004
1483
2254
2114
2064
2023
2034
2064
1452
2054
2124
2124
2034
2064
1823
2044
1863
1833
1463
2144
2083
2054
2023
2114
1593
2034
1483
2043
2044
1513
2094
2053
2124
2034
1423
2064
1974
2064
1623
2074
1492
2044
1894
2014
2084
2074
1894
1983
1884
1983
1883
1413
2074
2194
2044
2033
1573
2004
2034
1112
1954
1894
1884
2024
2124
2074
1863
2074
2114
2054
2044
2245
2014
1463
2064
1953
1453
2034
2033
2314
1903
2034
1854
2003
1993
1874
2054
2184
1974
1853
1934
2224
2074
2114
1914
1984
1904
1894
1943
1122
2064
2084
2164
1823
1834
2024
1873
2084
1563
2013
2094
1463
3627
2064
2064
1563
1853
1473
2054
1873
2134
1563
2064
1463
2204
1463
2074
2094
1823
2975
1553
2104
1512
2925
2024
1853
1914
1984
2094
2044
2124
1543
2244
1473
2835
1403
1904
2054
2184
1994
1533
2685
6963
992
2745
1963
1943
1883
1022
1883
2024
2124
2184
2074
2785
2084
2074
2194
2114
1573
3006
1162
1913
1192
1984
1202
1923
1132
2094
1212
1863
1272
2044
1173
2004
1183
1893
1162
1964
1152
1873
1192
1994
1172
1893
1162
1984
2544
1903
1182
1954
1162
2745
1132
1924
1142
1954
1222
1874
1172
1943
1313
1924
1162
1964
1162
2003
1212
2014
1172
1914
1132
2034
1162
2014
1212
1943
1192
1974
1162
2004
1212
2665
1313
1994
1182
1923
1203
2044
1232
1953
1973
1864
2064
1924
2174
2024
2084
2084
2275
2094
2074
2013
2084
2054
2114
1913
1883
2073
2084
2194
2033
2054
2264
2054
1984
2004
2084
2044
2024
2053
2064
2054
1823
1834
2134
2074
2134
2024
1934
1893
2234
1974
2064
2094
1984
2094
2104
1903
2094
2124
2084
2084
1893
2013
2004
1894
2073
2014
1973
2043
2064
1993
2084
2014
2124
1984
1883
2074
2054
2014
1522
1943
1493
2074
1943
2034
1943
2024
1984
2044
1994
2064
2124
2074
2244
1463
2034
2054
2044
1884
1543
1993
1503
2034
1883
1683
1984
1954
2014
1983
1443
2024
1903
1864
1824
1904
1633
1933
1142
2024
2014
1873
1914
1493
2064
1463
2104
2083
2154
1993
1533
2114
2144
2134
2154
2004
3376
2024
2104
2064
2064
1513
2014
2034
1933
1503
2074
1914
2064
1944
2024
1863
2194
1944
1963
2013
2054
2074
1944
2014
1973
2044
1814
2004
2094
2224
2024
1903
1983
2053
2104
2024
2014
2164
1974
1923
1873
1954
2104
1974
2053
2064
2103
2063
2174
2214
2034
2264
2074
2194
2174
2044
2084
2043
2073
2034
2044
2104
2064
1954
2094
2064
2064
2084
2034
2104
2174
2104
2014
2124
2104
2063
1893
2073
2034
2044
2164
2114
1994
2124
1553
2084
2064
1403
1854
2024
1442
2014
2074
1503
2023
2074
1513
2084
2124
1463
2103
5360
1492
2084
2124
1994
2044
2033
1532
2084
2094
1453
2124
2074
1483
2074
2194
2013
1513
1923
1884
1442
2064
2044
1483
2034
2064
1452
2084
2024
1473
2084
2073
1423
2013
2104
1463
2043
2024
2084
1492
2034
2073
1483
2094
2113
1493
2064
2134
1463
2054
2114
1483
2124
1844
1493
2094
1913
1603
1884
1903
2014
1513
2204
1683
1893
1663
2064
1473
2215
2184
2004
2084
2054
2074
2034
2044
2064
2074
2064
1864
2024
1834
1854
2083
1854
2054
2134
2154
1933
2054
1913
2023
1884
2044
2094
2064
2064
1863
2134
2013
1853
1884
2124
1873
2134
2033
2064
2024
1883
1924
2074
2084
2103
1954
1863
2104
2124
2124
2054
1944
2174
2114
2134
2144
2064
2144
2043
2084
2084
2074
2184
2014
2205
2234
2074
2214
2084
2174
2124
2044
2124
2054
2114
2004
4969
1973
1923
2114
2074
2034
2044
2104
2014
2064
4729
2074
2114
2044
2144
2074
2044
2074
2084
2104
1863
1824
2064
2084
1933
2114
2094
2104
2064
1994
1913
1934
2034
2094
2074
2264
2034
2184
2124
2064
2024
2114
2034
2054
2144
2084
2124
2094
2084
2174
2174
2014
1834
1883
2104
2024
1944
2054
2034
6672
2044
2024
2044
6712
2114
2034
2094
1873
2043
2083
2134
2054
2064
2044
2003
2044
1874
1873
2304
2004
2053
1853
2234
2054
1924
2103
1994
2094
2084
2074
2154
2063
2084
2154
2084
2124
2114
2124
2104
2064
2073
2815
2104
2074
2094
2003
2154
2285
3196
2124
2054
2074
2054
2114
2024
2034
2033
1954
2024
3237
2084
2033
2365
2184
2104
2024
2054
2124
2064
1864
2054
2014
1973
1994
1854
1904
2023
2013
2084
1773
2064
2084
2054
4037
1963
2084
2094
2094
2003
2004
1803
4368
2094
1462
2154
1913
2225
2094
2094
2104
2014
1954
2034
2224
2034
1853
2114
2024
2064
2004
2034
1874
2114
1823
1984
2034
1833
1783
1893
2054
1944
2074
1954
2054
2064
2114
2074
2064
2063
1823
1913
2044
1843
2014
2044
1973
1854
2134
1904
2033
1933
2194
1844
1924
1923
2144
1864
2034
1833
1823
2063
1873
2054
1804
1844
1833
1864
2073
2084
2054
2074
2064
1894
2154
2084
1813
2083
2044
2003
2084
2074
2024
1903
2024
2114
1864
2245
2044
2104
1944
1954
1944
1963
2044
1954
2364
2124
2014
1814
2034
2074
1813
2094
2064
2014
2074
2023
2034
2205
2064
2194
2074
2144
2074
2084
2274
2024
2084
1914
1993
1994
2054
1983
2004
1954
1954
1944
1883
2053
2014
2054
1974
1974
1884
2014
2134
1954
1984
1914
1914
2114
2043
2024
1994
2114
3757
2044
2164
2084
2064
2084
2024
2044
2024
2014
2134
2014
2184
2004
2004
2034
2044
2034
2064
2064
2094
1994
2094
2064
2024
1994
2185
2064
1953
1873
2074
2044
1853
1923
1964
1993
2104
2094
1813
2094
2124
2024
2034
2074
1993
2334
2064
1824
1974
2114
2104
2094
2134
2083
2194
1893
2024
1993
1994
2054
2063
1994
2124
2074
2044
2284
2083
2064
2014
2245
2034
2024
2174
1933
1964
1963
2064
1913
1964
1914
1974
2014
1953
1923
1913
1944
1944
1923
1944
1923
1984
2014
1963
1993
1934
1974
2014
1924
1944
1963
1904
1923
1974
1923
1933
1873
1953
1963
1903
1994
2074
1943
1914
1843
1913
1963
1944
1924
1964
1964
2013
2094
1913
1963
1883
1923
2014
1943
1984
2034
1924
1904
2024
1974
1964
1964
2004
1983
2004
2004
1883
1974
1953
1864
1944
1914
1873
1904
1993
1953
1924
1923
1974
1914
1944
3877
1924
2074
2084
2054
2013
1963
1934
1944
1904
1973
1933
1903
1924
2034
1933
1833
2024
1803
2034
2053
1884
1814
2054
2104
2034
2104
2084
2034
2063
2174
2024
2083
2023
2053
2043
1963
1943
2054
1904
2064
2023
2024
2084
2154
1883
1974
2124
2104
1934
2104
2084
1964
2114
1864
1964
2114
2074
2064
2024
1824
1983
2274
2013
1944
2013
1934
1903
2034
2074
1864
2274
2064
2003
1883
2074
2094
2094
2054
1973
2064
2014
2014
1923
2134
2194
4739
2084
2264
2094
2044
2074
2034
2044
1884
1833
1893
1873
2234
1934
1904
1913
1983
1964
1903
1894
1953
2024
1984
2044
1843
2114
1974
1884
2043
2034
2014
2205
1462
2255
2104
2004
1843
2053
2034
2054
1864
1854
1843
2134
2064
1843
1983
1944
2064
1873
1974
2084
1874
1884
1863
2084
1914
2114
1964
1933
1823
2003
2104
1963
1874
2014
1994
2053
1854
1914
2074
1884
2003
2044
1783
1974
1993
2014
2043
1893
1854
1794
1894
2054
2053
2004
1834
2114
1854
2063
2094
1883
1833
2194
1883
1964
1903
1883
1884
2114
2054
2114
2013
1884
2014
2114
2024
1863
1833
2054
1843
4067
1903
2004
1914
1933
1843
2073
1884
2044
1894
1974
1884
1833
2054
2014
2104
1854
1984
2094
1974
2185
2255
2023
1964
1964
5030
2064
2254
2084
2034
2024
1994
1884
1993
2084
1933
2084
2073
2124
1964
1944
1953
2014
2054
1954
2054
2084
2094
2154
2054
2114
2124
2114
2053
1833
2034
2013
2084
2014
2003
2084
1964
1963
1884
1944
1983
1844
1924
1973
2144
1914
1964
1814
2024
2084
2124
1934
1944
2124
2053
2104
2004
1854
1894
1904
1824
2164
2174
2084
2114
2024
2043
1903
2043
1974
