163516
174566
246320
239047
216555
241781
217686
234958
281255
204873
187671
189313
200805
283289
138699
162454
182721
220822
198180
212797
175007
225181
190285
131736
181028
227525
282458
211085
243354
157124
194373
144400
179225
253945
204552
181799
254015
182320
137166
244357
158576
228777
120014
208189
156763
186098
233105
232064
175788
198050
144920
475990
186999
286946
186258
185857
214029
141454
181779
189003
174776
150721
245439
226553
196056
160881
211325
217937
178814
194523
158937
179415
182831
237604
169206
313055
178123
281546
155570
210063
198360
169586
181018
246641
201666
200825
190276
270696
200434
214631
201276
199182
146484
196817
122909
195685
175748
227545
221564
170618
213108
202970
176029
101460
225912
179135
198160
125725
234337
227114
195746
140112
248915
131736
252863
172853
119493
162002
167603
221203
211505
252332
101008
218067
231292
152685
165900
172862
225852
341067
198190
151763
168946
249125
210543
140272
171110
221985
203390
231402
252792
196387
176479
165670
327872
267600
137316
197539
218599
156012
144680
219069
164748
215833
168805
130534
264774
209962
179927
216965
175748
188111
157775
130113
241942
206025
233626
350465
183433
212797
160560
205484
143498
223868
140433
131426
152154
162544
185267
205785
203981
234388
131395
182371
208669
248314
191778
237834
174796
227706
190737
185146
205664
173844
277298
158296
177522
197709
99927
210634
182251
229528
189124
224860
190817
233726
214831
178463
219009
194965
191128
299119
186007
190055
196928
280845
260476
190766
181149
196257
206876
205303
217406
238465
192600
187531
151293
216284
155280
208820
180186
217727
207187
167854
230801
156563
183944
117480
98174
228166
205053
160580
187581
199222
273190
202188
187130
198060
150872
215152
250107
258122
188101
176720
177632
170258
144119
194534
198401
217125
280134
203070
203159
188643
186238
212607
165759
119263
194614
152145
180357
188041
192490
167704
157214
203159
158456
187530
168094
141174
195685
202127
195205
204542
231773
172442
189565
200244
171961
185677
203871
203080
260457
125304
232204
141775
200534
186528
188913
210453
175488
187921
145241
224740
199643
167974
179445
168645
132217
218518
191037
176119
184074
145311
189414
195055
219660
208790
199503
153337
203020
190186
114945
143649
121216
185516
176259
269864
224770
152986
116698
226433
254175
208419
176590
164648
225582
172542
194984
182000
194904
143148
157494
176810
169206
173324
304159
216675
150682
189615
222656
191378
178453
210353
170208
208910
195245
126286
145502
173774
182030
168715
183944
184715
195034
194673
166692
165529
226283
169176
200985
168525
220782
172693
197950
179746
187190
184725
161171
198591
194904
204802
208219
167913
214030
222325
194955
250698
200034
177051
176760
181379
172622
150551
121336
262090
150581
123190
178113
178182
201927
212547
185066
217236
160971
171801
196908
188752
177171
183963
127298
253674
243565
209542
205374
189524
189093
198641
218168
181970
161121
246972
196457
232714
116647
237103
165769
205254
194724
195976
189554
181649
186979
141635
209411
165970
120815
168675
138739
174536
216875
215372
173844
177442
195755
198892
207408
219850
181809
192730
181409
212377
231131
213409
167072
188201
193041
189654
167092
179956
174035
188222
308988
179095
245930
143578
180176
170329
166281
190896
133199
206305
207458
164588
167293
142656
200415
189404
147716
208439
126266
155100
212076
185918
215683
179345
181629
230290
206165
234037
201236
155721
213569
106469
190716
175478
155991
133169
91220
202849
236492
191608
169176
170248
186017
191027
182922
193662
186479
205715
178714
234649
188232
133419
167423
185186
197198
204893
204973
179766
188823
201878
172062
188722
131436
225411
163695
181669
256599
206455
199523
182070
180918
204512
167283
195235
204282
147165
171641
157605
168594
244427
202568
127689
225902
192058
159869
142195
271858
218979
312714
226123
192970
241120
176920
228527
177341
185877
285183
199462
170679
210283
182300
210092
144290
198100
291955
97211
100347
152846
160009
208479
162162
174216
242272
178653
195435
183182
125434
180267
164938
210192
207357
197519
176630
191858
169617
183132
189705
174156
183683
170729
179104
146904
243846
195676
204361
167683
196817
209201
158947
136154
179195
242363
175638
171651
190626
187941
208729
182060
226353
166110
169587
154629
153036
184946
180878
144409
185767
183112
160089
190566
191487
251590
140743
145652
161391
183293
196618
201166
175488
160259
207418
172692
282097
243054
221985
191258
220623
184996
159829
174726
191838
172863
185457
192269
196016
146494
158476
196848
162994
225963
199012
189865
135413
146404
213920
233837
194243
229638
179916
212377
195485
182831
192169
225491
172462
211865
186398
215633
163766
186238
190326
203690
182771
186278
229820
204342
174015
176509
176870
202408
167734
175989
183012
142206
194593
168585
167744
214110
136726
194774
156693
178062
186679
174366
147545
177321
173684
161412
122178
250618
193882
201517
186529
307505
189354
191167
201566
186799
260476
111188
178133
127328
176049
191608
229529
195706
195596
190776
204542
198401
282167
148227
235730
197569
179225
222506
173755
158636
162704
182922
203009
220652
175418
178804
272018
173343
169366
200374
190215
188662
87945
146333
179846
122829
108503
189403
176680
191828
210162
190505
181249
262189
224359
156211
146403
227755
198110
171480
223398
150742
219640
177852
195746
172913
175027
168465
254606
170859
192530
164437
151292
182891
137086
131466
164257
173874
190556
219069
191107
165630
165770
174496
153617
180798
152535
210323
149720
111749
197128
205904
199453
171250
197179
208009
151403
185877
144600
238787
180017
122629
160360
180267
215643
178544
167513
182170
167724
160119
193692
142486
178965
180998
156572
204762
209230
191658
136926
182881
206786
122339
164678
195495
208509
184675
156622
163165
189274
170359
194844
156142
130373
195926
173705
191137
148657
160129
165980
211174
194664
208059
173855
189043
187420
191788
185908
237634
220311
180638
155541
256139
177722
164146
184174
185998
212777
200725
204492
226533
179045
194092
183082
189894
164667
173244
175819
211024
217957
209261
220242
180657
255598
200494
197469
190265
287207
182471
222506
200725
201587
194714
200535
131436
235730
218578
229529
205314
233777
170899
235811
227695
206976
231753
176419
178103
154448
193261
191798
144290
184505
126166
237303
163796
228026
128180
301823
169046
156903
167593
222245
188422
169066
184916
171781
165689
179545
182902
197419
164327
231873
231152
255227
183943
179666
275405
218518
186628
180227
191778
186198
157775
178364
228888
158246
233827
216925
173093
261508
176701
205374
205073
155069
204883
177161
267129
139461
146424
237103
204732
281185
138930
295612
109996
190826
196848
163345
202789
227064
200986
173564
163035
207557
267801
183393
226553
194433
215242
178534
182882
189654
149369
188001
153417
196607
194092
186048
192530
247232
174957
205023
191317
197960
178924
215603
205374
133399
150552
182230
145913
149359
207378
197338
195906
143868
173564
165269
236091
144840
194243
197529
185737
192910
173644
177151
147386
157504
193892
194874
157985
200264
218739
276056
174667
142566
189194
184875
168645
238435
156061
186989
177872
234047
156673
179004
189433
191307
153898
219320
220833
147345
190005
185777
182822
188773
204412
193632
223778
186669
204663
199523
174526
198470
183453
194393
124513
191057
250228
154178
168876
198371
182942
197298
164848
172132
135313
134652
134771
145592
194564
163595
204662
190406
105437
192159
136185
181779
167172
209422
241120
160089
144831
195966
197650
186669
194113
179155
201547
195466
174716
219470
217676
201326
206335
271837
183904
195545
182210
271507
175488
121317
148468
193321
136285
203290
164467
196076
170288
248173
176460
155661
174105
193341
168525
175999
163685
175317
212367
226633
292406
169386
187871
182281
166531
190566
186669
179716
166812
207367
214471
194934
179876
185306
186419
171871
245689
144470
200896
171751
190115
137537
183603
214921
179235
178885
201406
186779
186778
192970
204823
191889
213419
174115
225781
218388
206385
207718
190105
197299
129943
193993
185547
191398
193852
191628
199513
172973
175027
197539
202789
182951
123361
182882
222946
149990
208991
207688
139731
319998
260948
202037
187300
165109
206375
181419
190325
178423
170178
179956
167192
201336
157695
177061
120205
200785
149850
251069
183563
210503
139170
182841
202949
206566
179075
220883
215543
174947
129653
99245
193492
122028
175337
175899
198341
197830
201587
115275
206015
174085
172753
193020
146133
169356
180518
205634
172022
125685
157054
181950
125534
163004
183313
144800
175969
161352
202709
178022
132458
194283
264004
170508
218027
202568
264083
182191
160680
200535
125114
214140
186078
200986
176750
191858
180397
169717
192549
173323
164097
158586
217256
173154
192670
159779
189424
242713
227354
198621
181960
208570
204281
178914
145402
161000
133599
193351
193211
156913
205574
149339
272349
181169
180478
200224
213890
168024
156943
172151
255357
168334
204632
212848
172442
197189
186449
211725
111378
165659
188853
204703
170068
185246
206566
182221
220933
217957
149018
178594
189544
194844
198531
175649
287427
182712
255247
237644
260527
181339
173995
220051
177191
165038
225752
170899
169346
178864
235209
149669
169727
199533
164949
147646
197499
167422
217356
158306
202559
221213
182391
199042
184354
209692
182110
200695
245489
260386
191207
256650
177662
222195
253082
167723
225301
208941
170970
171330
144319
160470
181779
173504
186408
157805
141745
206917
193211
175848
169897
182201
151733
170789
183643
174105
159698
132187
185146
187320
191137
179225
174065
173765
237544
170639
208980
186298
178904
187350
136776
194113
212988
189624
176149
170578
263041
199272
257651
120896
174195
152074
202298
153938
199052
111047
184024
154769
179065
180838
160159
169487
107541
185767
160429
184264
171150
208550
195275
140783
186128
177391
170649
193361
159538
119403
179426
165580
155180
127969
185677
166010
221053
128600
170348
161382
188663
203991
196317
170699
149009
193812
186178
149369
202618
187240
242203
292155
164027
170889
212577
168625
168405
200114
203440
196577
148156
231683
171691
171641
170939
171981
153446
297245
237373
182290
140162
176790
265415
177241
157814
180236
180718
146293
158826
178774
168394
137377
178013
156753
195175
94276
182782
196036
193882
194965
146584
177932
186298
192811
156913
180748
169977
176259
194814
156693
182652
206365
120255
189244
183814
157785
190446
172382
171821
192881
168575
196006
232404
174005
177391
154219
177482
141214
196326
111358
107471
190255
171640
158326
200775
180286
163846
173534
160851
199373
119172
177181
176660
191087
182371
120555
213850
204742
146464
173384
229008
195736
180037
177812
206796
157263
135563
176660
174997
157384
190225
196177
183172
163876
158276
127028
164788
150501
90449
141865
132237
163175
202178
185236
147055
175749
189605
161141
170409
178223
224520
169597
193031
209702
179896
237303
207408
196557
186438
205894
127759
218819
176890
195245
174907
166501
167322
124473
127538
184074
172152
167433
241812
222556
224630
192670
127077
129301
167333
178984
208981
218838
188122
214812
177532
183703
188553
196047
142697
178443
183973
202448
162764
192039
182020
163375
189183
191779
189404
225441
227004
135974
177992
179014
153136
232224
212587
230010
181639
165409
180878
202287
189444
185757
190987
213028
212818
228417
259765
202869
177592
205804
199282
209452
197128
240399
240689
214039
185417
178113
199623
223217
170598
225601
244987
174866
180027
196467
204723
157334
258012
201196
245188
260296
208049
198902
206015
144500
231373
184074
201767
219109
241792
226012
185817
171551
178344
174867
292757
257451
219080
199493
218618
139931
173704
227495
255828
185136
177411
180657
187751
159257
200484
209051
179265
260227
197319
216274
244527
199162
169557
264944
193531
193461
192369
158856
163766
202118
199623
185386
215071
128060
251470
180317
126927
191598
154599
197579
166350
146564
184845
180818
211194
190666
186448
215643
317413
192981
191207
246931
185607
216214
267560
217636
188201
178704
179014
176800
122619
156392
194964
182942
165920
191578
181419
171109
204302
188522
199753
180106
86010
181710
186258
201537
182882
156442
144029
198481
146313
149249
204442
180678
280164
177231
210613
194924
231994
181118
225642
241150
199122
175789
180978
118461
240189
151283
283399
158226
141745
175999
190085
130955
253113
188372
84248
201426
256769
185407
173193
174796
207217
194994
221874
189574
153627
264595
237844
191418
167383
201657
142446
124542
181820
165700
190867
167603
184335
206917
174736
189334
204492
181058
116859
180207
191467
194734
161271
142977
190786
208309
173544
193822
187951
202869
176690
144159
175848
222085
179625
176309
176019
164488
160791
207117
202167
179645
188001
192870
156122
178143
273461
200625
193061
204121
187830
132898
174216
158155
217707
156242
180837
174235
221844
249977
185817
197158
156673
234108
227154
206145
207016
208931
133499
185707
222406
161541
281516
180046
178183
115757
143989
149790
161061
175578
195124
151023
232765
172783
243946
154198
207087
162013
194313
186860
193892
165088
348220
246611
185857
179666
149209
161401
193752
183974
179074
201807
183533
165279
176750
242683
177702
179385
149910
174626
223618
207909
168295
169506
212006
188602
194644
242082
145923
206185
213238
157224
164708
162574
129903
204542
220161
175998
123621
158215
212186
181900
186819
174606
226783
177011
238235
200094
138850
117630
236803
206606
277429
246250
230430
151132
199252
188653
180427
182341
250628
200966
186599
170549
185667
157504
185056
162213
209772
148798
235410
149339
189745
185156
175779
95398
208970
223697
156793
199783
180036
183382
183343
174526
181940
189454
203019
186238
179406
158305
171961
171590
176870
244678
172983
216164
170759
161692
223808
188322
221403
220192
185026
194454
203320
223457
104696
185106
172963
116447
186198
164929
169146
286235
233756
182481
225622
259995
181259
187800
209351
180457
222806
173995
179465
260186
182852
324116
200124
201095
197719
176540
172082
196928
136124
177642
226112
231092
185877
133469
169357
238786
201747
169246
187760
210473
179826
205885
225181
229669
273120
156793
196637
180327
248674
198040
250919
223848
266999
139020
207067
193271
167093
169667
197148
221333
123751
207438
224880
173955
251049
155360
132398
168294
180207
218378
204672
169817
194814
162293
245568
156693
239427
195175
256279
188332
187861
172913
178784
212958
190506
212577
169818
200644
174096
199884
171731
167733
185055
195836
193000
175298
201366
166541
207207
215713
178163
193722
124753
239287
156752
216164
181549
187791
204932
190716
179695
166481
201206
200024
127719
193502
168685
174697
151784
185026
210303
195665
192390
188322
166732
180326
194083
182671
164378
165570
70772
122569
193862
212507
183102
226633
137958
181418
223939
159878
183543
192941
176449
174155
186709
170038
213689
246881
205825
86922
154038
178553
154569
210393
174275
173153
119333
161110
223247
114965
147826
279312
210383
167853
207768
201417
145091
237254
160189
176089
196727
145031
164076
182771
148237
166581
208569
189143
201617
169707
177983
136715
172923
222786
183503
177602
182911
209140
128039
177261
179575
173444
220352
190766
188803
202378
142316
168555
224720
193992
203470
150512
195976
164367
202889
233457
177822
170709
184254
161943
228967
188662
179686
200835
196297
175277
125855
159929
191548
159167
255687
181990
240108
182752
112791
184465
112090
193541
223959
204061
181509
193241
192900
148958
242803
165860
215874
158236
185637
176009
185858
176489
186068
165670
162384
182571
126085
183693
194974
162584
198171
111788
185597
174627
221203
178954
254816
219790
127899
197048
238696
169276
167353
182211
152756
186659
222536
182040
181109
195134
138148
124763
149640
201406
178333
194013
152595
185266
182220
156232
191428
179745
251189
181108
148538
215843
176028
173434
130804
151333
154228
175357
160449
207247
138549
163286
121768
154689
211235
177933
130204
159608
204462
260677
183563
167473
154468
149490
234277
190716
187881
175538
166360
216374
230861
172513
196657
173054
203179
157885
186488
139040
192279
170008
167924
149249
177712
125554
217266
253433
146043
119473
175889
154529
184725
226633
163586
200464
152425
157855
194554
142706
199493
158687
170639
168074
161512
165149
211184
225371
161462
196818
222857
120746
124232
130023
175398
198762
203751
241551
249055
146374
207367
179856
180607
182220
260657
235971
177893
133699
165930
190476
213579
150771
178614
126246
174596
208820
152315
211776
170478
186789
176840
178904
188763
157925
193041
194444
192269
173174
189554
147135
235280
141574
144701
187270
88055
203230
204132
232985
195095
178414
215212
217606
193762
195866
164417
183433
222646
175558
207417
245068
187340
180778
190195
310610
224068
164969
219159
153997
182191
185407
179305
181059
147365
182761
187139
184816
303197
163916
192058
97612
152044
187090
194273
183973
175418
172242
182871
181760
199022
170909
143348
218298
211405
170418
211466
172772
192460
179024
182180
242222
223147
199162
114324
144660
179125
149369
210273
172653
191398
165739
162223
180046
142607
167242
238927
151363
242654
181599
156402
206546
170810
177452
160019
213319
157614
191337
139420
170238
166912
185486
193812
192600
198371
173374
128019
135584
185226
113592
186147
198331
165409
235090
194403
185136
225211
180176
154248
145922
144600
201126
175699
191087
141464
188012
270395
181859
183193
139561
171681
170549
216995
171681
173003
197269
182240
166090
195836
253434
185557
183373
160490
191998
204492
183312
230200
245719
172081
170027
175728
252602
184675
233977
182241
204232
185125
145983
169607
176831
163816
183803
138098
168805
150802
175548
209651
193682
197318
178073
141094
187820
123952
163195
153947
148858
218007
173775
195576
165820
209422
180688
186519
254376
120054
164127
230531
177792
174476
198691
183843
197519
171280
214260
132207
180868
173644
128621
201516
134601
115426
229880
156462
241851
214320
166291
181629
164688
189554
177171
109745
174085
233887
166691
151053
163275
173715
92734
256690
156723
169787
172121
166501
183954
166251
161652
158136
180999
185988
202128
138038
123070
165689
140472
146664
124432
162383
158396
224039
151833
305110
203340
196356
171431
198651
191217
158365
157354
151052
211085
243155
198711
174566
180898
130403
184184
173725
168404
178874
154770
176450
207658
238285
162173
194554
159268
185968
181980
204503
150862
168024
181389
148748
199243
184454
149249
188763
108863
188833
193432
129512
120745
205815
200745
155901
191969
172201
168355
183052
145401
189594
189003
174736
203320
185467
160900
188242
98554
175067
169156
247592
162273
147365
185497
124402
185757
180137
169877
154348
269434
195034
177491
203951
195134
180126
172352
192169
179856
96230
157193
192559
204592
188182
185637
164708
213839
173895
201076
196918
190696
162323
184745
215442
179325
181579
154058
172091
207298
191307
135123
169757
117460
278220
165239
167763
171821
150802
173575
188061
200315
144119
164978
172012
129902
194323
157775
216113
194273
190916
185066
177171
176951
121597
206285
166501
181759
197318
251971
241050
141885
277659
194684
121106
185407
141294
230020
195636
183573
173143
159378
189715
192750
163665
184425
193351
120114
230009
190435
146844
166922
226223
168344
209732
198150
188583
160469
178152
239958
164026
180817
182691
175067
203440
229979
196728
159688
115255
180177
166161
178333
194623
307354
138058
164307
189804
200244
169417
160911
195855
159348
189153
192690
186227
198330
246109
174075
230330
139040
201317
195204
162814
194723
196187
128039
160720
255597
155391
178994
189995
175929
162343
188532
181579
205504
214941
180297
129412
206636
172232
201526
203981
137998
176510
192229
171991
189494
163646
202889
167994
165258
191358
171390
179605
184685
163315
199613
138709
195345
201316
141435
113472
123441
161071
124814
169517
189364
195265
186859
147846
218178
137757
179185
200164
182080
162594
268191
137958
159638
214511
204532
199923
188291
177632
191628
168856
132377
167433
125414
131305
174456
170528
137026
200063
145952
226393
158727
122839
242744
158416
152585
153477
159128
183413
196537
150522
157024
104546
179736
158015
112080
161271
128100
181900
131807
228718
192510
152245
124994
160780
115465
223618
170628
181880
166661
136445
166461
242883
151524
169367
148798
169577
105998
180447
155831
201828
158947
185026
181139
131005
185387
169256
85650
161181
182942
131014
182832
226513
180026
193552
123180
219079
131496
199503
155310
217756
252001
186398
190656
181379
160600
245959
175959
140863
167473
191939
160299
172191
131606
191999
192770
117038
268442
187951
182090
172382
180777
154569
206495
149439
189614
136034
244487
183583
244447
243214
168475
84187
128760
204262
197609
275244
208229
194954
179476
167232
192038
185546
223979
167683
182962
127839
263763
169997
160711
297415
207828
187580
179586
255056
277548
196918
193692
143708
209792
201096
210814
157554
231272
199222
182401
199362
113482
234207
163225
169376
173955
248585
148918
167503
179435
159929
307835
174005
192309
169096
177552
198451
173414
119162
155260
159247
163886
181499
219941
183793
114915
182211
214721
162644
180647
183513
199112
168494
196086
198792
185527
213519
163676
117099
183793
144109
158296
177331
196898
170638
160580
223157
178283
167162
202208
214220
178974
177471
185296
194864
156873
172312
147205
124283
121367
163546
223678
198231
157104
111669
184575
180327
167323
178994
189213
183472
139771
136846
241711
172442
185376
188452
179896
168535
192980
188352
179626
182511
145021
179555
176600
251630
169928
247332
171550
181309
151453
279142
229829
194864
162985
184284
188332
253013
205203
261389
166521
169296
206837
158116
209482
260456
228688
141004
271407
195084
165259
191738
172462
173354
122068
185808
183864
261319
156843
247973
180858
169056
202208
216123
152064
145803
184435
175858
198521
194163
96130
125304
222125
244547
181789
209892
173604
195685
146023
151804
213800
173805
173465
239357
179545
247052
142706
182882
178954
216434
179856
182491
177141
198701
203150
120636
180768
181329
193301
173133
171561
199022
174857
210623
192179
178814
242533
158787
159608
180477
162193
193642
210122
309819
182541
178363
151143
200655
176109
242132
189434
125625
199062
181429
184003
167583
166481
173655
164798
194233
160680
177272
179736
192580
189184
180668
169887
196688
168325
170359
270916
181809
121958
156783
165399
170188
174847
202649
169246
180767
144780
160439
105988
200023
225201
223297
198250
193842
198671
232835
186278
164888
146443
113402
175698
226012
193001
173785
152655
192169
174365
179696
155010
209511
183432
225872
173885
199352
154589
191979
168425
167604
168715
172292
175257
173664
108002
168154
197920
182541
179144
198682
140873
187380
167673
208409
158867
213169
200394
192079
160630
191488
168284
194433
155500
179736
164257
173574
170679
181719
174265
154999
163986
189604
194584
208329
214771
172712
174856
188673
165429
226664
180557
161191
187229
168976
197820
183572
177401
196326
187671
185737
151153
174306
211104
228567
173634
120476
170459
141534
151874
119764
217165
160741
179084
197609
184414
160660
165079
136485
158827
145221
226854
230811
186469
163966
167092
178033
132097
182251
160310
186469
185677
141554
183272
192109
202789
138599
135372
181729
145151
171510
139380
126215
185757
205925
175959
218919
227646
174255
205504
190837
196828
165339
177542
216164
138729
189675
136726
218338
181258
182521
144570
234228
196357
134221
182051
177632
183913
126757
200685
209011
174076
248875
163967
166571
202308
219600
221835
203650
136475
145101
174346
272309
166571
176741
199072
140953
178884
168615
140442
141444
194663
177311
302685
192159
175929
167032
168254
88946
191538
179325
209011
199903
172662
166601
214380
181849
171381
207107
305110
195776
192009
164428
202939
155371
184775
269965
173734
200325
161151
160580
170799
159518
139240
190285
188693
194613
126126
208109
198240
181520
248854
143287
221554
146865
172282
178073
186118
190466
249195
177982
241781
194763
175387
156833
206436
238415
296524
208510
249106
169297
187571
226824
207448
173223
175388
174456
163735
193220
179275
190175
219340
171581
184875
209111
200725
128560
188582
146714
194744
263362
153747
173534
163405
227064
183853
192941
169507
186479
193061
176640
192811
169777
160109
325338
173514
190957
159558
229219
179425
176760
200345
190005
245509
156723
192179
175948
175558
191458
178203
168495
201186
215603
190646
177662
114384
190686
146093
206396
214411
174926
155841
233245
185166
198982
178153
181068
176910
191077
158866
189233
161592
194043
129572
191628
144961
166351
229018
176249
231813
152154
181479
182992
258734
134972
168044
218559
184375
144129
176230
148007
183893
171741
233677
224509
184585
198481
220793
195916
223427
129081
183383
165950
188653
230260
228466
184144
173754
175007
175658
177522
211365
188352
90800
168916
206256
159538
209551
191628
83826
176920
217967
131275
139090
186759
121297
173995
145211
185426
142867
261729
76172
228828
195586
206916
194484
146964
210102
229027
186608
138048
145101
209511
146564
128641
173574
161722
233256
252962
189103
199373
181289
117519
156312
164247
191458
241220
133349
169838
77525
195525
191107
236031
140373
96620
166541
176890
201928
161241
192911
128890
218778
221143
194394
174086
146964
182861
116307
292506
154158
162674
172692
158667
301153
197169
213429
175618
109505
171630
172001
197899
194113
142346
179745
187811
211154
147676
155591
190176
224400
197389
167423
215673
225592
198120
168074
149480
151784
198571
173314
170759
225001
188141
154398
195305
136996
89738
185406
180898
210083
175909
187580
192289
130715
209932
167202
191257
183693
184856
151533
176950
188131
170699
150661
191979
179145
239097
184605
160139
174295
297917
215353
203991
147736
157364
184395
247843
197248
170859
202077
138108
192610
134171
196938
167553
130063
127267
176499
198661
190406
124042
147746
202177
132528
168525
204072
178503
192189
171750
177932
124743
175458
224359
160259
128079
180267
154790
192269
178925
88535
150170
162453
170188
168595
182511
173354
173975
146464
189985
200244
140943
191458
165239
238766
153507
163576
127288
178534
180648
181700
178173
213549
142236
171380
156382
151072
173144
191898
188292
127177
168875
165239
196387
243134
129752
141334
195796
176169
258773
219690
206496
128410
273361
207438
200064
162423
147075
138118
168314
157834
236893
196006
199513
216625
213048
183463
192811
165429
192770
209070
135914
205534
195856
230420
200525
152825
190425
192891
267159
168825
119363
140262
249416
237053
162754
188572
136364
132056
176300
183783
158876
132157
212988
144991
173394
123000
186738
207387
183453
110146
178704
94447
212808
175408
175147
184224
131004
177792
187580
159218
156813
195185
137577
157504
112269
169687
137337
192580
177021
206225
149008
164137
172332
142406
137296
152114
182782
150130
182291
90489
212757
246370
168345
198350
206496
132267
213219
146053
172141
190406
124482
184746
169627
176730
130173
188693
171871
168435
120285
193502
169307
190175
189675
191678
185307
160209
186849
97583
197880
158145
195626
180918
186739
151974
185015
170258
159398
166200
169196
173614
189374
184244
195485
136155
162163
203771
171580
139982
159127
157354
255518
166140
221393
165249
164728
189915
163435
177492
190045
169577
165319
177021
183442
235120
257481
224350
184345
190216
200144
191348
216525
170739
202789
172072
220091
170368
169537
169507
206486
193451
225702
194013
172803
172131
200034
129242
183413
190055
165679
160891
141695
166120
136385
173093
187611
172813
162543
216995
217977
236272
148487
190436
124253
167954
239668
200795
216013
171861
214531
177832
193391
168795
158286
175457
176691
287537
184775
161712
120716
134522
202929
168816
153407
223838
214461
176630
196728
148397
199162
179495
166922
179285
170669
153887
160549
175908
239707
196156
276737
180588
174416
179144
137977
148127
127338
151143
126597
183953
196386
222957
183653
210183
126005
193241
172733
172152
188903
123260
178203
195245
174146
194934
173885
183704
172051
215243
160359
184375
150571
153337
213408
181569
126597
200775
220993
168115
171420
164157
184925
191097
168264
123431
219010
173855
238396
200955
194193
174446
157425
183122
162714
163285
194473
211866
125564
269674
124953
177120
216885
172222
226182
198170
185246
254876
171420
211655
176520
156031
176861
203941
173795
179235
195124
176811
190376
183613
230741
195886
131446
169547
254114
173344
125274
175849
196607
213619
155059
181259
142556
195244
270386
119403
198671
175959
189324
213499
174166
182591
147786
236341
179345
189083
190136
151834
249636
183603
194804
166321
183983
183683
181539
186989
169086
187651
178433
184314
172142
173604
175017
215082
170679
168484
192851
170088
119072
175467
183142
193461
181519
168845
122489
173114
166130
166310
167994
178914
196948
153868
143108
187992
208810
174907
205524
97733
204262
231462
148418
184245
160590
163305
194173
196447
146854
271057
232234
174236
173314
149198
155150
177271
189254
239798
232144
217837
194222
126075
165589
177581
224420
187681
159738
188833
193792
245078
232995
200795
191057
167373
200084
160991
154759
182321
248264
169447
170138
136375
163165
179245
158076
213249
110747
189854
157424
193171
189494
258393
163475
155139
138199
186859
181008
212968
156693
137647
188852
171160
183713
172703
143858
184234
180647
160520
213820
191458
246741
149479
137537
195425
230110
134892
173895
158136
184705
183693
142516
185587
172512
176600
201216
156412
186508
184945
176680
181910
204071
182652
182431
163786
196828
202058
146844
193852
172753
175538
187079
163957
186719
260216
164106
171230
173234
183372
149018
148187
198571
127198
165650
133990
152605
201767
259305
197328
241311
142135
196818
174646
188432
140272
123671
167523
192941
173584
244176
238856
191958
179926
179295
169777
173584
183543
230170
148728
200164
166711
198912
197419
188442
221454
176500
180828
201387
188222
171360
169897
183723
79980
227815
122910
206206
173014
139901
131075
195035
154669
187049
221303
154559
179846
179666
196376
184234
202949
205714
104195
176820
199824
225842
174937
103513
214250
190687
192841
176990
206125
184234
167794
183333
177762
217386
124122
166031
242373
174326
158295
207077
163495
198681
203771
108763
204832
186488
161772
115916
158086
159007
129091
168845
188563
230220
175789
206065
175447
159208
155721
163565
197679
137166
209752
159368
166982
178202
232655
148477
156082
157634
184755
105096
231603
151553
161131
203911
189945
126236
176319
171140
205955
157684
111398
163355
168365
148978
118391
153046
144771
151834
146854
175838
165339
213379
156493
142225
159999
218338
208970
184254
176179
190756
186970
83065
164717
181279
158827
230580
179605
165119
162925
144270
179706
168585
170088
165720
160670
164467
159718
232665
110487
146073
157344
95409
173574
231683
177351
166941
120435
198040
201677
254495
173845
194945
139220
176079
212026
175138
167392
161782
185607
132237
187500
171761
150632
125224
175779
159939
224229
170278
148437
257952
177682
192620
182110
171370
175468
225371
204311
142666
176500
245278
163926
180988
110616
89748
233906
251610
175628
183713
207899
88876
193382
196357
186809
181489
214230
182561
195375
187260
176971
177141
141926
114434
226713
179615
121767
224299
142617
202619
199162
88826
179786
177312
147836
193732
196357
188723
222646
203260
165660
267429
241201
183142
120245
183874
172653
192459
158997
199262
166341
169026
179435
154639
284251
173584
188763
211405
191819
165980
174145
199253
181088
195114
218789
172853
174416
183563
157464
228436
208019
204432
167503
165709
153537
224950
162093
189835
161030
247622
194724
168295
162583
127247
206766
184885
175077
192119
124453
150621
195305
117630
158486
152525
146092
120536
175658
178985
165529
196668
108323
166712
191447
194594
188061
155751
157183
118131
227986
182801
190776
181669
176540
212287
175808
159638
175849
173855
239878
185206
164287
138248
224369
171180
148307
124693
203120
165769
109394
212297
100187
138459
167884
189615
184665
181619
148507
174336
232664
183383
188272
167904
80771
194343
182100
173054
180197
189193
221274
207487
181920
181499
163315
181038
169296
274402
226193
140212
129001
181929
160280
159559
123080
196948
168094
159739
168384
209731
214361
232495
135142
168625
217236
170719
173404
178865
134040
174927
138990
177652
125475
147335
166772
191408
229368
182962
137717
219369
191357
146163
117169
175377
149229
182070
130053
191658
196527
175157
160540
195876
170378
257641
189674
200375
166962
200755
144130
194293
122038
196948
138428
175438
219330
183292
251750
197358
178614
103864
281296
187962
178734
180227
216895
175318
164607
196708
153176
157103
147365
178804
168956
257922
175017
244908
121117
208640
220402
178474
233015
214291
190025
223187
184054
212247
186078
174496
215061
172984
159328
201737
183874
180006
190305
208439
157114
158356
270806
113031
142517
173554
153707
166431
189333
153998
168645
201257
190326
194323
122880
208760
189323
181730
189333
158125
178193
204462
188542
182051
196487
126476
88836
154419
174797
197649
212046
83146
130163
190576
185096
209492
138419
185437
317724
162514
166952
208149
106259
249186
149389
158736
181068
188071
187270
192509
182731
252081
165129
145061
156783
144731
181930
183503
124863
135753
173865
180588
238636
201577
175789
192500
188101
177472
278831
161562
200174
174306
189264
128560
245428
134692
181119
159898
187009
177341
174586
209261
183823
216625
194543
110366
191438
156492
151854
191999
194894
253243
156212
209551
224800
166662
163726
165369
216284
183372
265145
133249
185587
190366
172302
156773
150040
164708
164457
180237
170940
85059
251740
174265
208610
205824
177692
177392
177492
153637
148037
174856
146143
266358
125704
224329
143438
178443
153276
197900
178003
117529
174616
184385
189454
119774
158496
191277
145031
183152
185246
209391
147496
233326
132167
244126
173825
156222
160339
168876
205544
160720
136445
210103
176069
162073
112961
200605
188001
254926
175638
167192
138168
164147
188232
218789
139892
202739
166321
162855
147506
234769
237103
202398
112750
197799
114093
156161
232244
180037
171991
195074
151202
178453
146924
205224
164087
165619
176139
185346
142747
170919
156503
184214
195174
122940
180768
108954
176820
176520
188673
197679
173013
197680
158315
184575
171861
175759
185306
227014
172692
158747
162153
129412
191368
194784
161461
235710
207017
198971
186018
186218
203991
170057
215893
151784
144390
172462
165098
124944
178574
125905
175738
109034
195666
166421
190636
169587
199983
192360
154558
153287
132547
156693
175508
241431
195275
149750
181429
201777
187490
156963
120205
201656
182140
125916
173745
189855
195045
193832
137627
171360
191468
132458
175337
170499
237043
277138
210433
196757
87524
237624
169336
221324
238736
190275
154859
165549
183322
226834
161471
191187
169116
210163
195956
205865
176289
198260
198431
203881
175378
175658
206837
184094
178313
145733
187951
182611
190757
145602
194935
232133
222626
198832
174456
170048
137207
177832
167432
161071
209030
203520
185717
190275
181539
179676
279171
204112
230280
177622
166872
187861
174556
177702
197389
265697
171150
188602
160821
230611
137397
174897
152275
139100
168775
198882
176630
213348
208480
159478
160660
179566
162233
140102
142456
162093
192821
181049
200454
201587
154629
180347
154458
134201
219590
171060
169707
145211
163996
188272
143418
204912
218278
203430
179155
166351
170018
203640
192860
188011
233887
108052
200605
211605
171250
194924
149830
218197
171340
151213
113522
163044
136345
180597
163255
183333
191167
274683
182842
123851
187140
227896
176069
150952
173865
197429
165188
201857
186549
209401
156332
169476
178594
105517
158075
168986
178945
165730
175999
190005
136595
160671
165940
165118
191077
171150
168705
177973
198340
177972
164116
175648
159047
155340
174396
188361
120545
198902
122339
170037
118021
117880
209071
169967
207147
150401
171981
151944
188903
189554
181379
170469
234378
142556
167142
146985
169396
179566
157254
166761
114674
199693
167402
196297
161602
168485
180688
190456
187019
145923
140824
200484
148999
177381
190606
187089
220452
148126
124632
187140
192961
169707
173805
164798
232094
190777
202979
207718
205474
185587
183303
172863
176370
189353
186238
235009
245970
169968
108613
180798
176279
177772
161231
161020
180768
166982
164888
165589
204642
186529
195525
177411
221935
206746
184825
111798
155821
207988
153177
189294
155941
183693
162594
107170
176840
186498
227465
173003
159067
167863
179786
202930
212868
137276
178152
166120
169717
170348
178012
205574
140773
221283
178403
218889
199563
179565
139972
126897
83937
184975
187230
183943
189404
202138
262090
121417
185677
182852
179154
174666
184334
232424
218027
231643
189304
174887
125184
140823
151673
183132
198862
175417
217626
190486
141925
195145
178413
152795
199382
177572
187510
155891
221985
239297
173785
171360
125694
225902
191178
176149
191177
214942
164577
192009
196668
246501
185086
162243
217437
139140
190697
103734
247683
202819
169988
113482
193672
157023
166291
209451
182040
152545
219240
181480
138068
144760
240159
191087
182781
172472
166512
170629
183413
169296
208429
201977
180497
174556
193582
113522
232915
159027
200915
173854
186699
246771
184064
204873
173695
180818
149229
239528
168776
173103
193221
179736
247833
179896
164818
163425
206005
174416
176921
198491
192139
190926
167202
216775
217406
195775
148968
165790
142196
185266
156693
199333
145542
195395
213729
159217
188873
197148
186419
187821
152955
204482
199212
165149
240931
224159
225801
170078
186368
136305
199443
232885
122950
145001
173534
206396
171731
168154
199422
181950
230581
163485
119252
154468
168324
201035
175377
209973
197569
171280
170940
186489
212828
201647
138368
194894
166401
180067
164747
172953
168605
193241
166652
188683
169707
196637
216034
194243
163816
268281
232395
161812
306553
231002
152705
203079
206406
215172
171711
191207
166972
171250
155430
197509
204772
181790
159809
156853
181199
212988
178534
275195
172222
197990
175417
183222
172783
166130
209431
200605
180688
230902
193401
231763
176741
179465
180657
159929
170018
247362
131967
172633
147326
140472
194394
137447
183924
205934
140703
181980
213128
187410
160179
183963
175908
223548
204903
190325
171681
153837
196287
240199
121437
177422
186969
184324
183954
164136
138940
176830
163335
141595
220953
173494
138979
155320
148999
162133
157574
180508
194904
191999
132938
189193
215412
269533
169807
186057
145832
174136
165469
213549
180778
176670
280183
168956
135553
237463
189003
183543
158786
154829
178383
171901
176049
207067
185627
150882
205063
167082
180678
161852
169897
188332
194334
188502
180076
169035
232574
161802
233396
109635
135523
113862
168004
175208
209852
179846
205564
150271
179876
139631
168705
171050
228326
187250
187771
129952
155901
197549
181890
175818
159428
164217
190546
204692
217527
173835
169867
183623
158396
227635
219640
173394
171551
210664
173143
165910
185417
194624
161902
185316
183704
204231
208270
174406
171581
131766
129081
204623
168985
142386
125244
206245
186158
215132
196938
176670
196658
196868
190156
367917
165339
162193
206807
159168
193722
218358
178544
184334
181008
166791
167452
194664
195065
183052
281075
210403
166942
154358
186479
193041
174757
185396
172983
161472
155129
205313
182511
282808
185537
192640
204051
183383
213639
203440
201316
211565
192169
191447
202789
171530
116387
197619
195275
196818
250258
183423
146103
120145
117940
198230
175718
168044
198171
207598
215122
193491
149810
227375
143959
167754
163446
166120
185687
171851
157404
206365
159488
182841
178233
176660
108182
156022
148778
208750
166001
190316
182641
169086
186498
167503
168244
212838
188913
279092
173594
180547
201917
166061
199152
172723
174416
189745
178684
213940
241832
165660
144410
157284
173173
170308
157263
158426
161321
162373
168455
183192
174366
218839
189734
174035
169417
168575
158687
170940
146674
155741
169918
171239
95168
205073
237153
178915
187320
190657
160760
119453
168234
189654
170518
156612
232314
171350
113242
154880
157855
242203
168445
198891
179225
196246
149469
120425
188252
151683
185477
191899
218107
244216
220151
181660
194253
238897
184084
160821
199573
167162
233246
152034
168976
147266
163245
132938
172201
166541
119844
179826
174466
192189
175639
156522
224349
161020
193863
265596
233185
183323
229789
170439
149770
199163
191428
174937
193833
174766
119803
199142
191508
189474
184665
166201
166291
203460
206506
166762
204371
216274
188272
210173
189774
192280
145833
138589
201477
188713
201647
159037
149289
180407
254104
161873
152665
171310
188953
190356
244778
185457
196247
161892
155972
173073
191588
195135
221684
172953
149720
132849
138869
188242
247402
193752
236963
158747
247843
206787
178504
149329
168945
178583
159097
221624
117038
188543
147345
206986
231322
186949
172562
186689
185236
232575
187269
197068
182721
195396
212728
178634
170669
159197
175558
216014
186027
167954
169286
181679
194935
166692
156523
183172
176109
191498
96921
165890
161312
154679
153336
178143
146464
193491
143478
167824
133069
163605
172813
172412
177221
165680
156723
152375
94927
243786
198090
175468
174356
126958
168745
202649
188252
164337
182041
168866
198331
169738
189584
189364
178383
192430
172943
156603
149499
182751
229469
168775
206586
186378
268832
192710
181219
191798
144089
208409
178864
180647
141645
176249
175548
212477
166651
156092
174135
196257
205013
166110
183283
165339
184745
191277
192199
150912
183122
208339
128760
181049
193221
220472
176720
271858
198171
142457
157875
244767
155020
165329
137647
150121
183703
187159
166040
174035
208549
179626
203420
190476
186278
219380
184975
214410
298368
171711
187280
166962
103082
176650
140362
168285
191427
175308
190787
245429
191628
85140
173124
196207
293869
182491
190516
157625
173855
186628
191317
200454
178303
248163
239477
152525
188963
170348
157505
158756
212467
136385
178523
191368
151644
89848
166571
181258
219360
116999
137527
206987
187961
185917
189104
185337
178924
169347
163816
253644
194383
159689
175208
212627
175629
160931
175719
204843
149399
229640
171290
155881
151764
177903
231763
204312
210233
185697
145642
134090
158987
190345
187791
210443
154017
164998
179085
171922
168996
148948
117470
158206
184044
114444
192750
179275
168134
200064
100838
165950
228748
163034
134432
170959
162243
255196
178283
194584
170038
203220
132627
162895
128360
173915
200244
242533
158185
153567
207739
124613
170088
110797
134381
145743
157655
203300
163946
190616
166872
233897
197148
192339
225902
190346
165680
149530
105728
197639
156082
180597
158095
215533
225621
126206
182741
162514
176389
176931
184144
173604
169707
169687
176359
192430
161141
164908
161211
110817
136905
189624
193402
208730
177251
150090
174696
153828
201376
168655
245118
169948
114274
158977
205954
154549
163566
174876
244126
99155
213890
163766
152354
229829
187701
201477
182611
184144
183643
167703
166431
171490
137387
158296
178704
156633
164427
167723
173143
153076
187140
153487
195455
161832
149950
177141
172973
220342
179936
193401
173143
187611
128700
169376
138219
179295
240288
213158
219701
158076
182070
193701
185637
190716
176009
230982
174426
124452
153026
202409
209902
165790
196277
168935
165770
138088
166592
179936
195265
181309
194143
172582
224169
193521
162954
157043
164267
185136
200665
196326
180979
159007
159828
97553
118081
167112
214311
145883
171881
170599
161672
186038
177712
208630
161702
167603
144961
197098
173094
223167
180497
173614
194193
199022
180097
254475
183343
146514
144921
166681
216976
190596
279712
129022
208599
135804
187160
171230
140172
201467
174356
162173
166652
177181
220642
174746
191447
189204
128379
113101
255558
232945
218128
148958
192730
114343
148527
175408
173564
208570
183874
153376
141485
170509
191819
249225
154408
199853
183021
113803
187170
115175
163305
120845
182972
201737
157034
213579
161282
195926
122519
165559
176550
198030
182241
169065
124613
160109
132137
126206
162273
170148
196697
145121
164708
181298
173364
184555
125264
204753
182350
207518
208319
88445
113121
156632
172662
167643
260516
197018
152695
163576
152334
203621
137116
180597
120566
178523
123711
132698
165579
155581
182000
206846
229318
181859
169056
173975
137186
170809
123230
203661
132327
183704
140132
160210
169226
176660
179145
164758
174676
170830
193712
169988
183603
209081
170809
176750
179656
158807
174496
154669
172562
223959
164548
184656
161422
174696
196277
134421
153637
213029
170459
163366
220803
169267
158045
226353
179826
252331
143518
180096
202859
147005
187119
116518
148477
193241
209732
190306
171921
185787
230461
135784
170809
155982
193662
178383
164427
117580
151352
153417
141845
175117
243205
207608
188051
140433
150190
219811
192369
167614
169126
192290
157635
243495
155280
209101
154178
165910
199944
145231
172773
162855
175268
181789
156111
196708
193602
206045
188542
174746
135734
179886
164758
176720
150522
116347
184765
229509
165329
124212
218759
212737
157724
166551
142767
203680
270004
194123
208179
194353
173715
158987
154799
162383
167453
260216
161561
235430
304689
210222
156914
132788
198862
234307
159148
199262
175968
212287
212507
194564
232995
193742
137688
256669
157074
191899
224430
161813
153657
184204
182260
173544
184234
229449
158486
197429
169487
185707
211475
140392
196196
194914
161902
189895
144409
199853
198170
168295
177763
192560
176911
240119
186298
214771
164197
196487
141495
181409
190035
203841
173634
187010
172082
147565
197810
178143
173965
157484
186699
188552
152896
233276
190587
158807
124583
150471
191538
148527
172352
181659
179234
194683
174155
168314
131125
197118
195516
159208
166261
210653
114374
177502
184514
185567
166712
184014
171661
237493
127979
166150
191889
136055
172873
145201
164838
184284
128800
181760
171229
175878
182161
194313
179435
282818
226623
184545
203009
193651
173635
194453
156031
207047
170849
209903
153196
148768
173114
198261
205995
187581
115296
168725
124533
184043
148748
151944
116848
104846
180357
188321
196116
155190
172482
204201
183262
237935
215402
173033
174215
181268
192530
192570
185767
250759
179395
197239
185607
191288
178623
199072
140733
182751
185858
193201
181359
191859
172232
188001
164748
110998
198240
207508
132979
179676
176490
168275
203160
178754
192329
183563
254786
144469
228657
164758
195194
181138
188953
124583
163716
234688
255047
176690
198831
151894
122509
242724
202699
216214
156792
201046
205915
117329
171120
192419
208900
188021
194263
271878
208971
174957
172983
181078
173985
199202
176991
181559
148397
184956
169137
184054
172732
171541
170188
188331
197619
189634
190125
167643
204572
205925
151453
167262
163917
265466
168555
194003
181970
191368
160870
174195
181219
166651
188482
172182
115977
114494
190897
168054
185576
194293
144620
175207
202849
158867
146364
163285
157404
163065
182221
142336
177211
165770
139541
181760
159578
205534
186399
206166
156382
157975
176991
199332
168034
168504
156262
162884
159347
139400
176239
178554
171400
150351
189965
125965
170528
177572
226884
184846
179846
214642
174135
171560
181559
178323
157163
165870
149028
167863
156613
175848
114163
161592
157674
191518
194434
190316
171341
172723
110626
165930
145652
158616
133399
152325
157785
240539
176379
135583
217887
147206
181099
171440
187220
172442
164387
145992
184275
127078
139671
168374
84668
172662
216695
198831
204702
192240
201607
200815
176360
130253
168565
148748
192400
175077
235640
189514
192009
166321
179625
197779
136685
163445
155711
144730
168735
187560
179606
157314
188722
185506
168054
157445
213178
170729
190927
194664
147435
169647
174186
178674
172552
214250
151954
156803
215953
165930
203921
182411
157053
150391
208209
192550
184314
199923
186388
148919
132597
195896
151463
166652
165499
147306
191968
168585
200334
176340
174737
189314
184835
183894
172593
103543
164377
185978
89136
178884
205644
120034
209382
142616
178714
213589
233787
195225
167934
193221
184625
243495
211165
223518
182632
144851
171681
151523
160049
186097
168294
127849
233787
181459
186479
161932
187591
151964
157003
194152
188813
219801
204883
197148
169116
150010
196728
183002
197850
159347
297045
191588
141454
178974
241031
176019
203921
210944
238586
184925
180567
191097
226423
162143
156513
135122
210423
200374
143448
206336
119834
173925
170148
174046
178092
141795
209822
207778
204482
190455
184304
151974
230691
186359
151303
175989
220452
174456
188583
207348
206136
195225
194824
200745
162764
183493
165038
118812
193221
212978
162434
250789
223678
172943
151503
233857
145562
197800
166822
176199
153848
142907
167754
168105
154369
159829
190015
179646
182170
166401
183313
200535
240730
194343
163716
157364
144149
201356
149218
247252
190867
173284
179746
203259
224279
162003
181289
145602
220121
122409
167894
153477
122970
170208
166962
168475
117058
199122
191808
175077
180968
180457
189955
133069
142105
225101
191047
171641
156312
158326
174747
231954
140052
167774
229959
140192
230320
184756
209021
162984
217176
165149
185667
113713
169497
175057
92383
190215
212147
164628
136535
212788
272199
192890
219420
122028
176259
126406
173193
144871
213649
133770
185848
122989
140983
110947
190606
85360
154770
90058
154769
107652
122178
168595
112030
167463
197099
137668
250629
167132
173434
181199
125785
159939
171530
123691
184494
175658
117149
185486
159147
185437
122078
170449
256590
125875
180016
102401
136114
131535
199573
139240
160770
117389
200775
124743
164247
110697
242223
125384
144059
125945
206415
124022
171821
125936
184746
217938
116147
176831
90860
195766
118932
158897
174105
89818
166371
191127
115545
133299
116638
202769
145301
178754
89037
238536
157334
152014
161682
101078
211465
103533
126186
83055
164687
107862
154378
193462
138018
199253
159688
182180
266748
144009
145472
178183
98414
196427
114294
163285
110867
205073
145312
105097
176600
274453
105748
173895
147265
143067
139591
179466
121617
149880
114584
154409
150571
244466
159017
218859
162454
169587
178003
196166
123911
181429
197939
188562
155581
175357
132397
71042
197590
109605
128560
116047
181109
110206
172662
113452
158436
78677
170248
97803
166982
124753
228678
100408
163496
94517
153887
106519
139681
94938
199513
145451
94106
146654
112150
140012
111668
158857
115165
142125
123781
185657
99867
148047
108793
182331
110386
169818
192219
110427
220371
110246
162173
97483
163415
181679
177211
159588
101680
136034
125204
171982
164257
83617
177611
110837
182731
97983
179255
129762
114644
97943
175929
98614
171581
101650
89377
150541
133670
169337
159478
115065
181269
188843
150922
176460
150361
135553
175297
123281
180337
148939
144040
150471
192700
194333
186789
177692
172502
145552
128230
178443
173545
165750
157765
129983
149469
152966
152305
161001
138269
144470
143718
94927
148387
197429
194754
139921
187741
137127
148177
115966
163626
106579
163515
156652
147706
113813
161662
155420
175478
109314
102842
128891
137968
131475
99266
123981
142637
142336
180026
82634
110196
135583
134892
62016
140222
97161
169707
85960
130714
115936
172262
95990
117800
127268
204613
105847
161833
127969
206396
94807
168715
72155
150311
112220
189545
128800
150601
102962
178593
212427
119583
155831
147295
132948
131315
182521
153687
159549
126797
160189
203400
161952
179876
139952
161081
93535
155641
169717
125344
145592
173123
161562
225441
150812
128089
178844
156803
204722
155580
133209
173684
138409
196267
113181
189664
173394
172372
162404
121727
161802
164147
160400
216845
198631
143088
147566
156452
162113
149820
129852
203210
174005
161702
116077
154989
150160
124182
103493
171170
116468
200735
173334
97402
166752
161071
176079
171731
144530
152104
173474
190015
212267
154519
122439
138438
162734
151283
129753
133570
153617
160550
184875
159799
164056
162434
131165
148558
158056
148988
148718
164066
91451
159388
129282
168815
76483
167543
181259
182601
150050
149769
149329
198090
160710
158647
182261
142817
143438
156151
213790
135273
188432
149981
150391
145072
115496
182390
136345
165610
235380
94757
146353
173514
161391
198300
161933
163204
232284
177612
149239
173484
121377
141193
152134
156332
174386
117560
151413
141574
163525
201837
192550
177572
154980
190096
168044
181439
166441
149018
157865
186679
130925
164568
163595
108983
147014
120225
113041
152616
158486
131506
102151
210523
192710
179776
149509
153837
172533
178905
163526
154258
155360
198791
145242
163856
140553
124142
138439
134742
190707
139701
100679
116177
154649
82444
153917
235180
156322
124212
183844
182591
139220
221484
132547
113933
199864
215633
170499
136285
154799
199693
152384
200535
165750
170519
162755
152635
142265
163105
152636
142366
130935
180868
144410
131486
188222
208189
159258
161361
150942
144510
174897
185657
142726
225281
133189
180007
135603
179746
250939
142506
156643
185858
184365
145301
128550
152435
183683
138508
175127
165630
162343
168044
160199
152625
171982
154288
176680
172473
194613
150772
154288
177602
148638
168826
194413
116558
132538
116417
154669
150411
165479
104606
128430
165288
140793
152185
154729
161461
192480
168725
203069
171010
117820
190827
147265
180547
177341
181980
167684
137396
168585
166862
199683
178103
161752
218879
151513
169867
217857
132458
149650
128620
177742
153637
147366
175408
195204
188722
165950
95048
160600
158195
164647
180266
167753
199613
135904
202729
168495
152996
159407
249777
119654
192048
166502
134311
152966
173785
106900
132908
152875
168014
137527
201607
159578
167082
153257
158547
175278
158907
223467
167052
169526
135252
104064
158827
195705
171751
152024
170549
174486
134491
155200
184675
131847
150461
146915
183673
169547
155350
153406
169627
229128
134451
149559
161021
115335
138840
185186
166781
139230
166341
140442
132468
173945
152185
146724
153146
152375
209882
179475
151623
174726
100307
116147
146353
154779
112481
141855
149509
142576
184134
134561
182471
117790
156583
90389
114915
108362
171470
154849
126116
219080
198130
91481
203601
174045
144921
210773
174606
119764
227475
123972
182812
160239
140833
179545
153086
215523
130434
143318
139210
91621
167012
102551
122990
131696
148598
124693
198090
162384
214862
157013
151012
123230
128730
156112
112931
174837
124263
175678
159418
178152
168665
152344
137106
132197
140322
74039
112179
123290
119373
103403
105747
133640
164226
204001
156944
134752
79669
214331
126887
142837
137527
139280
123631
146513
103884
134501
138940
134101
163876
101670
121948
168846
157505
150261
235861
118452
113392
152074
172482
171310
150020
115115
196077
161412
135593
178323
159789
146714
99226
181199
154749
132288
105287
108002
129552
138670
166932
163986
160800
148647
106749
134571
141314
226864
100438
132197
135493
137446
117069
165269
119092
164727
188652
135423
174416
116829
155471
169677
109785
160169
119443
182160
179285
139811
233897
176199
144920
154458
173454
116488
160039
149570
158677
133098
129351
115996
185256
107181
153426
118091
118381
179185
168885
166892
137166
134922
138579
141765
164788
174345
118110
166151
158596
133339
101269
91481
125955
137046
85590
167472
82595
75240
75571
120064
67907
147947
93175
106900
98815
150932
103844
161602
111749
136154
97652
130233
97983
141364
107221
137346
107100
196087
81572
154499
62897
134000
100908
134761
138529
167994
98394
123661
85620
199312
118531
87003
101219
176410
89538
147896
120304
228507
82614
145942
94947
167032
110566
137758
110647
153076
82584
122730
98605
158446
129582
151714
85269
145482
118982
119704
86171
175027
132698
164528
93786
127508
129292
132768
127578
100768
122509
80010
114103
111929
150210
61324
146544
101700
142867
115897
170268
113201
120645
113833
135764
103233
141264
90288
127097
89177
129302
103493
81372
137006
91772
119133
95068
122348
50985
106859
136054
122429
112761
143227
88746
180087
143177
109234
109735
133690
114204
126747
161702
162234
112360
91661
147175
139561
91952
181970
83657
151192
102932
212597
97342
123120
110166
151263
132237
73357
191698
117630
138759
98665
126466
86772
149670
99225
141945
90659
128199
109064
160319
80941
137206
121778
96921
121026
169868
48921
146624
115065
184134
105417
140653
109134
131466
132448
137307
108112
154509
92122
140984
105607
142426
99887
203640
84729
140653
56075
149600
121667
124583
101670
216966
171320
124362
127398
117480
90169
156042
96390
153647
91130
175358
139070
123941
124462
122850
140302
85700
134090
95048
181689
82835
135393
103744
124573
100057
142115
103644
170047
109184
143468
99887
139110
112390
120164
104545
145843
98314
134612
112480
181078
161191
103734
182411
164788
211775
119473
157384
194353
154329
121206
116287
125395
170418
167704
155771
121767
128179
110897
155441
128229
145191
153406
167674
184565
147546
130924
135814
147886
110446
178414
148207
167323
209351
137166
149880
154348
188783
155120
176570
132327
227245
110937
146203
165209
93986
198592
190295
139530
102452
137196
150562
185547
132898
139400
161391
103623
134682
176059
196187
143748
165058
151523
140953
110246
113462
166551
192880
132107
154679
154619
124913
164557
179466
155330
168995
189554
156883
152825
156382
98975
171020
147806
165108
173594
203500
162294
105437
168545
159538
183683
169036
147496
192790
155020
175378
120074
157835
157174
167473
193402
118552
181719
161953
165550
181890
145011
162033
183934
168295
196387
193040
181269
157103
173584
167643
164377
218037
155441
226323
158026
165930
152876
191838
169316
115455
150090
180928
166131
115306
193622
141594
248064
176069
185808
171210
133329
163065
174676
163275
119013
145942
141484
257040
183513
155861
162022
134762
170859
131005
115526
239818
159518
189574
186018
146695
132177
225792
164157
159117
142737
148037
145302
174095
180488
155881
161121
151933
103263
215052
197690
161952
114504
151142
159017
130003
145312
166561
171610
153737
127950
181900
99025
117649
137658
173525
159939
113351
141054
172833
137537
123370
181990
131766
148738
155701
141154
172211
151734
199252
151223
164057
102241
184054
145502
143288
132398
137898
163956
189194
192500
141845
148607
146985
203991
137507
157875
110787
99656
135883
141885
159979
99216
148668
172923
150632
165018
133118
153988
160270
167533
157033
124062
84367
118351
158486
170077
128771
161582
133129
155260
121557
134922
151162
180797
154890
126306
178814
173144
131005
175769
121957
79619
152596
121827
137597
106669
98514
154569
213259
88075
116097
114974
159909
159117
138619
160309
121006
152064
167423
121397
138860
153667
155601
177862
183203
132588
155029
153166
176730
163405
161582
163195
178283
172101
170338
158166
211565
207528
146203
178344
123471
111879
151693
190957
125114
135182
186999
122528
168966
129553
123100
153016
120866
178674
138810
197879
114494
157324
198661
131916
208680
179305
133910
137407
164437
200124
120515
195725
109715
178374
179465
140843
162103
143768
134852
146955
165199
126496
122318
158717
129832
142196
143659
120745
176359
137276
148528
109955
147616
166601
123140
146253
158306
154168
202228
153316
172733
123531
164588
191948
184184
212858
149400
157515
155571
173514
93715
216644
178133
133460
140302
193923
167222
212818
152685
188082
177020
161512
139300
189875
183483
116107
165549
172042
171340
101109
166972
207668
161672
119894
143949
143698
102321
112911
131827
146484
139461
153236
149259
148507
169587
95789
142285
149069
116167
144500
162784
159749
201166
159027
103483
137537
118061
136474
217596
156352
157775
187411
141394
151474
148628
145773
123421
239037
151343
160170
160901
135403
155381
166471
146434
122418
138188
179846
187050
146964
160941
141063
164116
170057
211174
191818
164177
104475
114904
146164
152354
156362
195616
149870
170538
209451
84508
187199
179455
191858
135864
137687
80070
123531
179636
168445
145141
147326
192300
138078
147726
133560
99135
104916
117019
148628
139160
173474
154820
153567
194794
94065
145812
134512
146894
113942
153767
153197
178633
112651
156091
116427
157845
186338
176389
122038
160610
152535
132217
146734
115656
154478
168415
152224
103463
180677
125936
135954
135704
152054
173905
122609
196657
142917
128250
91691
188472
182160
215212
142897
152936
140913
126536
139580
111418
192860
170569
142075
113542
194092
160009
170108
129642
125063
133680
138249
118442
150481
162284
176740
152916
149289
134471
160129
161511
98263
153336
134371
169507
157074
78887
157164
182521
121648
155460
156592
147816
233587
132648
105677
139591
132959
181609
219200
184405
155831
155410
154960
135824
134100
155511
135343
156893
127197
167934
201116
140803
125615
96551
110056
167973
88586
168985
146444
160690
136896
187501
89738
154659
178423
193922
171630
186288
108763
153878
145833
142406
186999
147926
173885
124092
138118
108433
140944
165268
166861
101560
94316
91321
176810
135964
128700
136375
186379
150241
173614
130864
165980
111368
231102
131326
162654
139170
127027
137236
148337
143979
169607
113562
133279
172723
156452
114333
196587
150191
160831
128059
164858
117529
201416
177682
169988
197239
148828
179967
111218
170188
151132
167694
150692
106629
179666
102481
94276
142035
124282
131536
191608
195595
112731
150912
145893
169146
105727
155521
149008
142806
150431
158336
106078
109775
181589
104516
207839
166992
136735
134962
182521
131386
177361
210493
149580
154489
154549
153126
141114
134711
145572
159909
130975
139421
131606
146925
103704
157815
200304
164047
173714
148628
179075
135594
165058
78617
129542
134601
120115
230410
134632
124102
168475
141234
146294
159889
176510
169767
111248
174857
128630
135734
158897
183623
224539
141013
157464
123230
161131
100688
146774
184615
187861
143859
208379
186619
206315
200685
155921
174315
118792
165950
91221
140663
157594
180898
165369
100387
163205
159909
112460
172783
97843
173985
153657
66875
160700
117118
183803
259656
156202
230901
154179
171350
159178
190376
124002
180107
102251
189825
119613
148448
91121
184444
82985
156423
113252
152936
121206
134802
122599
158466
94556
197228
131906
138238
99395
159127
93925
152084
92513
141213
101830
167763
94597
150240
93325
135673
93364
148738
104686
154779
67927
144149
99285
119102
139000
163906
70211
148397
99566
228016
102101
189624
96631
135122
112640
202659
113683
152395
101760
181309
107601
155240
109765
186168
84077
86943
123601
179606
95689
102161
99827
156382
99496
202138
145702
150150
165048
119854
151984
169527
230701
132818
169737
154979
185857
162494
216635
177632
116849
176961
134121
144911
122820
135714
190847
117589
136896
157895
236623
120745
158787
201547
132447
188823
136705
157374
178613
211124
108001
176369
120916
200033
137446
174746
175067
137718
168214
185557
93345
179485
166401
192520
168685
146704
177211
158777
129943
166271
144981
171621
170920
188693
106409
166100
156082
197148
154569
159989
133729
151163
195986
106680
96510
148287
163255
146584
162052
178093
114073
157054
157534
155119
148868
151524
151223
156973
135323
138319
148077
170648
144079
111148
126566
171901
138118
140552
130193
144781
142948
220713
145171
140272
168916
164958
95609
181329
102692
167423
166732
139671
190026
125685
152675
129372
102141
140914
182701
106219
152725
125404
165168
127748
149088
157364
133410
156513
131606
123341
172452
135975
154178
181649
107280
96470
154319
140753
195615
131696
136616
136746
176380
99065
191858
130533
148578
161151
136706
115296
165830
163185
127127
94717
165790
216434
168195
135423
178774
178363
189363
202809
159899
164678
213679
172412
151463
139661
142056
179305
159097
178935
108723
141284
186850
139781
159218
145001
175498
172552
153356
163045
170819
198360
173915
149439
137657
216053
173384
159388
128991
168044
184605
161682
105587
134942
131666
126637
204001
148197
142146
151323
236883
154048
178043
116197
172462
147225
171380
201927
115546
155761
114605
172172
166581
229209
147746
154348
159938
163566
134963
91501
181689
159448
133629
159979
150030
125414
133409
140733
116929
178824
162313
90469
166441
158096
135473
144259
166030
145902
172472
163465
126968
146453
163285
136325
154188
182842
124012
164498
214361
140994
92513
172001
176179
173455
166060
135824
118111
160380
144129
128911
152044
154709
111298
173815
108683
129141
149119
170970
134201
152124
144420
143137
134621
189855
159498
137046
143418
143829
130814
135854
133279
134611
205754
159458
86772
158536
149900
121276
170459
134501
106950
140873
145401
130174
145162
139541
142847
147266
120325
141815
133249
171410
189815
181349
170228
177832
138128
179706
209751
180337
144309
133179
94937
144590
137717
126787
140072
145572
151874
227525
197660
154369
147696
173875
108673
157394
154098
171130
139330
127899
201627
132828
145943
154339
145071
141945
167002
139581
114825
209662
148167
145452
145312
141775
136315
168034
243094
131266
150782
155961
168255
153367
143298
148558
174786
172433
137677
139691
167382
132648
120205
145622
177733
168905
138358
154789
151683
176459
154258
139741
142767
181680
145161
143578
148186
146944
152706
112230
116347
160079
155500
178634
157814
196337
157835
100548
134081
145321
153376
165278
139952
180708
137978
167022
107401
149650
170549
121487
95438
160951
159488
178533
145643
162243
196478
131215
146775
161141
181800
150231
154969
144840
144339
192970
125064
143217
155631
177301
216485
154910
137066
145091
138689
145341
173414
197770
163395
166160
159949
125224
144079
166371
203130
155500
160500
190236
159448
112400
149970
171711
190596
139641
159198
150351
140903
94646
137547
161952
155541
144410
154038
149349
172913
153928
127008
154218
100437
136796
160630
155571
106028
128240
189935
192981
191237
160630
192870
109826
212507
163676
181739
169326
222536
184445
167232
141895
163856
131896
177983
140823
171430
172131
158346
180527
170989
154538
154288
129933
156763
202298
134141
141064
154288
172682
179636
152185
250428
172503
138769
211695
141855
173594
172582
131556
192781
152104
109084
141375
147525
136545
166371
151753
137457
153577
137988
191187
152996
160871
181359
154268
144791
143618
135674
143809
172903
167984
185126
168945
172873
188202
144610
163946
135393
170920
158556
182511
154188
189284
159538
135714
169887
148738
175327
162795
156222
131335
114624
120575
151403
144420
150892
119222
134532
132538
147556
98424
141555
172583
103594
120746
157745
149619
157454
150371
208269
102833
127167
161933
185526
111758
144820
147005
155832
189854
137096
122890
132258
132357
139020
165349
170699
141284
141725
180106
160290
126587
128279
133820
109896
134932
150751
135273
146134
134882
134802
140292
147486
152435
147506
152285
140482
152085
147847
149941
184084
120696
143528
169417
113232
118150
154268
156533
147195
168494
127989
170138
155029
112200
148918
154629
148237
179986
151974
165499
123290
127999
162714
160891
108673
161913
165449
103493
148578
138639
148538
137858
150712
174476
186268
113131
151363
165629
132537
152815
165239
139240
158096
165660
144880
174717
163886
152665
123270
150341
109895
197560
158666
152885
143308
147937
147876
135343
196187
139741
191167
150742
101780
160160
168354
164347
131526
168545
131115
202278
183403
135363
190927
205645
134892
167623
148237
130494
142587
189393
121978
133940
165930
180838
125365
162083
164347
151974
134020
164658
157885
136856
197980
132197
195094
189033
172252
144189
212488
146113
155581
134962
155240
137978
99345
165319
163455
169206
158776
180567
152475
147626
125034
164307
150892
111849
151683
144900
156382
141304
143669
128400
184605
143227
156442
110587
119514
154188
143658
212167
178503
134061
126877
185527
156783
147155
181329
148668
162554
165610
176109
129252
128721
131947
146424
143849
126567
159869
168275
143197
125785
173474
138098
152545
149058
175017
122288
155220
140773
144690
186959
164527
113331
135042
162904
80551
127038
134311
131997
132848
104625
166380
148918
93275
151683
145011
118281
174536
123881
139300
135183
131226
91020
157153
146323
145262
136635
177612
127628
145231
180187
128450
132758
108052
152755
179174
145121
147124
159618
133239
194444
147075
105137
123250
157114
103643
157875
144240
125524
126887
186960
85840
141554
147936
179375
145201
174186
135032
132958
125625
143348
155120
141314
137146
137106
174166
182511
132067
149059
125655
185467
149920
167493
123721
131215
138208
128270
160219
149259
127448
205594
95438
177011
185747
155581
105938
161532
123380
197610
164597
204151
140092
142707
144510
160460
146304
128760
156212
189323
187381
147656
151052
149780
134501
144009
182551
157374
169948
128300
204672
104184
109785
87203
86211
84508
88576
86541
76303
87683
102392
111668
118271
88045
80972
81052
93455
88465
100938
104706
81102
85340
105076
99716
79028
97041
110556
100648
87473
96671
94487
88345
122338
100097
93214
92613
90880
79759
86902
119764
85990
91631
122619
115346
110747
104305
88035
98304
110807
101179
63939
70712
89778
83265
99946
84278
91160
87072
92272
88425
82995
92704
1863321
92944
82804
121487
86551
88486
85330
93064
88054
88615
68178
71383
90279
89648
100337
93855
105066
87073
81292
92022
86441
85369
87534
92423
88886
106368
88776
78788
106479
93846
80380
89918
116648
90840
90940
127388
81413
81572
77786
118191
109775
83727
92523
104044
110156
98985
94627
100347
102491
85700
84057
114595
61395
74870
103113
94476
107641
80070
99847
81483
80590
98834
85820
88986
83556
95248
87393
93274
85940
78807
107110
89247
107871
66154
84077
114303
86131
85500
100828
93855
103383
75702
92313
89197
112931
92873
63899
65453
86121
116738
88916
81262
86001
103444
80440
83836
94757
83406
81632
121307
101369
83216
108924
96060
90529
96360
90900
113903
66985
96360
86612
136335
93004
69400
103684
95268
87052
82945
92653
101640
78526
78708
121136
91511
102010
102121
100317
111789
81001
111157
88044
111559
92133
88125
111829
85008
81131
96631
92934
91661
96360
85189
91010
101590
93595
109434
91681
115927
91110
92202
80430
89427
99737
84277
99716
86191
89387
87043
91030
83797
85790
62737
90700
87684
119654
147055
86171
82965
124803
145492
97281
85951
82764
89016
89598
84639
107551
66614
141314
68418
93054
78166
88395
131536
