2525
2225
2955
2564
2846
2945
2976
2775
5070
2976
2695
2515
2735
2665
2575
2806
2745
2915
2736
3076
2775
4959
2735
2665
2905
3016
2876
3877
2775
2885
2695
3797
2584
2745
2685
2565
2945
2996
2665
2885
2675
2976
2765
2926
2725
2475
2775
3026
2755
4058
2685
3176
2815
3006
2945
2544
2846
2836
2876
2905
2775
2645
2795
7524
2775
2705
2795
3837
2545
4469
2715
2805
2775
2825
2645
3216
2755
3326
6091
2835
2655
2574
2765
2935
2725
2715
2555
3938
2805
3947
2815
3296
2705
2906
2454
2896
3016
2585
2835
3516
2736
2675
2574
2285
3307
2746
2835
2675
2995
2715
3005
2885
3126
2706
2825
2605
2775
2685
2655
5169
2615
2665
2866
2755
4308
2564
2725
4418
2735
3116
2876
2976
2885
3036
2865
2595
2956
5079
2865
2906
2925
2806
2875
2776
3066
2765
3867
2645
4278
2955
3567
2555
3847
2856
2505
2765
2876
2755
5150
3717
2886
2715
2725
2615
4078
2585
2725
3095
2675
2866
3747
2715
2615
2986
2645
2675
2835
2775
2775
2976
2766
3076
2605
2475
2945
3085
2685
3607
2474
3286
2755
4418
3096
2735
2715
2735
2735
2665
4949
2936
2585
3997
2765
4609
2655
2955
2956
2595
2665
3116
2785
4067
2785
2996
2805
3076
2755
2455
2685
2816
2776
2735
2705
2625
2805
2775
2746
2875
2756
2795
3045
2705
2815
2836
2795
1993
2775
1543
1403
3026
2815
2385
2866
2755
2835
2785
2795
2746
2665
2765
2785
2876
2554
2745
2825
2795
2615
2645
2815
2525
2795
4358
2785
2945
2775
2845
2705
2625
2765
2735
2745
2755
2735
2866
2695
2745
2905
2705
2735
2755
2795
2856
2735
2775
4629
2775
2936
2836
2635
2855
2726
2915
2965
2655
2695
2655
2735
2785
2655
4979
2755
2805
2745
2925
2465
2645
2756
2725
2625
2805
2775
2685
2775
2785
2695
2785
2735
2835
2815
2876
2856
2846
2605
2655
3015
2765
2706
2796
2805
2605
2615
2645
2805
2765
2785
2815
2775
2815
2875
2735
2736
2675
2685
2775
2635
2835
2776
2825
2715
2745
2845
2735
2855
2775
2685
2875
2495
2595
2725
2905
2795
2825
2805
2765
2826
2765
6041
2725
2825
2866
2805
2675
2705
2755
2644
2655
2655
2815
2705
4328
4068
2815
3076
2785
2875
2865
2735
4188
2875
2725
2655
2835
2685
2695
2755
2735
2645
2575
2775
2765
2545
2665
2765
2906
2955
2945
7594
2695
2465
2584
2825
2926
3016
2725
2555
2715
2725
2805
2855
5050
2575
2765
2785
2935
2635
2796
2575
2665
2645
2835
2865
2836
4278
2535
2805
2856
2605
2595
2695
2585
2725
2895
2685
2725
2876
2725
2836
2525
2915
2855
2505
2976
3015
2776
2745
2975
2976
2755
2765
2635
2715
2856
2805
2835
2775
1994
2594
2935
2014
2846
2024
6002
2906
2775
2474
2094
2845
2805
2625
3145
2685
2695
2776
2755
2946
2795
2726
2835
2695
2835
2675
2765
2836
1934
2866
2785
2615
2044
2605
2896
3065
2625
1994
2755
2755
2766
2445
2775
2755
2755
2775
3016
3046
1944
2786
2765
2675
2945
2876
2775
2766
2836
2996
2765
1473
3567
2454
2725
2945
2826
2985
2776
2775
2745
2424
2815
2765
4428
2785
2104
2966
2885
2845
2675
2775
2735
2875
2725
2665
3005
2946
4629
2885
2896
2564
4999
2725
2634
3186
3066
2795
2655
2645
2846
2755
2525
2675
2475
2635
2746
2815
2845
2434
2564
2735
2575
2535
2775
2655
2665
2655
2715
2695
2745
2444
2745
2535
2725
2825
2545
2825
2765
2816
2594
2735
2785
2725
2715
2856
2815
2986
2725
2535
2635
2846
2434
2836
2796
2845
2835
2786
2805
2575
2705
2705
2645
2776
2845
2605
2745
6923
2765
2755
2545
2705
2675
2625
2756
2846
2956
2504
2685
2776
2625
2886
2805
2885
2875
2655
2876
4950
2815
2926
2855
2815
2825
2825
6733
2615
2825
2775
2976
2835
2735
2655
2785
2635
2444
2836
3105
2805
2926
2906
2846
2725
2685
2645
3166
2825
2675
4338
2685
3176
3266
2795
2876
2795
2865
2685
2655
2785
2775
2765
2775
2816
6452
4198
2835
2745
3176
2685
2766
2705
2785
2895
2815
2655
2945
2735
2705
2635
3306
2655
2886
2855
3006
2815
2745
2775
2835
2966
2685
2785
2705
2765
2785
2985
2746
2685
2775
2665
2935
2885
2755
2876
2715
3036
2755
2765
2816
2665
2555
4719
2936
2655
2755
2755
2766
2785
3206
2775
2514
2555
2976
2775
2585
2665
2736
2705
2765
2726
2796
2715
2805
2746
2735
2715
2805
2815
2926
2625
2695
2745
2915
2875
5440
2745
2875
2735
2825
2745
2805
2855
2886
2755
2785
2735
2795
2585
2846
2665
2434
5120
2745
2645
2735
2455
2515
2555
2726
2585
2755
2775
2524
2755
2785
2585
2494
2685
2675
2715
2665
2886
2815
2555
2705
2575
2785
2424
2685
3196
2876
2675
2735
2735
2795
4318
2866
5270
2845
2855
2725
2945
2805
2875
4399
2795
2675
2965
11281
2545
2725
2014
2765
2786
2705
2104
2635
1904
2755
2555
2796
2816
2755
2795
2785
2755
2534
2766
2504
1964
2815
2775
2845
2705
2776
2765
4008
2685
2926
4819
2765
2945
2785
2846
2935
3115
2876
3437
2725
2835
2825
2875
2856
2775
2575
4899
2865
4128
2815
2735
2685
2945
2655
2936
2835
4909
2725
3747
2695
2945
3056
2825
2915
2725
3055
2735
2926
2614
2725
2775
2866
2795
2685
3276
2575
3196
2695
2956
2785
2885
2806
2625
2815
2735
2655
2815
2745
2805
2715
4068
2955
3086
2976
2705
3006
2755
2725
3046
2775
3106
2565
2805
4027
2645
2916
4699
2855
3146
2675
2745
3076
2565
3997
2655
3016
2545
2645
4127
2685
3195
2855
4027
2615
2805
2946
2455
2915
2925
2766
2935
2775
2996
3006
2745
2976
2735
2846
2685
2454
2816
2765
2735
2645
2795
2605
2885
2895
2936
2845
2915
2695
2776
2695
2915
2745
2745
2896
2535
2645
2805
2785
2996
2855
2916
2956
2795
2655
2665
4127
2835
2755
2906
2925
2765
2695
2545
6522
2735
2856
2776
2806
2735
2515
2715
2635
2745
1954
3466
4137
2766
2705
2465
2565
2635
2625
2685
2785
2786
2615
2665
2846
2584
2685
2795
2785
2635
2916
2745
2855
2755
2876
2735
2785
2975
2685
2484
2896
2595
2815
2825
2735
2796
2675
2735
2695
2465
2685
2825
2695
2745
2785
2755
2605
2785
2605
2785
2806
2715
3095
2725
2775
2926
2835
2665
2925
2785
2745
2675
2685
3056
2786
2595
2786
4599
2936
2484
2815
2945
22171
6212
2625
2775
2635
4288
2624
2745
2725
2836
2755
2675
2535
2775
2786
2775
2695
2865
2935
2926
2895
2796
2855
2895
2645
2775
2755
2725
2786
2836
2955
2745
2665
2996
2725
2664
3066
2645
2765
2755
2805
2745
2785
2846
2946
2795
2805
2705
2905
2946
2765
2975
2906
2715
2925
2835
2845
2905
2975
2866
2554
2805
4017
2755
3015
2665
3086
2736
2715
2856
3256
2785
9728
2796
3106
2525
3456
2856
2705
2925
2995
2836
2796
2655
2805
2525
3186
2776
2825
2885
2815
2595
3145
2775
2525
2655
3176
2725
2895
2975
2775
2705
2755
2685
2665
4067
2775
2835
2525
2455
2936
2454
2775
2745
2885
2785
2575
2445
2645
2605
2756
2736
2644
2785
2575
2855
2415
2515
2695
6432
2525
2624
2705
2745
2715
2735
2745
2445
3707
2775
2986
5701
4648
2765
3206
2715
2595
2875
2395
2956
2755
2935
2675
2725
2936
2595
3968
2695
3136
2054
2955
2755
2785
2755
2886
2705
3366
2985
2886
2845
2845
2835
2825
2725
4008
2725
2966
2755
2835
2635
3046
2856
2645
2695
3126
2865
3596
2555
3266
2876
3687
3396
3466
3066
2475
3036
2795
3617
2815
3947
2905
2585
2906
2645
2695
3056
2725
2736
2986
2545
3867
2615
4138
2675
2725
2896
3025
2665
2726
3466
2725
2554
2945
2645
2685
2735
2695
2855
2705
3126
2835
2615
3076
2555
3046
2525
2625
3466
2715
2755
2785
5219
2565
2755
2895
2855
2826
3186
2835
5781
2925
2986
2866
2986
2725
2725
2605
2665
2605
2665
2796
2735
2715
2625
2765
2665
2645
2655
2535
2765
2796
2554
2565
2645
2886
4288
2705
2555
2875
2735
2865
2625
2875
2695
2745
2785
2815
2775
2916
2815
2705
2605
3066
2865
2976
2925
2985
2024
3026
1553
2735
1954
4088
2565
3727
2625
2735
2695
3577
2615
1493
2825
2555
2825
2745
2655
2685
3657
2615
3126
2585
1543
2725
2865
2685
1533
2675
2785
2785
2865
2615
2965
2745
2755
2956
2776
2555
2796
2955
2595
2835
3467
2795
3166
2685
2675
4448
2785
2675
4418
2905
2715
2765
3867
2675
2765
2825
2705
2645
2925
2765
2925
2495
2816
3096
2665
2635
2685
2735
2665
2705
2756
2625
2675
2725
2735
2675
2615
2796
5200
2645
2876
2475
2866
2775
2736
2865
4078
2715
2976
2845
2675
2775
4408
1322
2906
2836
2685
2915
2735
2735
2715
2525
2896
4067
2655
2655
2585
2695
2665
2634
2565
1342
2786
2715
2815
2865
2705
2434
2695
2485
3557
2796
2845
2845
2736
3055
2635
2624
2655
2665
2625
3767
2655
2805
2705
2825
2595
2575
2585
2805
2685
4007
2745
4188
2625
2505
2705
25007
2715
1453
2625
1462
2665
2956
2705
2705
2715
2685
2695
2655
2585
2775
2655
3997
2555
2725
2705
2805
2715
4078
2945
2775
2815
2715
3857
2766
2685
2735
2795
2645
2665
2715
2625
2905
2604
2775
2675
2725
1873
2535
2815
2826
2865
2525
2905
3015
2926
2795
2815
2945
2866
2735
2795
2565
3036
2775
3787
2655
2785
2595
3277
2865
2675
2475
2825
2655
3967
2826
3055
2725
2665
2855
2885
2755
2735
2855
3056
4038
2866
2995
5290
2815
2705
2876
2975
2835
3076
2835
2955
2916
2916
2816
2846
2795
3076
3055
2876
3587
2675
2815
2575
3737
2855
2976
2805
2705
2815
2855
2545
2915
2905
3035
2855
2925
4118
3045
2555
2706
2795
3116
3917
2936
2755
2745
4188
2765
5831
2905
2996
2585
3406
2475
2936
2805
3016
2796
3076
2905
3877
2935
2855
2484
3026
2665
2895
4869
2745
2725
3847
2825
2815
3036
2695
2916
2745
5631
2975
2705
2755
2976
2644
2806
2936
2935
2665
2855
2725
2915
4048
2725
3075
4147
3156
2875
4108
2936
2726
2624
2715
2775
2835
2655
2775
2625
2976
3126
2765
2745
2925
2836
2574
2494
2745
2825
2755
2735
2465
2765
2815
2435
2825
2856
2825
3116
2735
2976
2715
2825
2494
2515
3026
2775
2725
2695
2465
2855
4449
2655
2485
2735
3186
2484
2946
2835
2785
2455
4910
2885
2815
2935
2525
2835
2805
2695
2865
2775
2975
3196
2635
2495
2785
2425
2385
4579
2585
2605
2695
2765
4128
2585
2805
2896
4859
2474
2825
2705
2715
2635
2785
2705
2635
2605
3085
2825
2895
2655
2565
2625
2785
2716
2565
2915
2776
2615
2895
2765
2655
2835
2735
3006
2675
2875
2835
2835
2926
4178
2615
2475
2635
3988
2795
2835
2875
3136
2725
2665
2565
2665
2755
3687
2595
2905
2785
2504
2715
2785
2665
3006
2866
2846
2324
3016
2695
2615
2665
2615
2615
3025
2896
3045
2705
2976
2815
2715
2565
3116
2494
3927
2635
2946
2715
2675
2825
4398
2605
2765
2865
5059
2474
2805
2936
2725
2585
2755
2735
3036
2805
2735
2685
2996
2625
2745
2936
2695
4649
2625
2816
2605
2895
2444
2935
2885
2715
2675
2695
2855
2555
2815
2475
2905
2735
2936
2695
2675
2485
2995
2745
2986
2836
2835
2485
2885
2765
2675
2845
2765
2795
2695
2625
2805
2665
3377
2625
2955
2715
3747
2595
2935
2605
2625
5750
2705
3516
2745
2544
2745
2645
3166
2505
2865
2865
2785
2875
5190
2856
2705
2655
2635
3727
2665
2715
2585
3126
2846
2865
2685
2916
2775
2725
2745
2855
2554
2705
2555
2736
3016
2665
2655
2945
3396
2635
3787
2695
2735
2615
2965
2796
2926
2554
2515
2756
2745
3045
2775
2675
2755
2795
2635
2765
2665
2926
2875
2675
2775
2705
2925
2796
4187
2415
2765
2705
2494
2826
2705
2975
2655
2605
3657
2745
2895
2776
3056
2916
2995
2735
2845
2896
3216
2625
3085
2955
2735
2716
3056
2695
2905
2785
2495
5571
2795
2625
2775
2706
2826
2735
2906
2575
2675
2965
2905
2745
2745
2806
2775
2655
2825
2725
2715
2825
2475
2685
2845
2665
2826
2705
4728
2475
2695
2685
2775
2685
2515
2775
2625
3467
2575
2725
3006
2785
2955
3657
2705
2836
2745
2835
2605
2745
2815
2685
2726
2835
2745
2805
2735
2815
2786
2935
2745
2755
2654
2785
1903
2725
2775
2715
2735
3026
2485
2645
2806
2484
2855
2675
2885
2625
2575
2746
2795
2825
2835
2344
2624
2936
2685
2795
2866
2524
2594
2725
2925
2725
2716
2845
2705
5952
2785
2925
2444
2856
2725
2655
2625
2876
2595
2845
2725
2875
2916
2665
2926
2685
2685
2524
2715
3757
2705
2705
2695
2775
2765
2575
2575
2515
2795
2906
2655
2635
2425
2695
2855
2595
2785
2775
2886
2084
2865
2745
2685
2825
2865
2755
2875
2805
2665
2805
2895
2786
2675
2545
2885
2585
2585
2826
2735
2535
2595
2985
2635
2996
2925
2444
2755
2936
2765
2685
2836
2695
2785
2645
2685
2725
2846
2725
2805
2786
2685
2695
2695
2575
2585
2505
2766
2775
2755
2865
4649
2876
2845
2875
2695
3066
3096
2695
2825
2915
2755
2685
3036
2866
2494
2745
2645
2695
2645
3998
2765
2614
2875
2715
2755
5140
4167
2905
2775
2554
2765
2695
2675
2645
2535
2574
2565
2554
2565
2705
2505
2575
2555
2515
2715
5240
2494
2565
3056
2946
2775
2805
2805
2565
3567
2555
2775
2795
2825
3086
2645
2716
2765
2785
4238
2775
2876
2605
2845
2605
2605
4749
2545
2565
3576
2816
2735
2675
2715
2605
2705
2785
2645
5050
2585
2575
3055
2574
2575
2706
2565
2615
2595
2585
2485
2735
2574
2815
2895
2565
2675
2675
2755
2775
2775
2955
2825
2615
2685
2555
2575
4599
2845
2675
2835
2575
3366
2775
2785
2776
2695
2535
2715
2806
2745
2655
2505
2655
2846
2715
2935
2675
2675
2665
2775
2665
2464
2355
2765
2525
2405
2705
2465
2655
2655
2775
2685
8455
2665
2925
2766
2755
2745
2555
2785
5381
2534
2805
2775
2745
2715
3085
2776
2575
2735
2525
2715
2695
2475
2765
2534
2755
3286
2655
2855
2686
2665
2585
2686
2675
2394
2896
2635
2785
2535
2785
2655
2685
2575
2634
2705
2805
2826
2926
2485
2605
2695
2846
3146
2715
2515
2625
2605
2635
2835
2625
2825
2745
2595
2695
2555
2705
2805
2645
2785
2375
2555
2835
2535
2786
2715
2755
2665
2735
2615
2896
2715
2615
2855
2635
2645
2695
2504
2695
2635
2384
2595
2585
2575
5740
2745
2725
2736
2635
2625
2645
2685
4929
2475
2685
2525
2785
2906
2675
2746
2564
2856
2725
2945
2485
2745
2765
2705
2605
2685
2735
2735
2675
2435
2725
2745
2655
2675
2755
2685
2755
2364
2755
2895
2846
2615
2634
2745
2635
2735
2675
2665
2775
1994
2515
2725
2795
3026
2424
2555
2475
2585
2775
2515
2665
2795
2755
2805
2495
2845
2695
2604
2655
2715
2765
2364
2645
2755
2805
2655
2705
2484
2695
2785
2705
2625
2695
2675
2545
2635
2524
2455
2785
2625
2605
2685
2514
2595
2605
2725
2595
2534
2515
2555
2655
5200
3006
2725
2415
2785
2625
2595
2495
2595
2595
2525
2415
5891
2696
2554
2655
2494
2344
2584
2504
2525
2585
2665
2544
2745
2645
2876
2755
2544
2474
2635
2515
2574
2585
2505
2605
4900
2685
2735
2725
2745
2675
2696
2475
2705
2555
2695
2655
2565
2525
2545
2465
5129
2585
2645
2625
2394
2825
2665
2655
2605
1994
2725
1914
2685
2715
2625
1894
2795
2715
2635
2545
2755
2655
2645
2716
2736
2625
2414
2846
2565
2615
2655
1804
2675
2534
2745
2535
2605
2504
2504
2675
2756
2385
2104
2825
2455
2624
2825
2755
2625
2535
2785
1924
2745
2625
2575
2505
2545
2786
2044
2916
2174
2726
2745
2725
2605
2645
2765
2705
2515
2735
2645
2654
2565
2104
2755
1924
2745
2745
2765
2475
2044
2725
2645
2514
2655
2024
2585
1913
3046
2534
2665
2575
2775
2665
2645
4949
6272
2455
2795
2615
2776
2795
2725
2535
2876
2745
2605
2544
2655
2615
2815
2735
5400
2625
2565
2805
2625
2585
2585
2344
2514
2665
2715
2685
2795
2826
5711
2655
2655
2445
2575
5911
2685
2465
2565
2645
2545
2505
2745
2716
2465
2545
2645
2585
2795
2815
2585
2746
2675
2755
2785
2695
2735
2715
2836
2665
2645
2535
2816
2685
4899
2645
2786
2484
4959
2665
2634
2565
2425
2906
2605
2525
2745
2645
2725
2625
2695
2925
2746
2805
2655
2735
2655
2735
2875
2565
2655
2866
2975
2655
2575
2765
2625
2624
2855
2855
2735
2865
2665
2675
2685
2635
5580
2615
2595
2585
2645
2544
2715
2735
2545
2715
2675
2935
2705
2725
2705
2855
2574
2885
2585
2594
2956
2726
2735
2705
2946
2685
2645
2615
2725
2504
2575
2885
2765
1984
2775
2445
4137
2575
2554
3667
2665
2585
2415
2485
2515
2756
2494
2424
2525
2174
2464
2104
2505
2144
2474
2194
2745
2194
2725
2074
2575
2415
2766
2725
2725
2575
2584
2515
3636
2555
4669
2565
2495
2495
2475
2555
2635
2485
2555
2545
2464
2745
2645
2275
2675
2865
2395
2635
2715
2725
2625
2675
2645
2494
2625
2725
2825
2836
2745
2675
2725
2665
2855
2675
2675
2615
2685
1943
2695
2675
2765
2735
1914
2945
2755
2896
2554
2375
2234
2805
2455
2625
2735
2665
2575
2816
2966
2675
2625
2635
2846
3036
2865
2525
2735
2655
1954
2635
2655
2644
2735
2685
2574
2915
2665
2685
2886
2745
2765
2805
2785
2966
2855
2755
2505
2745
2785
2655
2525
2555
2965
2765
2785
6803
4498
2545
2705
2675
2745
2655
2665
2655
2665
2855
2795
2645
2765
2735
3597
2665
2575
2524
2465
2695
2815
3026
2565
2394
2835
2545
2534
2434
2575
2665
2675
2785
2795
2364
2555
2585
2585
2655
2474
2584
2655
2555
2525
2405
2695
2575
2465
2776
2785
2705
2514
2726
2645
2735
2534
2435
2535
2455
2625
3377
2675
2655
2775
2645
2765
2635
2625
3026
2565
5991
2675
2746
2735
2665
2555
2465
2675
2495
2765
2685
2705
2685
2695
2755
2836
2615
2765
2785
2675
2374
2935
2845
2775
2635
2755
2775
2876
2785
2875
2595
2685
6192
2685
2766
3006
2915
2655
3106
2755
2705
2755
2675
2665
2615
2735
2655
2715
2916
2725
2655
2865
2665
2766
2474
2495
2565
2855
2895
2554
2445
2525
2515
2735
2635
2584
2474
2855
2715
2555
7474
2665
2515
2535
2494
2705
2585
2705
2705
2705
2865
2535
2805
2745
2845
2775
2625
2695
2775
2695
2865
2815
2675
2805
2735
2725
2765
2745
2575
2424
2665
2836
6592
2795
2785
2605
2605
2815
2745
5300
2726
2474
2835
2675
2705
2495
2775
2695
2655
2665
2645
2555
2776
2675
2715
2464
2555
2564
2625
2605
5480
2565
2775
2655
2796
2605
2544
2745
2555
2575
2625
2695
2434
2615
2865
2945
2695
2655
2755
2635
2645
2545
2525
2515
2735
2816
2535
2585
2675
2785
2715
2575
2454
2575
2665
2705
2425
2775
2735
2615
2575
2435
2715
2575
2765
2685
2604
2695
2715
2705
2896
2685
2635
2765
2675
2845
2495
2685
2685
2736
2044
2614
2235
2745
2264
2514
2565
2525
2625
2655
2545
2595
2625
2665
2635
2655
2765
2815
2644
3005
2565
2876
2625
2615
2635
2534
2615
2595
2555
2635
2715
2625
2625
2515
2625
2736
2585
2615
2585
2635
2726
2384
2765
2525
2535
2685
2575
2444
2525
2564
2354
2665
2525
2856
2474
4589
2544
2525
2535
6332
2685
2715
2795
1954
2675
2685
2685
4979
2614
2775
2675
2455
2575
2665
2725
2845
2695
2685
2845
2505
2635
2835
2726
2675
2675
2765
2645
2825
2595
2705
3056
2474
2605
2715
5060
2545
2765
2665
2685
2544
2635
2685
2795
2775
2695
2726
2896
2725
2685
2805
2625
2615
2665
2725
2796
2865
2825
2635
2745
2775
2415
2415
2746
2775
3015
2635
2535
2675
2564
2274
2635
2705
2835
2675
2565
2464
2755
2715
2685
2735
2895
2775
2786
2374
2745
2675
2495
2835
2634
2755
2415
2454
2745
2645
2615
2725
2705
2786
2534
2725
2765
2685
2825
2735
5330
2545
2665
2545
2725
2825
2815
2675
2766
2875
2785
2695
2625
2645
2885
2926
2645
2795
2665
2816
3005
2715
2705
2655
2725
2615
2665
2815
2675
2755
2715
2815
2725
2645
2775
2625
2765
2745
2615
2484
2585
2545
2745
4128
2645
2786
2685
2796
2675
2746
2535
3056
2716
2836
2755
2475
2655
2665
2785
2735
4799
2655
2745
2715
2585
8336
3066
5781
2805
2515
2825
2785
2605
2685
2725
2775
2534
2484
2735
2855
2805
2725
2815
2695
2644
2575
2474
2755
2645
2805
2575
2715
2585
2675
4188
2775
2554
2855
2605
2464
2876
2595
2534
3005
2785
2374
2926
2515
2695
2635
2515
2585
2695
2765
2635
2745
2565
2585
2765
2594
2695
3055
2816
2825
2535
2696
2535
2785
2835
2555
1443
2465
2815
2445
2865
2785
1432
2655
2645
2474
2735
2765
1563
2845
1953
2635
2644
2645
2255
2575
2795
2835
2775
2595
2755
6422
2565
2014
2625
2505
2595
2074
2595
1874
4799
2775
2634
2886
2605
1473
2395
2775
2675
2695
4488
2585
1413
2725
2505
2635
2545
1433
2575
5741
2926
2375
2003
2585
2866
2715
2695
2655
1973
2715
6072
2815
2565
2685
2515
1993
2865
2675
2825
2414
2404
2565
2635
2715
2785
2365
2855
2795
2515
2595
2505
2665
2785
2775
2445
2675
2826
2716
2705
2715
2485
2815
2595
2394
3015
2615
2795
2795
3086
2254
2574
2475
2524
2695
2104
2615
2635
2594
2435
2645
2555
2895
5120
2655
2685
2635
2555
2685
2715
2825
2735
2645
2655
2916
2755
2815
1993
2525
2615
2805
2625
2625
2715
2505
2435
2585
2615
2215
2755
1903
2635
2865
2624
2605
2013
2745
2615
2625
2785
2595
2074
2675
5891
2384
2735
2545
2635
2615
2465
2515
2846
2695
1884
1944
2013
2785
2855
2635
2775
2564
1853
2805
10310
2204
2665
1974
2886
2154
2625
2104
2594
2614
2705
2094
2745
1993
2665
1944
2836
2655
2645
2735
1433
2524
2835
2675
2895
1553
2655
2705
2755
2645
2705
2765
2695
2915
2735
2755
2925
2715
2063
2705
1973
2795
2785
2785
2915
2725
2705
2876
2505
2615
2715
1984
2785
2765
2946
2765
1884
2725
2845
2695
2314
2555
2064
2735
2765
2695
2795
4959
2094
2605
2615
2775
2044
2955
1924
2695
2515
2544
2685
2475
1913
2695
1853
2755
2865
2505
2685
1893
2805
2735
2725
2635
5009
2023
2695
1894
2675
1934
2655
2785
2725
2675
4548
2435
1993
2715
2525
2584
2474
2755
1843
2595
2645
2534
2825
11001
1954
2715
2745
2605
2535
1974
2765
2695
2585
2455
2545
2515
2514
2585
2685
2745
2685
5360
2645
2805
2906
2635
2285
2605
2525
2715
2525
2424
2535
2745
2555
2545
2544
2695
2555
2535
2665
3557
2464
2535
2766
2835
2455
2604
2625
2675
2585
2665
2544
2535
2465
5410
2705
2625
2584
2485
2745
2766
2905
2906
2815
2735
2585
2725
2575
2635
2705
2375
2665
2916
2385
2455
2665
2785
5520
3016
2815
2675
2695
2625
2495
2654
2615
2484
2464
2625
2605
2455
2725
2635
2796
2675
2715
2615
2665
2615
2745
2514
2505
2464
2735
2715
2776
2705
2695
2685
2665
2494
2675
2795
2836
2455
2575
2475
2415
2746
2896
2605
2725
2785
2655
2816
2575
2585
2885
2745
2715
2695
2545
2444
2766
5030
4709
2895
2625
2705
2675
2595
2695
2405
2555
2425
2464
2966
2796
2484
2655
2545
2685
2766
2584
2845
2625
2745
2745
2705
2685
2454
2535
2395
2775
2534
2525
2735
2675
2896
2725
2755
2635
2705
2705
2375
2685
2665
2835
2545
2625
2785
2575
2574
2745
2866
2705
2425
2815
2585
2434
2735
2735
2615
6522
2545
2424
2735
2715
2715
2776
2715
2966
2796
2905
2946
2755
2745
2795
2465
2645
2735
2615
2705
2595
4809
2745
2535
2675
2705
2585
2615
2795
2605
2685
2615
2695
2485
2986
3246
2344
2605
2514
2525
4529
2665
2765
2574
2655
2695
2755
2655
2695
2786
2795
2625
2735
2575
2725
2755
2695
2836
2805
2775
2554
2885
2595
2705
4398
2535
2655
2635
5430
2695
2675
2475
2765
2775
2635
2625
2725
2675
2485
2655
2916
2735
2635
2625
2845
2735
2806
2715
2494
2645
2775
2786
2815
2545
2535
2735
2695
2615
2986
2655
2635
2655
2384
2514
2585
2916
2715
2926
2745
2575
2535
2725
2756
2865
2765
2725
2695
2745
2835
2765
2775
2685
2745
2685
1934
2455
2915
2675
2575
5601
1984
5541
2776
2725
2685
1844
2775
2665
2615
2515
2865
1923
2595
2655
2696
2505
2585
2405
2665
2645
2655
2726
2675
2585
2675
2726
2705
2916
2775
2866
2795
2815
2735
2846
2574
2505
2615
2665
2465
2545
2825
2675
2766
2745
2514
2675
11201
2625
2705
2746
2444
2735
2725
2424
2795
2836
2755
2545
4910
2404
2835
2745
2565
2755
2725
2705
2525
2955
2395
2855
2675
2624
6552
2655
2906
2765
2765
2785
2965
2575
2374
2725
2645
2585
2434
2865
2975
2595
2755
9187
2435
2715
2575
2946
2615
2785
2645
2574
2385
2735
2685
2936
2715
2405
2725
2775
2605
2654
2645
2725
2364
2746
2685
2695
2755
2524
2404
2825
2605
2685
2976
2605
2716
4599
2625
2705
5150
2685
2475
2585
2584
3105
2775
2795
2796
2745
2695
2775
2645
2675
2886
2745
2725
5651
2394
2675
2675
2605
2735
4288
2565
5380
2044
2535
2735
2474
2525
2415
2675
2665
2384
2605
2544
4809
2605
2504
2545
2545
2554
2525
2464
2465
2484
2685
4098
2564
4368
2575
2525
2565
2695
2405
2805
2524
2495
2545
2615
2525
2525
2695
2615
2836
2294
2474
5189
2604
2565
2615
2404
2705
2495
2655
2675
2776
2515
2385
2435
2805
2715
2776
2675
2515
2515
2375
2755
2465
2475
2845
2524
2555
2415
2736
2765
2685
2706
2524
2615
2514
2544
2715
2575
2515
2545
2375
2545
3307
2665
2715
2786
2715
2665
2675
2594
2745
2455
2695
2565
2625
2695
2345
2826
2615
2495
2715
2334
2394
2635
2545
2896
2685
2615
2985
2655
2605
3827
2605
2725
2836
2836
2775
2495
2705
2715
2805
2464
2485
3747
2755
2985
2725
2885
2565
2925
2715
2685
2605
5079
2635
2885
2825
2956
2565
2434
2625
2735
2544
2364
2745
2575
2465
2826
2455
2986
2715
2534
2916
4870
2665
3095
2915
2916
2775
2836
2675
2796
2695
3476
2695
2595
2776
2846
2575
2625
2786
2785
2715
2024
2836
2905
2715
2675
2544
2745
2745
2796
2715
2665
2685
2735
2845
2896
2715
2434
4439
2565
2945
2755
2665
2886
2675
2585
2635
2775
2414
2765
2855
2715
2746
2614
2485
2104
2755
2665
1523
2645
1443
2705
2716
2705
2865
2575
2685
2715
2795
2806
2074
2444
1964
2945
2565
2655
2635
2024
2715
2595
2405
2485
3216
2826
2745
2725
1934
2725
2735
2625
2515
2644
2515
1532
2805
1964
2555
5210
2705
2775
2755
1863
2855
2595
2575
2655
2494
1553
2785
1502
2555
2645
2344
3587
2755
2454
3687
2535
2795
2615
2705
2966
2595
2545
2645
2715
2595
1493
2565
2935
2765
2725
2976
5010
2815
2565
2635
2916
2695
2655
2675
2044
2715
2033
2565
2996
2665
2635
2625
2986
2815
1944
2735
2625
2575
2374
2495
2184
2695
1974
2725
2725
2515
2294
2755
1984
2735
2535
2604
2184
2535
1973
2775
2625
2715
2885
2385
2946
2795
2945
2715
2554
2494
3166
2735
2073
2535
3927
2525
2625
2685
2214
2575
4198
2615
2625
2855
2735
2835
1463
2835
2605
2605
2866
2695
5320
3927
2575
2715
2936
2605
2404
2345
1863
2845
2865
2735
2695
2665
2024
2615
2886
1513
2455
2495
2675
2354
2595
2715
2976
2765
2023
2965
2083
2795
3016
2715
3086
2004
2635
5621
2805
2695
2726
2084
2535
2945
2585
2796
2665
1823
2565
2785
2735
6673
1884
2745
4969
2415
2816
2594
2454
2945
2555
2835
2625
2675
2856
2766
2725
3096
2805
2023
3517
1904
2825
2665
2635
3717
1954
2635
2905
2805
2696
3707
3536
2885
3056
2625
2835
2624
2955
1864
4608
1934
2965
2505
2675
2916
2715
2765
2585
2615
2975
1894
2766
2715
2534
3366
2795
3847
3426
3697
2765
2655
1973
4728
2655
2475
2815
2655
2685
2766
2826
2405
2625
2615
2645
3126
2434
1793
2755
2725
2685
2425
2355
2084
2745
1883
2665
1914
2555
2785
2204
2554
1954
2695
2735
2745
2735
1323
2584
2505
2594
5200
2004
2574
2635
2605
2635
2805
2003
2675
1983
2745
2735
2906
2324
2765
2254
2625
2755
2585
2635
4639
1873
2765
2836
2815
2786
2505
1933
2695
2695
2785
2705
2675
2104
2495
1874
2805
2615
2735
1973
2515
1854
17142
2795
2705
2665
2615
2034
2715
1984
2775
2605
2525
2514
2755
1974
2535
1362
2735
2534
2434
2655
1884
2735
2745
2625
2815
2735
2605
2745
2775
2745
2645
2555
2685
2534
2364
2665
2545
2675
2715
2856
5871
2835
2705
2735
2615
6192
2545
2565
2505
2475
2635
2735
2404
2725
2725
2735
2464
2675
2545
2716
2805
2625
2795
2645
2665
2484
2504
2765
2825
2745
2444
2926
2786
2625
2665
2505
2715
2554
2475
2374
2865
2885
3005
2655
2765
2594
2715
2916
2384
2955
2955
2675
2545
2374
3126
2465
2745
3055
2635
2545
2455
2765
2835
2665
2665
2465
3377
2765
2595
2444
2735
2695
4959
2685
2585
2775
2545
2514
2886
2685
2595
2595
2545
2815
2755
2695
2745
2645
2485
2705
2695
2414
2645
2756
2745
2745
2735
2926
2815
2815
2866
2735
2755
2685
2866
2465
2464
2795
2835
2845
2915
2514
3286
2665
2605
2535
2705
2545
2665
2725
2455
7604
2755
2485
2755
2635
2675
2595
2565
5710
2665
2745
2545
2514
6172
2625
2605
2815
2605
2665
2645
2765
2715
2685
2755
2705
3056
2415
2735
2675
2675
2775
2765
2705
2414
2775
2795
2594
2765
2806
2835
2625
2505
2324
2625
2384
2615
2705
2475
2815
2806
2836
2745
2735
2564
2695
2635
2524
3366
3035
2785
2935
2545
2465
2464
2605
2535
2475
2645
2555
2504
2615
2494
2405
2585
2565
2615
2946
2464
4809
2685
2594
2605
4568
2615
4739
5420
2504
2575
2575
2685
2345
12333
2665
2415
2795
2705
2705
2645
2555
2464
2755
2605
2635
2765
2925
2605
2625
2434
2635
2755
2635
2564
2555
2765
2465
2726
2675
2465
2805
2775
2645
2484
2525
2745
2655
2645
2745
2705
2605
2535
2555
2725
2454
2675
2695
2635
2845
2945
2715
2514
2695
2665
2635
2685
2545
2574
2685
2825
2806
2876
2545
2655
2595
2736
2735
2675
2876
2675
2535
6331
2685
2906
2665
2765
4849
2705
2444
2635
2444
2775
2625
2605
8897
2725
2605
2514
2625
2475
5971
2795
2815
2715
2795
2635
2835
2545
2675
2574
2735
2645
2836
2826
2645
2865
2675
2756
2765
2876
2665
2534
2484
2755
2595
2625
2806
3085
2605
2465
2836
2825
2675
2615
7464
2815
2665
2775
2605
2655
2655
2655
2594
2755
2685
2585
2515
2715
2835
2625
2745
2685
2735
2876
2776
2575
2735
2825
2785
2685
4549
2615
2695
2725
2996
2875
2595
2695
2605
4819
2645
2695
3166
2685
2735
2535
2685
2796
2765
2424
2755
2665
2605
2775
2635
2715
2625
2645
2625
2575
2865
2675
2605
2725
2655
2575
2664
2595
2695
2665
2645
2685
2715
2585
2816
2584
2795
2665
2846
2735
2615
2735
2675
2725
2645
2815
2705
2575
2685
2665
2675
2745
2725
2705
2815
2715
2965
2715
2796
2735
4919
2745
3136
2845
2665
2625
2635
2785
2655
2675
2455
2554
2775
2555
2665
2645
2865
2655
2675
2716
2655
2464
4519
2685
2705
2675
2705
2524
2825
2875
2685
2565
2685
2765
2736
2775
2695
2885
2755
2805
2645
2625
2685
2645
12503
2805
2655
2665
2675
5610
2746
2775
2605
2715
2725
2455
2695
2795
2695
2745
2775
2675
2695
2735
2726
2795
2625
4529
2715
2585
2795
2665
2685
2645
2665
2755
2655
2825
2665
2715
2535
2896
2985
2775
2425
2585
2595
2735
2696
2795
2575
2625
2685
2805
2845
2595
2845
2675
2605
2725
2755
2965
2665
2855
2945
2655
2896
2755
2495
2605
2574
2685
2806
2405
2705
2785
2635
2846
2776
2725
2555
2725
2805
3076
2755
2695
2455
2344
2745
3396
2925
2685
2866
4498
2675
4899
2705
2505
5450
2585
2645
2565
2534
2645
2655
2625
2605
2585
2655
2805
2664
2745
3015
3006
2655
2745
2645
2795
2625
2695
2695
2665
2946
2665
21330
2705
2715
2624
2735
2635
2635
2655
2695
3015
2484
2725
2625
3857
2645
2605
2655
2615
2695
2716
2745
2665
2665
2735
2715
2535
2756
2655
2524
2485
2956
2775
2755
2725
2765
2395
2735
2554
2645
2554
2575
2415
2565
3026
2745
2675
2865
2615
2805
2585
2554
2555
2615
2785
2786
2695
2866
2675
2745
2805
2826
2726
2605
2635
2745
2745
2545
2695
2875
2715
2595
1482
2545
2635
2655
2585
2886
2786
2615
2735
2705
2574
5720
2956
2595
2975
2785
2645
2705
2725
2695
2765
2475
2595
2796
4949
2675
2795
3035
3026
2795
2756
2635
2645
2695
2695
2534
2605
2595
2404
2425
2776
2635
2755
2695
2685
2705
2635
2685
2915
2625
2685
2595
2866
2825
2705
2535
2725
2645
2695
2866
2826
5520
2715
2505
2785
2675
2695
2946
2715
4559
2595
2645
2736
2675
2565
2474
2625
2595
2695
2585
2715
2625
4629
2675
2745
2645
2475
2465
2705
2635
2715
2765
2484
2726
2765
2785
2925
2786
2925
2745
2736
2695
2816
2825
2725
2715
2705
2725
2675
2736
2776
2575
2715
2816
2795
2625
2755
2614
2635
2605
4007
2634
2715
2796
2665
2565
2485
2414
2555
2655
2715
2635
2375
2234
2765
2705
2604
2615
2595
2675
2715
2425
2705
2565
2605
2856
2675
2534
2665
2455
2755
2765
2796
2695
2715
1974
2484
2695
2385
2916
2624
2886
2776
2785
2534
2564
2735
2625
2705
2765
2645
2535
2445
2514
2775
2595
2454
2635
4999
2695
2515
2715
2585
2535
2625
2525
2545
2856
2474
2886
2735
2615
2605
2565
2635
2685
2635
2825
2715
2594
2685
2765
2675
2495
2685
2695
2685
2655
2805
2604
2695
2746
2945
2726
2675
2705
2756
2695
2565
2835
2755
2455
2615
2745
2595
2715
2535
2495
2775
2765
2515
2756
2495
2565
2635
2745
2685
2815
2615
2555
2535
2585
2705
2705
2655
2706
2455
2675
2635
2675
2675
2605
3016
2495
2795
2575
2495
2614
2575
2775
2755
2825
3066
2756
2735
2825
2675
2845
2635
2655
2705
2756
2414
2845
4268
2955
3376
2605
26149
3116
2645
2945
2755
2736
2505
2355
2494
2595
2475
2494
2645
2585
2545
2705
2465
2545
2795
2575
2474
2736
2695
2855
2465
2454
2705
2595
2705
2585
2645
2695
2805
2585
2585
2655
2605
2745
2555
2625
2645
2585
2735
2715
2444
2705
2745
2665
2645
2495
2805
2746
2685
2885
2755
2715
2665
2635
2594
2845
2655
2584
2735
2786
2775
3056
2655
4368
2504
2505
2585
2514
2816
2796
2504
2685
2825
2404
2585
2565
2545
2655
2695
2685
2504
2635
2795
2655
2805
2645
2495
2655
2785
2896
2575
2745
2535
2504
2655
2425
2574
2434
2925
2835
2915
2745
2685
2545
2625
2405
2625
2675
2465
2815
2635
2705
2445
2735
2605
2875
2585
2695
2655
2384
2675
2645
2785
2544
2885
2725
2725
2484
2544
2605
2595
2945
2645
2534
2465
4769
2725
2655
2485
2926
5350
2655
2655
2765
2765
2715
2645
2775
2695
2024
2875
2615
2785
2846
2424
2705
2024
2635
2614
2565
2484
2615
2204
2615
2004
2795
2585
2665
2505
1884
2555
2615
2685
3006
2595
1984
2645
2665
5300
2836
2454
1373
2525
2494
1453
2615
2625
2544
2445
1433
2545
2624
2736
2785
2826
1983
2785
2514
2785
2605
2645
1954
2725
2083
2625
2655
2635
2645
2655
2775
2615
2725
1914
2716
1954
2645
2465
2745
3005
2675
2464
2815
2725
2705
2725
2535
2575
2475
2585
2615
2665
2565
2575
2715
2665
2594
2515
2675
2524
2595
2655
2545
2525
2515
2545
2545
2585
2545
2495
2715
2765
2755
2716
2584
2514
2605
2555
2835
2595
2715
2515
2505
2505
3727
2565
2534
2595
2876
2325
2665
2554
2765
6933
3556
2544
2775
2625
2705
2424
2585
2735
2705
2445
2595
2545
2725
2645
2785
2695
2746
2575
2514
2615
2595
2725
2695
2775
4899
2925
2756
4538
2565
2615
2635
2685
2985
2965
2484
2595
2645
2735
2505
4318
2525
2695
4729
2745
2625
2766
2645
2906
2645
2565
2805
2465
2685
2685
2715
2645
2695
2515
2555
2655
2615
2555
2715
2705
2445
2685
2876
2624
2545
2686
2324
2625
2615
2615
2835
2505
2595
2395
2695
2775
2825
4909
2645
2645
16861
2655
2625
2485
2625
5250
2705
3006
2665
2675
2595
2555
2885
2715
2605
2504
2775
2685
2625
2655
2715
2465
2856
2735
2485
2805
2875
2886
2945
2144
2355
1943
5140
2825
2685
2114
2655
1864
2705
2705
2725
2455
2515
2414
2795
2615
2104
5210
2004
2885
2605
2675
2675
2304
2514
2384
2514
2444
2505
2695
2024
2565
1873
2695
2755
2605
2915
2003
2585
2665
2425
2325
2244
2776
2755
2695
2634
2605
2765
2695
2355
2805
2715
2735
2715
2515
2545
2555
2625
2746
2805
2735
2515
5460
2515
2896
1954
2675
2083
2564
2344
2545
2595
2705
2475
2614
2475
2524
2464
2475
2455
2535
2515
2665
2604
2505
2655
2585
2745
2635
2394
2965
2715
2806
2615
2675
2514
2705
2715
2745
2786
2835
2454
2575
2464
2675
2615
2715
2665
2655
2786
2584
2715
2575
2655
2565
2525
4228
2485
5109
2485
3667
2365
3907
2785
2936
2985
3757
2495
3897
2815
2665
2565
2745
2565
3737
2595
2816
2485
2715
2615
5410
4137
2735
2584
2855
2955
5089
2665
2736
2535
3006
2825
2575
2595
3787
2444
2885
2505
4568
2424
2795
2534
2795
2545
2675
2665
2845
2635
5561
2635
3847
2665
2785
2484
3617
2585
2806
2525
5180
2585
2745
2585
2685
2715
2956
2715
2766
2424
3106
2846
3346
2735
3467
2605
2835
2475
2745
2545
2705
2465
3086
2965
2895
2555
2675
2535
2956
2585
2725
2545
2845
2615
2786
2906
2885
2595
2715
4599
2996
2725
2685
2675
2675
2785
5230
2655
2695
2554
4248
2756
3907
7634
2665
2745
4368
2765
2685
2444
2645
2955
2765
2475
2635
2445
2976
2605
2755
2755
2625
2435
2685
2635
2545
2575
2585
2485
2685
2514
2595
2765
2494
2585
2786
2475
2845
2735
2695
2555
2505
2686
2434
5330
2565
2715
2705
2535
2605
2414
2896
2635
2695
2695
2875
2475
3687
2515
3858
3066
4598
2534
2915
2635
2555
2565
2645
2735
2645
2534
2755
2545
2745
2605
2826
2695
3887
2615
2985
2755
4318
2895
3997
2514
2936
2564
2645
2514
2665
2614
2635
2514
5150
2594
3466
2424
2655
2534
2715
2384
2715
4208
2335
2795
3787
2474
2746
2615
2595
2695
3697
3036
2515
2595
2895
2525
2705
2475
2776
5069
2976
2615
2875
2695
2995
2595
4258
2595
2906
2615
2875
2505
2775
2735
2304
3096
2745
2604
2845
2765
2625
2985
2745
2475
2765
3897
2635
3917
2575
2695
4388
2795
2555
2605
2825
2725
3076
2625
2425
2665
3898
2355
2925
2595
2735
2725
2575
3106
2955
2816
2604
2695
2675
2725
2594
2806
2645
2635
2705
2514
2495
2485
2725
2565
2604
2995
2645
2756
2715
2855
2635
2605
2675
2806
2685
1873
2745
2555
2946
2535
2525
2625
2875
2735
2615
2555
2665
2475
2545
2384
2394
2635
2836
2535
2685
2604
2645
2736
2485
2434
2525
2545
2574
2515
2484
2715
2856
2725
2474
2585
2725
2715
2524
2525
2555
2595
2725
2645
2746
2535
2544
2605
2475
2625
2565
2435
2625
2494
2535
2585
2575
2625
2565
2735
2664
2625
2455
2726
2725
2725
2595
2505
2525
2445
2685
2685
2535
2604
3056
2735
2775
3747
2575
2454
2675
2705
2735
2524
2855
2545
2815
2715
2444
2505
2405
2635
5500
2605
2584
2445
2494
2785
2545
2625
2585
2235
2685
2986
2665
15609
2535
2705
3026
2875
2875
2745
2605
3677
2705
3827
2705
2976
2495
2705
2836
2595
2474
2665
3907
2665
2805
2534
2875
2725
2936
2715
2695
3837
2585
2985
2605
2705
2806
2605
2514
2565
2906
2735
2755
4469
2575
2845
2695
1954
2685
2695
2675
2505
1954
2134
2585
1964
2735
2224
1983
5720
2836
2755
1993
3476
2014
3526
2505
2956
2825
2585
1343
2514
4798
2444
3056
2374
1532
2785
2705
2815
2725
2535
2705
2695
2555
1993
2845
2024
2585
2014
2635
2054
2525
1904
2745
2084
1984
2735
2064
2705
2044
2645
1933
2845
2184
2705
3016
2786
2745
2675
1974
2855
2706
2795
2214
2685
2685
1924
2455
2766
2725
2795
2725
2795
2675
2735
2745
2715
2645
2614
2535
2755
2855
2094
2715
2585
2585
2705
2535
4999
2525
3968
2755
2785
2675
2915
2595
2835
2886
2705
2755
4849
2645
3787
2725
2795
2755
2976
2655
2745
2986
2635
2545
2544
2835
2525
2746
2755
2755
2815
2885
2645
2675
2394
2564
2775
2424
2565
2525
2725
2565
2725
4589
2605
2484
2625
2655
2605
2675
2545
2725
2475
2675
2555
2685
2675
2554
2555
2856
2505
2595
2615
2776
2565
2334
2555
2575
1513
2595
2495
2605
1553
3076
1943
2605
2675
2725
2645
2624
2695
2895
2745
2505
5410
2655
2755
2665
1963
2775
2795
2715
2695
2716
2875
2525
3005
2725
3867
1954
5060
2515
1333
2685
2585
2685
2866
2825
3116
2805
2855
1593
3086
2355
2625
2755
2535
1553
2554
1573
2405
1513
2635
1463
5070
1563
2585
1403
1553
2695
1433
2575
2795
1563
3817
2585
2775
2535
1532
2705
2515
1553
2535
2665
1503
3516
2625
2705
1563
2525
2866
1513
2675
1543
2615
1572
4899
1593
2564
1482
2736
1562
2735
1493
2785
1593
2725
1513
2856
1463
2625
1493
3266
2695
1532
3456
1523
3797
1433
2665
2524
1453
2755
2896
1473
2625
1593
2876
1523
2746
1463
2805
2435
18224
2625
1413
2625
1543
2444
1453
2515
1553
2364
3657
1924
3788
1513
3477
2715
1633
2415
2735
1502
2895
1513
2795
1563
2735
2635
1453
2755
2525
1483
2585
2254
2595
2725
2805
1553
2425
4529
2855
9548
3787
2565
2955
2735
4007
2424
3026
2615
2836
2394
2875
2695
3917
2435
1463
2645
1473
2334
1563
2675
1502
4458
1453
2845
1493
2725
1442
2735
1643
2985
1453
2805
1533
2645
1503
2715
1473
2835
2514
1493
2485
1513
2625
1523
2574
1493
2414
1533
2565
1462
2445
1432
2615
1492
2415
2735
1513
2805
1493
2675
1563
3617
2555
1573
2535
1543
2575
1523
2395
2825
1483
2675
1613
3467
1473
2645
1553
3477
1513
2655
1443
2475
2324
1473
2425
2665
2745
2595
2324
2795
2865
2424
2645
2584
2785
2444
2324
2554
2695
17612
2475
2615
2695
2885
2745
2455
2485
2444
2494
2475
2414
2485
1913
2695
2585
2705
2815
2595
2073
2595
2335
2524
2815
2726
1924
2665
1903
2705
1533
2434
1483
2494
1483
2464
1593
2614
1633
2595
1542
2434
1473
2415
1362
2425
1543
2565
1543
2615
1483
2535
1503
2445
1262
4949
1483
2615
1432
2394
1483
2625
1513
2495
1332
2665
1513
2565
1522
2725
1593
2404
1453
2494
1583
2535
1473
2354
1393
2465
2955
2495
3827
2284
2565
2595
2365
2655
2705
2495
2565
2755
2635
2505
2635
2625
2235
2635
2816
2595
2634
2746
2745
2965
2715
2665
2665
2494
2745
2635
2485
2735
2535
2735
2284
2565
2655
2755
2645
2424
2575
2634
2655
2855
2554
2735
2465
2525
2675
2715
2305
2816
2825
2395
2474
2765
2584
3386
2454
2695
2594
2645
2735
2465
2625
2414
2504
2585
2785
2695
2655
2785
2655
2705
2554
2595
2535
2594
2745
2484
2665
2715
2885
1963
2735
2776
2014
2635
2594
2454
2574
2765
2595
2544
1864
2736
1794
2775
2395
4859
2345
2495
2655
2755
2514
2726
2765
2635
2565
2635
2715
2585
2915
2385
2756
2575
2585
2725
2675
2725
2755
2405
4418
2605
2575
2434
2605
2565
2705
2715
2565
2715
2355
2595
2785
2695
2775
2645
2625
2405
2504
2815
2625
2745
2665
2746
2695
2585
2595
2655
2515
2745
2475
4939
2545
2474
2624
2745
2605
2705
2405
2444
2515
2445
2545
2725
2665
2735
2695
2755
2655
2384
2736
2725
2716
2645
2655
2585
2474
2595
2635
2324
2335
2625
2495
2435
2504
2855
2655
2495
2515
4688
2605
2735
2545
2555
2685
2806
2615
2605
2514
2675
2725
4568
2585
2665
2494
2555
2535
2395
2796
2916
2455
2514
2394
2605
2595
2745
2595
2445
2685
2655
2785
5530
2655
2775
2564
2856
2645
2756
2735
2645
2495
2505
2605
2375
2535
2355
2755
2475
2365
2504
2625
2625
2585
2585
2695
2756
2705
2856
2945
2595
2535
2625
2615
2525
3095
2455
2404
2625
2565
2525
2725
2554
2545
2475
2435
2524
2614
2625
2455
2615
2805
2806
2685
2705
2375
2685
2765
2765
2585
2545
2385
2564
2745
2805
2715
2655
2514
2665
2725
2254
2715
2525
2585
2655
2705
2434
4157
2695
2785
2254
2725
2574
2635
2775
2605
2465
2595
2655
2705
2595
2675
2906
2605
2725
2454
2554
2595
2755
2384
2375
2565
2675
2625
2756
2665
5620
2695
2665
2725
2395
2765
2614
2655
2445
2464
2675
2695
2605
2575
2675
2825
2755
2565
2955
2505
2815
2595
2706
2574
2595
2625
2635
3236
2455
4278
2685
2374
2544
2415
2524
2605
2625
2544
2585
2685
2495
2494
2604
2605
2905
2505
12964
2986
2585
2585
2675
5511
2475
2605
2585
2595
2806
2584
2755
2615
2685
2234
2525
2574
2765
2485
2555
2845
2825
1793
2795
2374
2484
2695
2765
1994
2625
1914
2685
2604
1973
2575
1863
2786
1944
1934
2614
1753
2495
1763
2565
1943
2554
1894
2715
1924
2745
1943
2564
1953
2525
1893
1853
2605
1774
2795
2665
2675
2384
2665
2655
1864
2695
1733
2495
1824
2685
1874
1853
2525
6913
2134
2675
1963
1754
2705
1933
2574
2134
2364
2073
2574
1924
2424
2444
2424
2535
2315
2334
2635
2595
2575
2705
2675
2495
2545
2525
2745
2575
2495
2735
2715
2585
2534
2755
1944
2505
1963
2705
2635
3727
1823
2244
1864
2886
2585
1984
1904
2355
1873
2004
2956
2164
2575
2554
1844
1883
2444
2014
2415
3647
1864
2575
1813
2695
2605
1964
2565
1923
2595
2755
2505
2755
2615
2545
2655
2705
1853
2595
1843
2825
2545
1874
1974
2485
1804
2765
2655
1994
2445
4768
2534
2544
2044
2544
2324
2615
2635
2525
1904
2655
4499
2455
1944
1522
2144
1452
2114
1333
1994
1633
2314
1472
2405
1513
2415
1483
2425
1503
2555
1503
2514
1473
2615
1382
2595
1483
2394
1423
2495
1453
2404
1423
2455
1463
2395
1463
2544
1412
2565
1472
2575
1523
2364
1492
2635
1483
4048
1583
2675
1462
2525
1482
2555
1473
2465
1573
2455
1442
2464
1373
2565
1483
2365
2685
2715
1503
2315
1433
2465
1473
2555
1553
2575
2114
1713
2124
1483
2064
1413
2084
1513
2545
1392
2474
1463
2605
1573
2575
1483
2685
1543
2635
1473
2534
1473
2535
1522
2355
1443
1462
2204
1403
2053
1472
2114
1412
2094
2124
2214
1503
2385
1533
2254
1553
2505
1523
2535
1443
2475
1563
2575
1593
2485
1613
2725
1453
2515
1473
2404
1452
2685
1493
2365
1563
2485
2154
1412
2195
1482
2174
1533
2185
1493
2104
1543
2094
1463
2364
1473
2655
1453
2394
1503
2344
1533
2485
1342
2454
1483
2615
1523
2505
1513
2574
1703
4569
1553
2525
1463
2475
1503
2495
1522
2665
1542
2474
1393
2495
1503
2475
1523
2565
1743
2184
1603
2104
1422
2504
1433
2555
1372
2705
2285
1523
2284
1483
2133
1382
2264
1462
2184
1473
2084
1493
2094
1463
2194
1393
2245
1483
2204
1463
2224
1573
2154
1543
2084
1483
2234
1413
2615
2485
1633
2695
2465
2735
2104
2404
2084
2635
1773
2525
1894
2605
2775
2735
2525
2485
2345
1964
2415
2525
3998
2625
2525
2455
1914
2355
2535
1864
2755
2624
2695
2866
2064
2504
2495
1954
2745
2715
1983
2715
2544
2715
2866
1903
4528
4709
1904
2364
1884
2495
2705
2004
2655
2505
1853
2334
2384
2815
1974
2635
2755
2685
2645
2004
2726
2555
1933
2565
2725
1974
2965
2605
2695
2425
2625
2705
2615
2805
2575
2735
2615
2685
2635
2615
2755
2545
2845
2635
2585
2625
2584
2775
2635
2695
7835
2484
2665
2605
2474
2625
2555
3767
2725
2805
2705
2625
2515
2484
2695
2686
2956
2635
2435
2635
2494
2715
2675
2655
2404
3085
2594
2745
2816
2564
2675
2715
2726
2555
2535
2415
2806
2725
2785
2625
2544
2655
2675
4819
2775
2745
2444
2895
2715
2444
2374
2524
2905
3798
2435
2695
2766
2815
2465
2645
2745
2885
2565
2535
2474
2615
2685
2605
2715
2745
2535
2695
2505
2504
2765
2835
2655
2565
2665
2325
2705
2665
2836
2575
2765
2484
2545
2625
2635
2726
2645
2284
2755
2675
2404
2534
2906
2374
2495
2495
2695
2545
2775
2695
2424
2775
2504
2695
2455
2415
2494
2765
2716
2545
2705
2705
2675
2786
2695
2535
2494
2354
2565
2585
2374
2524
2404
2555
2675
2605
2414
2705
2545
2695
5040
2434
1963
2274
1523
2645
2715
2565
2665
2435
2665
1833
2635
2705
2595
2594
1924
2675
2555
2615
2705
2535
1874
2595
1894
2605
2324
2966
2685
2565
1803
2605
1904
2736
2715
2574
2826
1933
2655
2625
2535
2625
2986
2595
2685
2835
2675
2665
2705
2675
2706
2004
2475
2685
2665
2645
2725
2685
2705
2565
2604
2495
2615
2635
2545
1974
2585
2625
2685
2525
2305
1984
2755
1863
2755
1934
2845
1914
2535
2756
2585
2745
2755
2485
2414
2615
2685
2003
2785
1904
2695
2665
2564
2595
2455
2555
2755
2675
2405
1974
2525
1924
2545
2605
2134
2875
2204
2505
2504
2525
2665
2044
2575
2624
2404
2575
2464
1964
2715
2765
2645
2706
2765
2444
2655
2595
2575
2545
2595
5090
2685
2564
2604
1974
2555
1913
2705
2625
2565
2545
2685
2665
2695
2595
2715
2595
1873
2635
2605
2695
2575
2786
2044
2514
1953
2515
2274
2584
2285
2014
2594
2695
2454
2696
2735
1493
2605
2304
2595
2956
2525
1814
2635
2564
2545
2935
2465
2675
2605
4679
2545
1944
2765
1864
2686
2645
2585
2655
1884
2545
2675
2435
2584
2124
2685
2695
2565
2705
2495
2615
4699
2755
2915
2655
1924
2715
1974
2685
2665
2315
2525
2856
2545
2464
2625
2605
2695
2034
2505
1783
2494
2565
2645
2004
2786
2003
2635
2464
2595
2394
1883
2605
2625
2464
2465
2414
2605
2625
1994
2334
1944
2585
4920
2645
2585
2665
2495
2715
2445
2565
2294
2344
2504
2865
2425
1974
2675
2524
2535
2054
2394
1793
2665
1924
2415
2585
2615
2414
4479
2715
2665
2374
2384
2946
2665
2756
2575
2594
2645
2434
2425
1873
2775
2615
2384
1884
2585
1893
2846
2605
2354
2014
2375
1874
2685
2615
2685
2585
2625
1904
2535
1954
2475
2655
2575
2886
2805
1463
2375
2565
1472
2405
2645
2355
2715
2324
2535
2756
2525
2825
2896
2515
2655
2554
2695
2675
2585
2535
2355
2645
2284
2595
2755
2545
2033
2535
1934
2605
1393
2675
6622
2435
2434
2695
1432
2445
2565
3006
2445
3156
1873
2525
1944
2514
2625
2525
2575
2404
2685
1863
2685
2625
2685
2575
2485
2315
2665
2415
2364
1934
2805
2565
2655
2535
2765
1973
2905
1843
2736
2464
2064
2554
2585
2655
2535
1854
2535
2484
2625
1924
2705
2074
2655
2385
2715
2545
2745
2384
2705
2445
2445
2444
1893
2645
2745
2635
2645
1904
2675
2524
1433
2454
2284
2405
2535
2635
2515
2395
2614
2585
2695
2605
2635
2645
1913
2474
2535
1833
2916
2505
3216
2435
2604
2345
3506
2464
2615
2655
4288
2555
2415
2454
2595
2505
2585
2524
2474
2465
2565
2375
1563
2604
2805
2765
2395
2284
2825
2385
2775
1823
2655
2524
1853
3898
2234
2805
2004
2365
1914
2886
2334
2895
2033
2735
1783
3847
1953
3036
2865
2415
4158
1984
2655
1933
4128
2735
2535
2454
2705
2956
2775
3026
1923
2745
1844
2825
1763
2355
3306
2665
2785
1853
2655
2595
1432
2745
2505
2755
2324
1312
2705
2595
2906
2785
2485
2886
2645
3747
2766
3717
3797
3837
1533
2725
1473
2805
1543
2705
1453
2746
1452
2655
2975
2454
1593
2505
2926
2514
1533
2424
1463
2605
1463
2484
1452
2625
1513
2635
1523
2535
1463
2625
1473
2585
1453
2645
1372
2555
4909
2534
1583
2615
1473
2725
1513
2765
1452
2745
1462
2645
1533
2665
1462
4899
1493
3616
1563
2675
1493
2745
1453
2485
1503
2775
1513
3396
1503
2605
1472
2825
1562
2715
2495
2324
2574
2445
2825
2475
2565
2695
2625
2685
2755
2615
2584
2875
2655
2434
2314
2545
2675
5701
2655
2695
5190
2585
2595
2555
2525
2675
2465
2595
2695
2585
2325
2364
2585
2685
2545
4368
2555
2395
2725
2495
2585
2985
2565
2855
2685
2414
2705
2685
2505
2805
2454
2715
2665
2495
2524
2525
2525
2645
2605
2415
2565
2585
2845
2435
2435
2715
2805
2455
1984
2494
1864
2574
2675
2665
2424
2675
2544
2715
2445
2524
2535
2615
2494
1794
2565
2715
2485
2354
1983
2475
2003
2845
2555
2184
2504
2504
2454
2454
1813
2575
2575
2445
2345
2375
2044
2515
5250
2535
2635
2294
2605
1984
2544
1863
2746
2585
2745
2815
1904
2505
2725
2615
2585
2615
1903
2445
2615
2555
2635
2024
2474
2554
2494
1893
2655
2435
2594
2565
2504
2455
2806
2665
2424
2475
2575
2615
2434
2494
2766
2655
2455
4989
2615
2575
2745
2464
2475
2574
2615
2745
2595
2865
2395
2334
2484
2555
2735
2524
2655
2515
2525
2634
2665
2735
2685
2585
2575
2765
2625
2665
2504
2585
2655
2525
2495
2605
2625
2335
2725
2635
2495
2565
2765
2775
2735
2695
2505
2795
2565
2835
2495
2876
2565
2675
2515
2896
2484
2675
3818
2685
2595
2003
2505
2635
1873
2645
2585
1883
2545
2665
1853
4529
2625
1924
2635
2685
1973
2625
2825
2495
2675
2635
1923
2645
2675
1914
2775
2645
1893
2574
2685
2605
3887
2445
2515
1984
2574
2565
1884
2554
2604
1874
2645
2655
1803
2665
2645
1983
2594
2755
1914
2564
2635
2745
1933
2795
2736
1994
2665
2645
1934
2615
2485
1994
2705
2685
1763
2705
2365
2004
3006
2445
1804
2434
2444
2324
1984
2796
2204
2474
2084
2665
1893
2915
2905
2645
2755
2595
2575
2806
2645
2635
2535
2555
2254
2585
2345
2445
2615
2275
2655
2695
2725
2414
2585
2605
2525
2424
2495
2665
2615
2685
2605
5149
2655
2474
2444
2575
2504
2795
2415
2705
2615
2374
2414
2886
2625
2645
2635
2364
2695
4839
2735
2735
2565
2585
2685
2795
2625
2655
2625
2696
2614
2645
2635
2765
2575
2595
2525
2615
4949
2595
2534
2665
2555
2625
2495
2745
2695
2604
2555
2615
2695
2815
2675
2786
2695
2334
2665
2485
2765
2846
2495
2805
2605
2594
2625
2695
2665
2334
2314
2675
5601
2675
2635
2765
2795
2535
2484
4859
2565
2485
2725
2515
2524
2755
2735
2716
2615
2695
2755
2655
2584
2655
2575
2665
2966
2645
2755
2665
2575
2495
2434
2705
2574
2625
2695
2605
2605
2515
2565
2685
2686
2634
2776
2645
2364
2544
2525
2625
2535
2625
2645
2584
2585
2425
3576
2595
2405
2474
2515
2514
2504
2304
2595
2615
4048
2875
2816
2695
2935
2525
2966
2866
2695
2985
2825
2675
2846
2535
2675
2545
2635
3046
2605
3616
2625
3777
2615
2856
2535
2985
2555
2444
2655
2615
2545
2595
5219
4528
2635
3376
2655
2805
2685
2575
2896
2605
2314
2435
2615
2605
2615
2335
2424
2655
2515
4398
2404
2595
2695
2675
2635
2404
2595
2615
2605
2665
2604
1963
2665
2635
1894
2725
2365
2695
2565
2675
2675
2665
2565
2565
2765
2595
2505
2415
2595
2555
2454
2605
2505
2655
2375
2525
2635
2344
2354
2305
2565
2334
2645
2464
2605
2554
2685
2334
2585
2544
2345
2514
2685
2415
2575
2655
2304
2395
2575
2334
2594
2434
2695
2505
2375
2395
2735
2455
2625
2354
2394
2474
2265
2565
2434
2355
2484
2405
2505
2564
2505
2695
2565
2395
2705
2545
2444
2585
2675
2525
2565
2585
2635
2485
2555
2645
2415
2535
2594
2695
2615
2515
2435
2535
2544
2584
2364
2655
2585
2315
2625
2635
2274
2565
2514
2485
2554
2564
2635
12754
2605
2726
2745
2485
2555
2665
6351
2554
2725
2444
2585
2585
2765
2475
2544
2374
2355
2625
2635
2625
2564
2895
2555
2685
2525
2575
2645
2474
2565
2805
2414
2585
2634
2515
2545
2745
2855
2605
2715
2595
2524
2745
2464
2575
2555
2515
2635
2454
2705
2495
2725
2675
2474
2725
2655
2505
2545
2855
2434
2635
2705
2564
2574
2495
2455
2355
2634
2535
2394
2394
2615
2544
2545
2625
2424
2645
2464
2685
4879
2615
2614
2855
2595
2465
2554
2535
2755
2705
2635
2505
2605
2424
2585
2494
2554
2645
2595
2615
2876
2515
2585
2594
2585
2484
2545
2584
2815
2675
2635
2525
2464
2524
2564
2485
2404
2454
2574
2635
2524
2495
2515
2505
2414
2564
2405
2445
2645
4839
2505
2625
2585
2384
2565
2425
2505
2544
2304
2414
2415
2395
2434
2364
2515
2475
2384
2504
2445
2434
2444
2354
2375
2495
2395
2535
2475
2665
4248
2345
2475
2455
2415
2344
2625
2585
2354
2475
2454
2545
3526
2415
2444
4749
2495
2354
2545
2575
2375
2454
2535
2364
2595
2405
2475
2585
2625
2535
2505
2535
2515
2475
2485
2515
2414
2595
2925
2595
2705
2514
2565
2535
2555
2404
2415
2494
2394
2455
2384
2395
2605
2164
2375
2595
2445
2294
2675
6843
4067
2575
2695
2624
2605
2836
2565
2715
2635
2495
2645
2575
2415
2645
2374
2475
2485
2524
2695
4919
2374
2765
2725
2395
2355
2395
2555
2274
2475
2274
2305
2635
2525
2725
2414
2395
2294
2565
2555
2375
2504
2304
2284
2515
2495
2254
2445
2575
2444
2184
2615
2585
2434
2665
2555
2565
2414
2555
2264
2655
2655
2515
2384
2545
2535
2545
2434
2495
2505
2365
2304
2344
2324
2424
2354
2464
2344
2585
2414
2274
2325
2294
2495
3277
2505
2224
2755
2444
2315
2574
2585
2515
2645
1754
2495
4739
2435
2375
2494
2624
2555
2315
2295
2254
2574
2625
2294
2535
2495
2395
2305
2374
2665
2284
2284
2325
2284
2314
2725
2304
2405
2295
2645
2525
2344
2355
2504
2525
2555
2284
2375
2445
2365
2415
2585
2284
2194
2455
2455
2625
2265
2415
2264
2234
2695
2484
2454
2174
2544
2334
2475
2445
2244
2354
2394
2314
2314
2394
2345
2214
2515
2675
2575
2585
2334
2514
2515
2575
2464
2244
2395
2305
2685
2435
2475
2244
4789
2244
2164
2354
2445
2324
4238
2495
2294
2465
2595
2515
2355
2525
2535
2404
5480
4058
2605
2304
2294
2434
2625
2475
2685
2444
2534
2474
2144
2514
2405
2344
2545
2615
2544
2395
2384
2234
2434
2525
2524
2535
2434
2505
2465
2514
2505
2575
2474
2384
2234
2574
2575
2434
2625
2484
2595
2294
2324
2264
2375
2385
2425
2335
2404
2455
2495
2495
2184
2465
2445
2515
2495
2334
2494
2655
2585
2505
2324
2355
2385
2244
2445
2475
2344
2575
2425
2484
2264
2444
2465
